0 0.7380751743912697 0.6662888452410698 0.06262607872486115 0.17849968373775482
0 0.014189393023116281 0.5694874972105026 0.028341878205537796 0.13976368308067322
0 0.8929078355431557 0.6989298239350319 0.07181139290332794 0.18475277721881866
0 0.28464091941714287 0.6238604635000229 0.03644206374883652 0.1714625060558319
0 0.748474907130003 0.5947230756282806 0.05669345706701279 0.13668018579483032
0 0.19330299459397793 0.6611105799674988 0.060539375990629196 0.17914330959320068
0 0.9570510163903236 0.7095329388976097 0.08488722145557404 0.17353837192058563
0 0.4028243478387594 0.44430867582559586 0.033232998102903366 0.08058442175388336
0 0.3185818437486887 0.5340601466596127 0.033144641667604446 0.12474428862333298
0 0.23532171547412872 0.582553043961525 0.0493311882019043 0.19143065810203552
0 0.1835953053086996 0.5658533051609993 0.041644882410764694 0.10640300810337067
0 0.5397618412971497 0.5152174942195415 0.0310516357421875 0.12013503164052963
0 0.5727936625480652 0.4617776535451412 0.03716683387756348 0.0893811509013176
0 0.4930526427924633 0.4945213496685028 0.03962817043066025 0.12107276916503906
0 0.9663006439805031 0.6518794745206833 0.06673784554004669 0.09964451193809509
0 0.2913815500214696 0.517360370606184 0.023333096876740456 0.05700340121984482
0 0.47006253618746996 0.5126892291009426 0.02711811102926731 0.07637392729520798
0 0.44454833306372166 0.4897788316011429 0.02951197698712349 0.10234752297401428
0 0.5392999295145273 0.45869699865579605 0.03408079221844673 0.055488839745521545
0 0.5288738962262869 0.4453132152557373 0.029645871371030807 0.07682579755783081
0 0.5487657068297267 0.4473326485604048 0.022830819711089134 0.041933950036764145
0 0.4371801968663931 0.4476405419409275 0.025875043123960495 0.05575031787157059
0 0.4488813877105713 0.45067887753248215 0.03656578063964844 0.048400625586509705
0 0.29067338071763515 0.4919602684676647 0.02089865133166313 0.06405647844076157
