0 0.018962426111102104 0.6899574622511864 0.03792485222220421 0.1514989584684372
0 0.5495731234550476 0.53872349858284 0.03164339065551758 0.13870841264724731
0 0.15505998954176903 0.6775687262415886 0.053407035768032074 0.17672954499721527
0 0.33086060360074043 0.468046348541975 0.031454898416996 0.09515257924795151
0 0.2452900167554617 0.5316707156598568 0.04707927629351616 0.11792229861021042
0 0.12561712227761745 0.6016686409711838 0.05673561617732048 0.13677474856376648
0 0.26854805275797844 0.49418123066425323 0.0403919443488121 0.10767796635627747
0 0.15604504011571407 0.5335448309779167 0.048163365572690964 0.08678732812404633
0 0.4021386504173279 0.6227083876729012 0.04025888442993164 0.17981161177158356
0 0.4815853238105774 0.5709838420152664 0.031049489974975586 0.13121214509010315
0 0.48328796587884426 0.5004031397402287 0.02458352968096733 0.06904102116823196
0 0.41871072072535753 0.5110984481871128 0.031171703711152077 0.06293017417192459
0 0.45108755864202976 0.49534546583890915 0.02333097532391548 0.0570787638425827
