0 0.43791088461875916 0.5183989629149437 0.04907941818237305 0.1519489735364914
0 0.32713989168405533 0.6548759266734123 0.07676000893115997 0.2052736133337021
0 0.5983121749013662 0.6081700176000595 0.03730149194598198 0.19696006178855896
0 0.5469668619334698 0.7451736629009247 0.04839029163122177 0.44813674688339233
0 0.38761854730546474 0.3224576264619827 0.025227617472410202 0.07967808842658997
0 0.8059535510838032 0.4437595158815384 0.03311572223901749 0.09844127297401428
0 0.3576414044946432 0.46239546686410904 0.06059868261218071 0.14701516926288605
0 0.7976147178560495 0.34759626165032387 0.03523831441998482 0.06764895468950272
0 0.16376388352364302 0.326956607401371 0.028572237119078636 0.07187362015247345
0 0.22193685732781887 0.3431119732558727 0.02493889257311821 0.074427030980587
0 0.8934716936200857 0.3771576154977083 0.027582358568906784 0.05985024943947792
0 0.9731482742354274 0.35922304913401604 0.03067789040505886 0.06363304704427719
0 0.3400432225316763 0.40756677836179733 0.027508806437253952 0.06479369103908539
0 0.936659824103117 0.36348409950733185 0.04085864871740341 0.08646377921104431
0 0.3602375444024801 0.3270890973508358 0.015929173678159714 0.07508587092161179
0 0.2912181857973337 0.35848233103752136 0.03280000761151314 0.07142764329910278
0 0.1842803331092 0.3236861154437065 0.027348065748810768 0.0664467066526413
0 0.8860832331702113 0.33589375764131546 0.015486335381865501 0.03597761690616608
0 0.9604430319741368 0.32002947852015495 0.015345001593232155 0.03127547353506088
