0 0.40367768332362175 0.710645779967308 0.05289187282323837 0.23008498549461365
0 0.6395558230578899 0.6707157418131828 0.08471979945898056 0.19196103513240814
0 0.9268256649374962 0.8862796202301979 0.13559655845165253 0.2268504649400711
0 0.22563019767403603 0.42948780953884125 0.06037811189889908 0.1013728678226471
0 0.14020773209631443 0.3839159235358238 0.045702625066041946 0.05740712583065033
0 0.5760836955159903 0.4951888956129551 0.03800816461443901 0.12145758420228958
0 0.5949165113270283 0.38970283791422844 0.03941021114587784 0.07188453525304794
0 0.0934297014027834 0.3908769078552723 0.0461416132748127 0.072728730738163
0 0.282895278185606 0.38778137415647507 0.04232575744390488 0.08007852733135223
0 0.3451428357511759 0.41591625288128853 0.04138903692364693 0.06866196542978287
0 0.3227167669683695 0.5633610859513283 0.046767640858888626 0.1601710468530655
0 0.5542685631662607 0.4104219749569893 0.03666524961590767 0.07547213137149811
0 0.3106381241232157 0.4727499857544899 0.04693739488720894 0.1179630309343338
0 0.6315015200525522 0.38711681962013245 0.03720836713910103 0.06983822584152222
0 0.23775886557996273 0.3947521708905697 0.03929097577929497 0.06906437128782272
0 0.6287641637027264 0.3675730265676975 0.03854241222143173 0.06722743064165115
