0 0.029096068639773875 0.6390585228800774 0.058032721281051636 0.15018831193447113
0 0.3228868190199137 0.7802460491657257 0.05344038084149361 0.2676350474357605
0 0.1433681920170784 0.8331524729728699 0.06519109010696411 0.3263688087463379
0 0.2578650899231434 0.6971061527729034 0.05320928245782852 0.23888736963272095
0 0.3754416462033987 0.7078576758503914 0.03814966604113579 0.20454932749271393
0 0.4097829945385456 0.6799863502383232 0.04191765934228897 0.2267007678747177
0 0.1685014721006155 0.5846355184912682 0.04321176931262016 0.16317634284496307
0 0.23275990411639214 0.5442717745900154 0.06710024923086166 0.1322583109140396
0 0.09469480253756046 0.6021955013275146 0.045125920325517654 0.12068498134613037
0 0.2955021746456623 0.6820954605937004 0.045903898775577545 0.22852550446987152
0 0.1427333615720272 0.582620020955801 0.0549640879034996 0.11913036555051804
0 0.12835706770420074 0.5890465974807739 0.03962463140487671 0.11284446716308594
0 0.15981991309672594 0.5013147871941328 0.016273463144898415 0.052628155797719955
0 0.24518769048154354 0.49794764816761017 0.04176754876971245 0.06125912070274353
0 0.13195843435823917 0.514382716268301 0.01723884418606758 0.047889284789562225
0 0.11241874378174543 0.5294950529932976 0.013966357335448265 0.049987539649009705
