0 0.6862066872417927 0.5233420357108116 0.05356249958276749 0.1797228902578354
0 0.5480226632207632 0.3354312516748905 0.020923089236021042 0.08500940352678299
0 0.7791538955643773 0.43764155358076096 0.02623310126364231 0.15730451047420502
0 0.7541503421962261 0.4324732571840286 0.03753628581762314 0.15810129046440125
0 0.4633552310988307 0.31286873668432236 0.0228103157132864 0.08023999631404877
0 0.49390088953077793 0.35832661762833595 0.022156286984682083 0.07560420781373978
0 0.5188693813979626 0.5335961878299713 0.0664602741599083 0.19168603420257568
0 0.5675478093326092 0.5625395402312279 0.08238115161657333 0.2218618243932724
0 0.44139263592660427 0.2825973127037287 0.019545983523130417 0.04739411547780037
0 0.6661838889122009 0.33244940638542175 0.027427196502685547 0.07250559329986572
0 0.33220307901501656 0.31589245423674583 0.047660090029239655 0.05651777237653732
0 0.4146599294617772 0.28748365864157677 0.013941669836640358 0.04460131376981735
0 0.6005553491413593 0.47716547548770905 0.04793892055749893 0.1442795693874359
0 0.6430134773254395 0.3143983706831932 0.027126073837280273 0.07502435147762299
0 0.38774573244154453 0.290752787142992 0.016546178609132767 0.05719432979822159
0 0.3728423956781626 0.29874278977513313 0.01678018644452095 0.04644010215997696
0 0.35733128152787685 0.3003834281116724 0.02749915048480034 0.05066170170903206
0 0.503812039270997 0.32228450663387775 0.021138478070497513 0.060089025646448135
0 0.5120626925490797 0.3198405019938946 0.014732885174453259 0.06311043351888657
0 0.3496472593396902 0.3016768116503954 0.021116923540830612 0.05054068937897682
0 0.6469882009550929 0.33288081735372543 0.03093275986611843 0.06782566010951996
