0 0.6736842878162861 0.5192568078637123 0.05757627636194229 0.18358959257602692
0 0.5406884308904409 0.33611423522233963 0.019301842898130417 0.08206577599048615
0 0.5677222982048988 0.5370642393827438 0.08937616646289825 0.2589983642101288
0 0.7402592189610004 0.4241999313235283 0.03716931492090225 0.14732013642787933
0 0.5173691101372242 0.5398551300168037 0.0720733180642128 0.20950312912464142
0 0.7652155756950378 0.4316294938325882 0.026676654815673828 0.16091302037239075
0 0.6471467856317759 0.3226415477693081 0.04707841947674751 0.09589719027280807
0 0.42918449081480503 0.28083899803459644 0.021055985242128372 0.04400861635804176
0 0.4533451972529292 0.31028685718774796 0.02013406716287136 0.07608570158481598
0 0.48590877652168274 0.3516860641539097 0.020656824111938477 0.08688998967409134
0 0.5002030907198787 0.32340630888938904 0.021390056237578392 0.07009470462799072
0 0.40334777254611254 0.2791385352611542 0.013938331976532936 0.0488433837890625
0 0.31773064099252224 0.31449041701853275 0.027353238314390182 0.054284412413835526
0 0.4359775064513087 0.2558298110961914 0.010267829522490501 0.0277099609375
0 0.3764261305332184 0.2823613341897726 0.014994263648986816 0.05560798570513725
0 0.3366431053727865 0.3126638513058424 0.021562885493040085 0.062334295362234116
