0 0.5189837217330933 0.708354115486145 0.06337141990661621 0.20623719692230225
0 0.7784638181328773 0.7139791697263718 0.11203236877918243 0.22060415148735046
0 0.4047987163066864 0.5873552411794662 0.05518138408660889 0.15578529238700867
0 0.5985765811055899 0.5205571092665195 0.04211873933672905 0.11585498601198196
0 0.9766363259404898 0.7703949138522148 0.04667968675494194 0.15598855912685394
0 0.1369843017309904 0.41188187524676323 0.04952723905444145 0.08754827827215195
0 0.5526463389396667 0.4325706996023655 0.04071545600891113 0.0843818262219429
0 0.41185581125319004 0.43355802446603775 0.042878199368715286 0.06835581362247467
0 0.3760036416351795 0.4989047273993492 0.0480557456612587 0.12153570353984833
0 0.2776802536100149 0.41186655685305595 0.034768056124448776 0.08126708120107651
0 0.3150333520025015 0.45074955001473427 0.036144088953733444 0.056232281029224396
0 0.1930985301733017 0.4026368800550699 0.04449957609176636 0.06230210140347481
0 0.6268224362283945 0.3974052667617798 0.025013495236635208 0.05568724870681763
0 0.32839031238108873 0.4280346520245075 0.030265117064118385 0.07430712133646011
0 0.5805099010467529 0.397772166877985 0.03142857551574707 0.06932330876588821
0 0.5997735979035497 0.39204178377985954 0.023872995749115944 0.05335082858800888
0 0.3082870487123728 0.38090440817177296 0.01570718362927437 0.03608453646302223
0 0.5854405043646693 0.4151134826242924 0.024177169427275658 0.06169361621141434
0 0.5969476941972971 0.37670931592583656 0.02608184888958931 0.06389469653367996
