0 0.3742789216339588 0.6961540058255196 0.04769489914178848 0.2234741598367691
0 0.6057533510029316 0.6848949119448662 0.10386238247156143 0.21285532414913177
0 0.30207222141325474 0.5567260161042213 0.047141123563051224 0.15203441679477692
0 0.2053010705858469 0.44263651594519615 0.06205521896481514 0.10884081572294235
0 0.8886795863509178 0.8726058304309845 0.12888412177562714 0.25402551889419556
0 0.33235448598861694 0.422787394374609 0.04242217540740967 0.0809360072016716
0 0.5537027474492788 0.40782370045781136 0.038503360003232956 0.06887940317392349
0 0.1334792710840702 0.3901490122079849 0.04397330433130264 0.07111725211143494
0 0.9253274202346802 0.8192371651530266 0.11713218688964844 0.20079277455806732
0 0.5774406678974628 0.4981941170990467 0.039051152765750885 0.1194712296128273
0 0.2269327100366354 0.38543129712343216 0.03876156732439995 0.06361223757266998
0 0.5988037344068289 0.390776339918375 0.03543562814593315 0.08031512051820755
0 0.2734609302133322 0.39034679159522057 0.04311687871813774 0.08654587715864182
0 0.8495346084237099 0.9451266191899776 0.09942622482776642 0.10878007858991623
0 0.29282491840422153 0.4672100991010666 0.04624514654278755 0.11809781193733215
0 0.6426426880061626 0.3814198225736618 0.034587763249874115 0.06679555773735046
0 0.08097800426185131 0.3902280032634735 0.039659034460783005 0.06610327959060669
0 0.23415096383541822 0.4107103757560253 0.02729806862771511 0.0582285150885582
0 0.08695172891020775 0.40427571535110474 0.0328921303153038 0.05975151062011719
0 0.6342342970892787 0.3540417868643999 0.024152135476469994 0.048641566187143326
