0 0.7092495448887348 0.7535324394702911 0.0981668010354042 0.22306722402572632
0 0.5511121526360512 0.645500935614109 0.078565314412117 0.17903073132038116
0 0.8977615460753441 0.7231104448437691 0.08851222693920135 0.1911541372537613
0 0.21606800332665443 0.42641938105225563 0.03712502866983414 0.08068478852510452
0 0.9842282179743052 0.6991996169090271 0.0315435416996479 0.11121618747711182
0 0.016237955540418625 0.5063150264322758 0.03247591108083725 0.0861048772931099
0 0.6361946705728769 0.5524271503090858 0.04985790327191353 0.13073362410068512
0 0.4040348529815674 0.45632506906986237 0.05432689189910889 0.11293581128120422
0 0.4753074049949646 0.4800696521997452 0.054514408111572266 0.1407584249973297
0 0.2702314369380474 0.42631492018699646 0.03894152492284775 0.07574844360351562
0 0.3347155749797821 0.43134623020887375 0.032254576683044434 0.06999240815639496
0 0.3681743685156107 0.438836894929409 0.03481190279126167 0.08749876916408539
0 0.5658690445125103 0.45423053205013275 0.041048191487789154 0.08856502175331116
0 0.5671211238950491 0.41893163695931435 0.04232020303606987 0.04753286391496658
0 0.5954092741012573 0.42134246602654457 0.021831512451171875 0.06256145983934402
0 0.5801260592415929 0.4148971922695637 0.0261856559664011 0.045735932886600494
