0 0.16375331208109856 0.46892784535884857 0.06086447089910507 0.13358697295188904
0 0.4570347722619772 0.8980080336332321 0.05420226976275444 0.20398399233818054
0 0.44740813970565796 0.5302996411919594 0.04396653175354004 0.1763378530740738
0 0.532851330935955 0.5315428897738457 0.06953100860118866 0.18628887832164764
0 0.34282804653048515 0.5797284543514252 0.05931546539068222 0.21861940622329712
0 0.36145151779055595 0.4231875315308571 0.042744897305965424 0.11039949953556061
0 0.23311967216432095 0.44874364137649536 0.03469819948077202 0.08540374040603638
0 0.285369623452425 0.43805475905537605 0.04048476368188858 0.12186995893716812
0 0.32265097461640835 0.4163637161254883 0.0193449966609478 0.10613763332366943
0 0.3919636132195592 0.4903844818472862 0.029922986403107643 0.11844198405742645
0 0.2572562154382467 0.4249419644474983 0.034058403223752975 0.10783089697360992
0 0.34436976350843906 0.9495472125709057 0.04299621656537056 0.10028906911611557
0 0.43529015220701694 0.48964864388108253 0.024776268750429153 0.10995394736528397
0 0.27467852272093296 0.9411078281700611 0.041210222989320755 0.11711815744638443
0 0.245000088121742 0.38996159099042416 0.014401364140212536 0.03663669154047966
0 0.28851369582116604 0.3820206820964813 0.024764608591794968 0.049401938915252686
0 0.5065283952280879 0.4699469245970249 0.01659378968179226 0.062068767845630646
