0 0.8071697354316711 0.6282168030738831 0.05849337577819824 0.27742528915405273
0 0.5244550816714764 0.6388797834515572 0.0726558193564415 0.24558283388614655
0 0.8985841628164053 0.5163813680410385 0.039191436022520065 0.21285799145698547
0 0.8614925388246775 0.5003699883818626 0.040029335767030716 0.19757215678691864
0 0.6352494470775127 0.6236255913972855 0.12454500049352646 0.32907649874687195
0 0.5389609215781093 0.3779617100954056 0.03046426735818386 0.10699418187141418
0 0.5942439083009958 0.3689190708100796 0.02578716352581978 0.07972549647092819
0 0.6905279280617833 0.3564211502671242 0.03094306029379368 0.1036653071641922
0 0.7171922922134399 0.3670918121933937 0.030601024627685547 0.08168686926364899
0 0.5806494830176234 0.33626602217555046 0.02456197701394558 0.07736750692129135
0 0.4897738518193364 0.3091968148946762 0.019081974402070045 0.047967106103897095
0 0.4569450970739126 0.3104605320841074 0.02166910097002983 0.06053047254681587
0 0.3870579842478037 0.3325432352721691 0.03545587137341499 0.07447852939367294
0 0.5194653868675232 0.35088009387254715 0.032569169998168945 0.07449169456958771
0 0.43691564816981554 0.3127198815345764 0.025708818808197975 0.07801949977874756
0 0.524261879734695 0.2983044572174549 0.023319339379668236 0.04322937875986099
0 0.5230291727930307 0.3304484449326992 0.03580956533551216 0.06267821043729782
0 0.4129539132118225 0.327007707208395 0.03383231163024902 0.08279793709516525
0 0.7075526239350438 0.3156623337417841 0.015863562002778053 0.0369202084839344
0 0.4981157183647156 0.2802351647987962 0.01753830909729004 0.03026782162487507
0 0.42072154954075813 0.31465377658605576 0.03829655796289444 0.07291613519191742
