0 0.7728443145751953 0.7531744837760925 0.11569809913635254 0.21778368949890137
0 0.5906635746359825 0.6556802317500114 0.07274274528026581 0.17401789128780365
0 0.9173410311341286 0.7678912580013275 0.09110565483570099 0.2464328408241272
0 0.6508031003177166 0.5712378323078156 0.05376710742712021 0.1369803547859192
0 0.9754625912755728 0.7031116709113121 0.04907483980059624 0.133229061961174
0 0.2385512925684452 0.4448252096772194 0.040879227221012115 0.09108950197696686
0 0.48969225212931633 0.4898606464266777 0.05879344791173935 0.13826815783977509
0 0.4194556288421154 0.45450231060385704 0.04699220508337021 0.08782535046339035
0 0.3836889322847128 0.4524718262255192 0.04377849027514458 0.09633708745241165
0 0.05340223200619221 0.5015593580901623 0.05769696831703186 0.11937620490789413
0 0.015456165574505576 0.5051029324531555 0.030857909470796585 0.082541823387146
0 0.3499328140169382 0.44493425637483597 0.03181808069348335 0.08281250298023224
0 0.28962887451052666 0.4309917353093624 0.03616669028997421 0.0676497146487236
0 0.5632069818675518 0.45694902911782265 0.041583918035030365 0.08133269101381302
0 0.5727376695722342 0.4308224208652973 0.03296346589922905 0.07249221950769424
0 0.5506382109597325 0.42650532349944115 0.021610403433442116 0.04976993054151535
0 0.5705164670944214 0.4739551432430744 0.037518978118896484 0.05395630747079849
