0 0.5581795461475849 0.6716411784291267 0.0897885337471962 0.2016604095697403
0 0.35214046761393547 0.6613934934139252 0.0521480068564415 0.19303470849990845
0 0.18759551271796227 0.4300488904118538 0.05627574771642685 0.10149277746677399
0 0.8962144702672958 0.8655945360660553 0.1328807771205902 0.2667260766029358
0 0.2214861512184143 0.38876041769981384 0.042160868644714355 0.06433326005935669
0 0.28251110948622227 0.529687374830246 0.04204456880688667 0.14000380039215088
0 0.5573755856603384 0.40754829719662666 0.03454894945025444 0.0920247808098793
0 0.6524831531569362 0.3710068538784981 0.030481433495879173 0.08964623510837555
0 0.26699453219771385 0.3764251470565796 0.03901555389165878 0.07550305128097534
0 0.12207244895398617 0.38276780769228935 0.03961057588458061 0.05376853793859482
0 0.764003574848175 0.9426605366170406 0.06173896789550781 0.11343281716108322
0 0.3158310055732727 0.4182729013264179 0.04093289375305176 0.06849543005228043
0 0.8532675504684448 0.8704342544078827 0.13111400604248047 0.2571914792060852
0 0.5814691185951233 0.48129795864224434 0.0483393669128418 0.11320558935403824
0 0.6113364938646555 0.385249774903059 0.03205614164471626 0.08045514672994614
0 0.28037759102880955 0.45693570375442505 0.04411439970135689 0.10437172651290894
0 0.07343347184360027 0.3862595520913601 0.03842608258128166 0.08437591046094894
