0 0.6054339520633221 0.5032266899943352 0.03848757594823837 0.12945501506328583
0 0.6518780589103699 0.40504050999879837 0.050768136978149414 0.14468593895435333
0 0.422245847992599 0.32784340158104897 0.01909503899514675 0.08989603072404861
0 0.48013193532824516 0.5359610021114349 0.08382954448461533 0.214779794216156
0 0.22536910139024258 0.2996279187500477 0.02633364126086235 0.07307902723550797
0 0.4773591812700033 0.32645997777581215 0.019513558596372604 0.07609350234270096
0 0.591980779543519 0.31931811198592186 0.024501610547304153 0.062809519469738
0 0.5682845832780004 0.3122773766517639 0.020594263449311256 0.07693701982498169
0 0.3835510490462184 0.3012170046567917 0.019628023728728294 0.06997188925743103
0 0.32107661943882704 0.2760177217423916 0.01719031296670437 0.04047887772321701
0 0.4469571951776743 0.3110134210437536 0.0175352580845356 0.04369417950510979
0 0.2513017598539591 0.3054100163280964 0.02469461038708687 0.0651429072022438
0 0.30748748779296875 0.28097914904356003 0.016179919242858887 0.047109052538871765
0 0.5298174023628235 0.4905690923333168 0.028280258178710938 0.08676935732364655
0 0.5408694501966238 0.42996975407004356 0.017615031450986862 0.052524738013744354
0 0.2775706648826599 0.2842632457613945 0.021372079849243164 0.05150805413722992
0 0.28502669325098395 0.25526202097535133 0.010968017391860485 0.025304920971393585
0 0.2695707380771637 0.2787998989224434 0.01773083209991455 0.051696375012397766
0 0.2699275314807892 0.29141518473625183 0.030980944633483887 0.04838591814041138
0 0.2556783827021718 0.2905312366783619 0.028775954619050026 0.05674389749765396
