0 0.02184576913714409 0.6761301010847092 0.04369153827428818 0.11431071162223816
0 0.602773797698319 0.5237814858555794 0.02477707900106907 0.1417725831270218
0 0.1549714244902134 0.6847256943583488 0.05299804359674454 0.18616913259029388
0 0.19934716448187828 0.5421318411827087 0.03991951793432236 0.127460777759552
0 0.12791217677295208 0.6150163188576698 0.046492528170347214 0.1571260243654251
0 0.2594023998826742 0.5066639669239521 0.03502650186419487 0.10163972526788712
0 0.4611265305429697 0.5869598612189293 0.05247144773602486 0.1571294516324997
0 0.5248582120984793 0.5405140891671181 0.0247010700404644 0.13538916409015656
0 0.3015228156000376 0.4700515866279602 0.02266876772046089 0.059789955615997314
0 0.46476197242736816 0.48147645592689514 0.0313568115234375 0.057437896728515625
0 0.49594852328300476 0.4756692387163639 0.02319645881652832 0.06169874221086502
0 0.5382116679102182 0.46859513595700264 0.02292804792523384 0.06803695112466812
0 0.32727164030075073 0.4384689349681139 0.023406505584716797 0.052561525255441666
0 0.46555308625102043 0.4610169194638729 0.033100031316280365 0.06701075285673141
0 0.30442854203283787 0.4419714994728565 0.024577904492616653 0.059453584253787994
