0 0.6633183471858501 0.5290219336748123 0.05837597697973251 0.2072606384754181
0 0.7353107817471027 0.4228365495800972 0.05380306392908096 0.1532238870859146
0 0.5573629625141621 0.524148553609848 0.08883295208215714 0.22340112924575806
0 0.5326594235375524 0.3330865316092968 0.020259762182831764 0.08144064992666245
0 0.44291167240589857 0.3073972128331661 0.02076873742043972 0.07549756020307541
0 0.507102120667696 0.5304332673549652 0.07025537639856339 0.20708203315734863
0 0.4769960641860962 0.3429282195866108 0.02205491065979004 0.09617797285318375
0 0.6279824255034328 0.31629856675863266 0.02914724312722683 0.08643542230129242
0 0.41541855316609144 0.2817369047552347 0.021776532754302025 0.041644562035799026
0 0.38970252266153693 0.2832510396838188 0.013237523846328259 0.036564573645591736
0 0.6490533109754324 0.3283652067184448 0.02714557573199272 0.06260144710540771
0 0.3059853073209524 0.3136620204895735 0.029954027384519577 0.05648290738463402
0 0.4940305771306157 0.3203273769468069 0.013745689764618874 0.06241626664996147
0 0.3633433640934527 0.2881019786000252 0.014629674144089222 0.04561193287372589
0 0.42229586839675903 0.2583412751555443 0.011457681655883789 0.024182721972465515
0 0.39260784396901727 0.25860332790762186 0.00838239211589098 0.019256548956036568
0 0.7534766793251038 0.3712903968989849 0.013731956481933594 0.04907991737127304
0 0.32631996273994446 0.307532986626029 0.02028179168701172 0.059849124401807785
0 0.3427701834589243 0.2975809723138809 0.02119426801800728 0.04560074210166931
0 0.3664025068283081 0.2613318208605051 0.009719491004943848 0.022224891930818558
0 0.346139257773757 0.28516904078423977 0.02104480192065239 0.0505182258784771
