0 0.5670940401032567 0.5296201854944229 0.02859058417379856 0.13509437441825867
0 0.019492026418447495 0.6752827353775501 0.03898405283689499 0.12216118723154068
0 0.25093310698866844 0.5256517268717289 0.04372122138738632 0.1230483129620552
0 0.41957077383995056 0.6001580059528351 0.04037332534790039 0.17183011770248413
0 0.327880060300231 0.4526878949254751 0.02248401567339897 0.05368919298052788
0 0.49677668791264296 0.5299995765089989 0.028843974694609642 0.14180468022823334
0 0.28749510645866394 0.46794331073760986 0.028862357139587402 0.08627539873123169
0 0.15573962964117527 0.6630415767431259 0.053964126855134964 0.1642729938030243
0 0.12690718844532967 0.6204529479146004 0.05923641473054886 0.16935314238071442
0 0.17587118968367577 0.5386996641755104 0.05103113502264023 0.08995433151721954
0 0.4377028401941061 0.4974873550236225 0.03860826417803764 0.09190110117197037
0 0.4712066054344177 0.48654623329639435 0.025777339935302734 0.07172092795372009
0 0.4345623143017292 0.524350356310606 0.0332852378487587 0.0956014022231102
