0 0.3878972716629505 0.6145427897572517 0.0451873317360878 0.17841245234012604
0 0.273989075794816 0.5702589452266693 0.041371870785951614 0.1659858226776123
0 0.6488475799560547 0.8024791479110718 0.07150697708129883 0.3250999450683594
0 0.7227778211236 0.7693409696221352 0.07343287765979767 0.21891017258167267
0 0.6760628707706928 0.3765304945409298 0.032854415476322174 0.0834963247179985
0 0.138302493840456 0.3992246650159359 0.03220663219690323 0.10473965853452682
0 0.6104557756334543 0.38509539887309074 0.02300434187054634 0.09585287421941757
0 0.231830770149827 0.47311050444841385 0.038214970380067825 0.17209608852863312
0 0.26673899590969086 0.35830240696668625 0.035946011543273926 0.07882283627986908
0 0.6225157622247934 0.47543618828058243 0.03907971456646919 0.08888109028339386
0 0.7366578225046396 0.355097696185112 0.04196600988507271 0.07533153891563416
0 0.06412160024046898 0.3509202878922224 0.03606618195772171 0.05853169783949852
0 0.1048485767096281 0.3632918559014797 0.034381818026304245 0.07307516783475876
0 0.4860916808247566 0.8753331303596497 0.06938739120960236 0.24887406826019287
0 0.22454786580055952 0.3620590269565582 0.026180362328886986 0.07285594940185547
0 0.2477292474359274 0.406842028722167 0.029305290430784225 0.059439849108457565
