0 0.2418462410569191 0.7788619995117188 0.06646697223186493 0.2140979766845703
0 0.40114979818463326 0.6264273971319199 0.037670351564884186 0.15878304839134216
0 0.21841592155396938 0.5482875034213066 0.03854401037096977 0.1097937673330307
0 0.07236402854323387 0.6378051936626434 0.05502047389745712 0.16707199811935425
0 0.10813676193356514 0.6699928045272827 0.07795343548059464 0.1921398639678955
0 0.33593919314444065 0.6290522888302803 0.05600719526410103 0.15946544706821442
0 0.24786139652132988 0.6310723349452019 0.06676175445318222 0.17078565061092377
0 0.1565282642841339 0.5817967653274536 0.03794354200363159 0.09706175327301025
0 0.27099308371543884 0.5240396559238434 0.047634124755859375 0.07924211025238037
0 0.29446884989738464 0.5748268291354179 0.03322887420654297 0.09094975888729095
0 0.13419649749994278 0.6091217994689941 0.039301276206970215 0.07296621799468994
0 0.08891479298472404 0.6735543757677078 0.08030495792627335 0.14035728573799133
0 0.2903882972896099 0.612198743969202 0.032868050038814545 0.0831182673573494
