0 0.3822225984185934 0.5428850054740906 0.0480693094432354 0.15615332126617432
0 0.5682944301515818 0.6800463050603867 0.05218510702252388 0.2588876187801361
0 0.311931436881423 0.5005793944001198 0.0463608019053936 0.15270419418811798
0 0.7995790364220738 0.37008415162563324 0.030751610174775124 0.09449943900108337
0 0.6575685627758503 0.8916792422533035 0.059217073023319244 0.21649280190467834
0 0.28475168347358704 0.44661109521985054 0.027156710624694824 0.0907999649643898
0 0.6273411270231009 0.6956283748149872 0.03649873659014702 0.2855035662651062
0 0.25523119047284126 0.3728874549269676 0.03372607380151749 0.09037725627422333
0 0.33471164107322693 0.33426477760076523 0.02447342872619629 0.08088628947734833
0 0.11660893633961678 0.33203624933958054 0.03338449448347092 0.06321655213832855
0 0.1837889850139618 0.37003984302282333 0.02539604902267456 0.07486890256404877
0 0.3019460616633296 0.3286484256386757 0.018780088052153587 0.0655192881822586
0 0.7257229089736938 0.42224108427762985 0.027189254760742188 0.15215276181697845
0 0.7239839192479849 0.3612935282289982 0.02777881547808647 0.07159120589494705
0 0.8732413528487086 0.35961030796170235 0.030936812981963158 0.06250438839197159
0 0.14538555778563023 0.3297547660768032 0.02782731130719185 0.06384938210248947
0 0.8503594156354666 0.3707498572766781 0.032791804522275925 0.07300268858671188
0 0.8494272474199533 0.33133895322680473 0.02899961546063423 0.04550876468420029
0 0.1712589026428759 0.32978181913495064 0.013943743892014027 0.03535936027765274
0 0.8481287714093924 0.35303279757499695 0.027524184435606003 0.05520409345626831
0 0.7144040106795728 0.34004403837025166 0.01163248997181654 0.03244486823678017
