0 0.5547951236367226 0.6449594721198082 0.07710166275501251 0.17854253947734833
0 0.7158164605498314 0.776211753487587 0.09966926276683807 0.26989367604255676
0 0.8996407389640808 0.721455343067646 0.08825969696044922 0.18488527834415436
0 0.9822692163288593 0.7013677209615707 0.03546152263879776 0.11652705073356628
0 0.6367817763239145 0.5370952412486076 0.049651194363832474 0.1045183390378952
0 0.21698390506207943 0.4240376651287079 0.036697935312986374 0.08056288957595825
0 0.4058622010052204 0.4468916915357113 0.04876098781824112 0.10049747675657272
0 0.02669159695506096 0.5144435539841652 0.05338319391012192 0.09632958471775055
0 0.47600957192480564 0.501335471868515 0.05174737051129341 0.12715792655944824
0 0.2721654176712036 0.4306163415312767 0.03508651256561279 0.08517871797084808
0 0.3691170159727335 0.4396286830306053 0.03613846376538277 0.09135793149471283
0 0.33627116680145264 0.4432908222079277 0.03357052803039551 0.09426341950893402
0 0.5655555967241526 0.4540496841073036 0.04128770902752876 0.08870400488376617
0 0.4638271685689688 0.4508426748216152 0.030379485338926315 0.08517163246870041
0 0.5807315232232213 0.40927855111658573 0.02832331694662571 0.05051799491047859
0 0.5953872678801417 0.43216380663216114 0.019507741555571556 0.05404031649231911
