0 0.5774378534406424 0.7153143137693405 0.05271477624773979 0.28205713629722595
0 0.3702147901058197 0.5669560208916664 0.047492384910583496 0.16761906445026398
0 0.703703235834837 0.9112638831138611 0.060091398656368256 0.17586135864257812
0 0.35331178456544876 0.8071678578853607 0.0735599547624588 0.3078373074531555
0 0.6405982375144958 0.6803436949849129 0.04348397254943848 0.23306991159915924
0 0.297609293833375 0.5102561041712761 0.04641168192028999 0.15344904363155365
0 0.7731590270996094 0.36593935266137123 0.03159737586975098 0.08759219199419022
0 0.17379752919077873 0.37714047357439995 0.035328589379787445 0.09359654039144516
0 0.6977006075903773 0.365330271422863 0.028803205117583275 0.08524428308010101
0 0.31936093606054783 0.34772165305912495 0.025744367390871048 0.060296569019556046
0 0.2689837096258998 0.4465510994195938 0.029000138863921165 0.08083364367485046
0 0.13676004577428102 0.3377240803092718 0.028781557455658913 0.057359080761671066
0 0.24612483382225037 0.38817064836621284 0.03556632995605469 0.09107772260904312
0 0.2839715601876378 0.3507992085069418 0.01952543295919895 0.048888396471738815
0 0.8442567829042673 0.3579401057213545 0.028507042676210403 0.05330365523695946
0 0.10362503491342068 0.3419758975505829 0.03090302273631096 0.07023811340332031
0 0.8222304582595825 0.35963691025972366 0.026103496551513672 0.0694541484117508
0 0.2599507514387369 0.3795701339840889 0.03798859193921089 0.0644502192735672
0 0.8216360453516245 0.32978295162320137 0.027056027203798294 0.04311875253915787
0 0.3166301008313894 0.31753825955092907 0.023028802126646042 0.05070364102721214
