0 0.4680901952087879 0.6675115004181862 0.04024515300989151 0.22669847309589386
0 0.9166599866002798 0.43803592771291733 0.041631411761045456 0.12879036366939545
0 0.37734133563935757 0.5594179183244705 0.058376263827085495 0.20139935612678528
0 0.9383021593093872 0.35940446332097054 0.03243589401245117 0.09893570095300674
0 0.5461327433586121 0.5567523241043091 0.07300448417663574 0.2799200415611267
0 0.29677475709468126 0.3302224725484848 0.02036299742758274 0.08491978049278259
0 0.46786377392709255 0.4256267845630646 0.04385704919695854 0.12495291233062744
0 0.3626720067113638 0.340129803866148 0.03137679025530815 0.09816207736730576
0 0.4467176618054509 0.3125514052808285 0.020909452810883522 0.0709986612200737
0 0.24909220915287733 0.3075147308409214 0.026859259232878685 0.06846953183412552
0 0.46681765280663967 0.31539759412407875 0.02547283098101616 0.0647396519780159
0 0.4456033883616328 0.39111988991498947 0.0285476204007864 0.08151505887508392
0 0.08768557570874691 0.30116601288318634 0.0335475318133831 0.05515971779823303
0 0.039739327505230904 0.3218342661857605 0.05086863040924072 0.10302573442459106
0 0.06400117091834545 0.3252783380448818 0.07358087599277496 0.0953708216547966
0 0.06032595410943031 0.2987340986728668 0.033497653901576996 0.0637471079826355
