0 0.8056642040610313 0.692431852221489 0.06263594329357147 0.3325291574001312
0 0.4780883193016052 0.679180383682251 0.07174348831176758 0.3193824291229248
0 0.8587463386356831 0.5296226590871811 0.043248750269412994 0.21092626452445984
0 0.583509910851717 0.6905078738927841 0.08986005932092667 0.3319896161556244
0 0.5651855710893869 0.3692919388413429 0.031037140637636185 0.11480964720249176
0 0.8997575044631958 0.5394634455442429 0.04193925857543945 0.22606036067008972
0 0.35558807849884033 0.3392842821776867 0.04513716697692871 0.08120544999837875
0 0.6626541968435049 0.36847760155797005 0.025000285357236862 0.10888002067804337
0 0.6410900708287954 0.5744595527648926 0.04471416398882866 0.19238924980163574
0 0.4663362028077245 0.3121110871434212 0.01709451712667942 0.07343406975269318
0 0.6878473404794931 0.368560366332531 0.0341678149998188 0.12047074735164642
0 0.5153396781533957 0.4007825404405594 0.03633685037493706 0.13093969225883484
0 0.5055329976603389 0.3011421523988247 0.029085492715239525 0.060027651488780975
0 0.4958433322608471 0.3661235123872757 0.03704848140478134 0.09187242388725281
0 0.4307545544579625 0.3196491152048111 0.02761521376669407 0.07274195551872253
0 0.3996468670666218 0.328657403588295 0.03573427349328995 0.08208158612251282
0 0.42016555089503527 0.3266785368323326 0.02738013304769993 0.06335078179836273
0 0.5104384543374181 0.3310176432132721 0.028766298666596413 0.04543370008468628
