0 0.3843018654733896 0.6450106799602509 0.03769712522625923 0.17878109216690063
0 0.21493154764175415 0.7807963564991951 0.07222729921340942 0.18684865534305573
0 0.2002346757799387 0.5722568407654762 0.0418010838329792 0.1249362975358963
0 0.06450863927602768 0.6141296401619911 0.056656450033187866 0.1219068318605423
0 0.31460092030465603 0.6623230502009392 0.055304598063230515 0.20548544824123383
0 0.21839006803929806 0.6648951694369316 0.06214435026049614 0.16941498219966888
0 0.09795056283473969 0.6881560832262039 0.08751600235700607 0.25377753376960754
0 0.25283505395054817 0.547263141721487 0.04619167000055313 0.11950772255659103
0 0.27678800746798515 0.6135642156004906 0.03867628425359726 0.14605920016765594
0 0.1333330124616623 0.6062805019319057 0.05651271343231201 0.11818050593137741
0 0.32101066783070564 0.5901850648224354 0.04383108764886856 0.11415032297372818
