0 0.32426295801997185 0.7096653580665588 0.07871033996343613 0.2946568727493286
0 0.4201889745891094 0.5238427296280861 0.049876950681209564 0.16566242277622223
0 0.8663613442331553 0.3714723251760006 0.0323369987308979 0.10029172152280807
0 0.5593394637107849 0.7597218453884125 0.06489157676696777 0.4690576195716858
0 0.6090227123349905 0.6386252269148827 0.04517407342791557 0.2285774201154709
0 0.2816898226737976 0.36466246470808983 0.03398728370666504 0.09093814343214035
0 0.34699397161602974 0.4665580689907074 0.049739815294742584 0.1295207142829895
0 0.21080573834478855 0.34735819697380066 0.025628436356782913 0.09160172939300537
0 0.32492345571517944 0.41891542077064514 0.0292966365814209 0.12314283847808838
0 0.37415639124810696 0.3332116901874542 0.021889399737119675 0.058447837829589844
0 0.7780416496098042 0.3562447614967823 0.034339286386966705 0.0766582265496254
0 0.9115606900304556 0.3647356703877449 0.03634805604815483 0.07552041113376617
0 0.7873788122087717 0.4494243934750557 0.03320198133587837 0.10509927570819855
0 0.17459939140826464 0.31930963695049286 0.027385735884308815 0.05827316641807556
0 0.9462984800338745 0.3644226938486099 0.031879425048828125 0.06799748539924622
0 0.3445289256051183 0.317544125020504 0.01645209826529026 0.060239240527153015
0 0.14953632652759552 0.3241103384643793 0.02801269292831421 0.062069255858659744
0 0.9438432566821575 0.3401050064712763 0.03231849521398544 0.06139882281422615
0 0.9317564247176051 0.3214612975716591 0.01432952843606472 0.030258730053901672
0 0.361499959602952 0.29675374180078506 0.01576392725110054 0.02332170307636261
