0 0.3635146375745535 0.5949942693114281 0.062134575098752975 0.22033725678920746
0 0.5421309117227793 0.5878186896443367 0.04795126989483833 0.21592546999454498
0 0.8810643069446087 0.44164999574422836 0.04039420932531357 0.11331282556056976
0 0.4871378540992737 0.7010934799909592 0.041112422943115234 0.24403390288352966
0 0.27339511550962925 0.3354695588350296 0.02193276956677437 0.08757993578910828
0 0.578454852104187 0.5494403913617134 0.03748583793640137 0.17937393486499786
0 0.43497223779559135 0.4322046861052513 0.04387702792882919 0.13680563867092133
0 0.5048482771962881 0.4792872741818428 0.04295821115374565 0.12349535524845123
0 0.8919666055589914 0.35411012172698975 0.033930111676454544 0.08000850677490234
0 0.05290767177939415 0.3043319955468178 0.041057199239730835 0.06966234743595123
0 0.4429718255996704 0.3110657334327698 0.02320694923400879 0.07742917537689209
0 0.41413904447108507 0.3962153270840645 0.027424240484833717 0.08118332922458649
0 0.33468807954341173 0.3509673662483692 0.02282729186117649 0.07031819969415665
0 0.42393686808645725 0.31093137711286545 0.021637964993715286 0.07095853984355927
0 0.3489849688485265 0.3241162970662117 0.018383288756012917 0.0610668808221817
0 0.01485965249594301 0.35349168814718723 0.02734747901558876 0.0595281608402729
0 0.5444993376731873 0.5153105072677135 0.012986183166503906 0.0664183720946312
0 0.22581385355442762 0.3121081553399563 0.027991747483611107 0.07087945193052292
0 0.9918538685888052 0.3611760064959526 0.016292285174131393 0.06679515540599823
0 0.018406619084998965 0.31332009099423885 0.03166019171476364 0.044328074902296066
