0 0.5779154896736145 0.5335519835352898 0.026489734649658203 0.14116732776165009
0 0.1288315262645483 0.608910508453846 0.056518685072660446 0.16137410700321198
0 0.15597005747258663 0.6743115708231926 0.05408419296145439 0.18198107182979584
0 0.02024005353450775 0.6756203696131706 0.0404801070690155 0.11439047753810883
0 0.25377955101430416 0.5196409299969673 0.0360226146876812 0.10822702944278717
0 0.32500916719436646 0.44759415835142136 0.01967489719390869 0.07785873115062714
0 0.18435750529170036 0.539228692650795 0.046795450150966644 0.1080339252948761
0 0.29439430218189955 0.47289353236556053 0.030087804421782494 0.09546970576047897
0 0.4315393026918173 0.6076715737581253 0.04204053804278374 0.16168072819709778
0 0.5053593637421727 0.5431015715003014 0.027433300390839577 0.1517379730939865
0 0.4453579727560282 0.49577629193663597 0.03292517736554146 0.06328027695417404
0 0.47957876324653625 0.46711224503815174 0.02396845817565918 0.05239999666810036
0 0.44993882812559605 0.47822586074471474 0.02991657331585884 0.0791480615735054
0 0.14137107506394386 0.6414096653461456 0.08057145029306412 0.15351444482803345
0 0.4786424161866307 0.4858597181737423 0.025998974218964577 0.06523369997739792
