0 0.5417911633849144 0.7367205023765564 0.0692925900220871 0.2415771484375
0 0.7896221280097961 0.7042924091219902 0.09542655944824219 0.20676659047603607
0 0.6011636257171631 0.5292212963104248 0.04245114326477051 0.12793290615081787
0 0.15052855387330055 0.41937002167105675 0.05296095460653305 0.09033220261335373
0 0.4275269918143749 0.6046386212110519 0.06847181171178818 0.17856034636497498
0 0.981408441439271 0.7342496886849403 0.03718309476971626 0.10431154072284698
0 0.20160534046590328 0.4062662422657013 0.04257697984576225 0.07645386457443237
0 0.41933817230165005 0.4343508519232273 0.04097540304064751 0.06966734677553177
0 0.38787869177758694 0.48183104768395424 0.047531794756650925 0.09458494931459427
0 0.6209873203188181 0.3999911695718765 0.030314970761537552 0.06538030505180359
0 0.2874650005251169 0.4106768108904362 0.0455506332218647 0.07788801938295364
0 0.5533334501087666 0.4291963167488575 0.03726945072412491 0.08315560966730118
0 0.5792677514255047 0.3985520415008068 0.03361072391271591 0.05096092075109482
0 0.33175455406308174 0.4671628139913082 0.05333826690912247 0.07631730288267136
0 0.330707598477602 0.40655866265296936 0.04166851192712784 0.06973016262054443
0 0.5557267423719168 0.4513175878673792 0.032036732882261276 0.05759205296635628
0 0.5929431198164821 0.378463938832283 0.02761397324502468 0.05643448233604431
0 0.5970329996198416 0.39418166875839233 0.023812245577573776 0.04135924577713013
0 0.4034343361854553 0.5432534795254469 0.02009296417236328 0.054311033338308334
0 0.3353188391774893 0.42357480712234974 0.03795356675982475 0.05553728714585304
