0 0.5927141662687063 0.49491435289382935 0.03332085534930229 0.1398143768310547
0 0.4017569422721863 0.32811954990029335 0.017596840858459473 0.08753693848848343
0 0.19378286600112915 0.30047908425331116 0.02359563112258911 0.07371175289154053
0 0.3609615983441472 0.29997189342975616 0.023382926359772682 0.06705114245414734
0 0.4756981134414673 0.5264742895960808 0.10300374031066895 0.22527478635311127
0 0.611412763595581 0.377106674015522 0.032364845275878906 0.10045905411243439
0 0.5733140828087926 0.30815818905830383 0.021712923422455788 0.03785485029220581
0 0.6357019189745188 0.39760196954011917 0.027303028851747513 0.10844792425632477
0 0.2772239986807108 0.2796053159981966 0.02317838743329048 0.052874479442834854
0 0.4584242105484009 0.32381366193294525 0.019690752029418945 0.07300928235054016
0 0.219143932685256 0.2968910336494446 0.022976111620664597 0.060924530029296875
0 0.43243190087378025 0.310498982667923 0.019638825207948685 0.04638671875
0 0.5482588531449437 0.30967680364847183 0.02063574828207493 0.07524009048938751
0 0.5270035387948155 0.43264444917440414 0.0189377311617136 0.054618582129478455
0 0.2423121752217412 0.2845945227891207 0.023485803976655006 0.05445817485451698
0 0.5158442854881287 0.4917339123785496 0.0250394344329834 0.0807654932141304
0 0.28630266804248095 0.2694571986794472 0.01325693167746067 0.05882890522480011
0 0.5611506225541234 0.2797213364392519 0.011529827490448952 0.03108874335885048
0 0.2445691078901291 0.2591290306299925 0.021476268768310547 0.025955941528081894
0 0.5736419912427664 0.3304945435374975 0.02539844438433647 0.041682880371809006
