0 0.4948109034448862 0.5524904578924179 0.0427120216190815 0.12256762385368347
0 0.21202803030610085 0.5549401491880417 0.041375257074832916 0.13120850920677185
0 0.2528535816818476 0.4975162595510483 0.02416544035077095 0.09057536721229553
0 0.14090116322040558 0.6778101027011871 0.055762529373168945 0.163493812084198
0 0.35008711740374565 0.6763090267777443 0.04808773845434189 0.1738407164812088
0 0.29124134220182896 0.4966173879802227 0.031125832349061966 0.0695769414305687
0 0.42488687112927437 0.5762055814266205 0.053200580179691315 0.12544864416122437
0 0.35350966453552246 0.5908018983900547 0.04277980327606201 0.0820937231183052
0 0.41043026465922594 0.5123649127781391 0.024375224485993385 0.0773722305893898
0 0.12186668813228607 0.5944911912083626 0.0581013560295105 0.15022672712802887
0 0.3702128417789936 0.5286376811563969 0.03341028839349747 0.06327993422746658
0 0.38684616703540087 0.5035735666751862 0.01917293108999729 0.038862526416778564
0 0.12094978243112564 0.6465861089527607 0.05579805374145508 0.11312828212976456
0 0.141566407866776 0.5559703260660172 0.02977212704718113 0.07421663403511047
0 0.13574477098882198 0.5925784967839718 0.0622798316180706 0.09668820351362228
