0 0.809650719165802 0.6372280269861221 0.054764747619628906 0.28502342104911804
0 0.9010111689567566 0.521263599395752 0.039417266845703125 0.217052161693573
0 0.5191282406449318 0.6441615298390388 0.07271642982959747 0.226989284157753
0 0.8638504147529602 0.5074997767806053 0.03992748260498047 0.20499436557292938
0 0.6687669511884451 0.5476388186216354 0.05125303193926811 0.1820133626461029
0 0.6096675992012024 0.6491404920816422 0.08590126037597656 0.29975709319114685
0 0.6869779350236058 0.35931723937392235 0.02655806578695774 0.10294108837842941
0 0.7139387372881174 0.3558880686759949 0.032912541180849075 0.11194008588790894
0 0.38520943000912666 0.33273473754525185 0.035460568964481354 0.07948214560747147
0 0.5870772246271372 0.3638012483716011 0.03261857107281685 0.09450586140155792
0 0.535013759508729 0.3832393102347851 0.02982502058148384 0.11930092424154282
0 0.48854972142726183 0.3026724476367235 0.019571447744965553 0.06102979555726051
0 0.5164915202185512 0.35381941497325897 0.030569886788725853 0.07136270403862
0 0.5235334038734436 0.3028263710439205 0.02453303337097168 0.05229174345731735
0 0.4565142039209604 0.31094106659293175 0.020121384412050247 0.055625490844249725
0 0.5790034178644419 0.33365974575281143 0.02094106748700142 0.06342656910419464
0 0.4125111820176244 0.33093393221497536 0.0312440637499094 0.07497764378786087
0 0.43515686970204115 0.30789754912257195 0.02306232415139675 0.06355097144842148
0 0.42109986022114754 0.32064683735370636 0.038636304438114166 0.07117632031440735
0 0.5238940473645926 0.32294902577996254 0.03220410272479057 0.05655873566865921
0 0.4330750107765198 0.32551658898591995 0.025770902633666992 0.05774010717868805
