0 0.1461559757590294 0.7049401178956032 0.05502438545227051 0.19637484848499298
0 0.12465624511241913 0.6239889338612556 0.05141627788543701 0.16072167456150055
0 0.21973697282373905 0.525334320962429 0.04412781074643135 0.11563818156719208
0 0.019378243014216423 0.7004423998296261 0.038756486028432846 0.1210361048579216
0 0.28431569412350655 0.49292338266968727 0.03567872196435928 0.09910435229539871
0 0.640143359079957 0.5099538341164589 0.026612330228090286 0.13795407116413116
0 0.5226497408002615 0.5592563450336456 0.028284262865781784 0.12755435705184937
0 0.5610752943903208 0.5170263163745403 0.022155333310365677 0.10828908532857895
0 0.37209583539515734 0.4117220863699913 0.024899864569306374 0.07548527419567108
0 0.3369294945150614 0.44159044325351715 0.029953885823488235 0.08168050646781921
0 0.47256980556994677 0.5209041722118855 0.022705936804413795 0.12330339103937149
0 0.4896348658949137 0.45439981669187546 0.023376990109682083 0.07927046716213226
0 0.5134866116568446 0.45006561279296875 0.01543436013162136 0.07547760009765625
0 0.5670897243544459 0.4413844607770443 0.01603398285806179 0.07461505383253098
