0 0.9140713457018137 0.6422641724348068 0.05911092832684517 0.3030059039592743
0 0.7728553786873817 0.8652833700180054 0.11872287094593048 0.26943325996398926
0 0.5398411154747009 0.7784407138824463 0.057787418365478516 0.36463463306427
0 0.2421153374016285 0.3979650102555752 0.050478316843509674 0.11252736300230026
0 0.4560517556965351 0.8274596184492111 0.10685191303491592 0.34508082270622253
0 0.3231232762336731 0.8585067689418793 0.10055053234100342 0.28298646211624146
0 0.4916440136730671 0.4367457404732704 0.03921566158533096 0.1445155292749405
0 0.3783088680356741 0.3579658418893814 0.01710350438952446 0.09053882956504822
0 0.30200426653027534 0.3844570778310299 0.03980622440576553 0.07752370089292526
0 0.600915277376771 0.44769975543022156 0.03702716901898384 0.10365486145019531
0 0.33432704769074917 0.3724690340459347 0.04473109170794487 0.12041043490171432
0 0.4088639374822378 0.4719943478703499 0.04614360257983208 0.16202791035175323
0 0.4252287866547704 0.3567746952176094 0.022488022223114967 0.06407852470874786
0 0.43952671252191067 0.41303886100649834 0.03249664232134819 0.09767439216375351
0 0.575138783082366 0.43557925522327423 0.03086848184466362 0.14875301718711853
0 0.5783273577690125 0.38478887267410755 0.036298274993896484 0.05548006668686867
0 0.4251469252631068 0.40340082347393036 0.028304195031523705 0.07400813698768616
