0 0.779908824712038 0.8410867303609848 0.1203681007027626 0.31782659888267517
0 0.8904527071863413 0.6167020052671432 0.05242281034588814 0.2815292775630951
0 0.3617955334484577 0.8250663727521896 0.10213980823755264 0.34986719489097595
0 0.5633985158056021 0.7365304082632065 0.05260724946856499 0.34210535883903503
0 0.4979367144405842 0.8198436498641968 0.08860144764184952 0.36030709743499756
0 0.9726673606783152 0.6574423015117645 0.05466108396649361 0.324099063873291
0 0.2689633220434189 0.3833683542907238 0.04500448703765869 0.09731587022542953
0 0.5060010962188244 0.4213607832789421 0.03564443439245224 0.13438116014003754
0 0.39475910644978285 0.3467315770685673 0.015461897477507591 0.0872950628399849
0 0.6171178817749023 0.43238992616534233 0.037758588790893555 0.11731728166341782
0 0.4361797459423542 0.44238731265068054 0.06438861042261124 0.18369704484939575
0 0.5920515535399318 0.4241058900952339 0.028570031747221947 0.14372046291828156
0 0.45803638733923435 0.775874525308609 0.054941702634096146 0.3109191060066223
0 0.31968767661601305 0.37340201810002327 0.030564093962311745 0.07989207655191422
0 0.4399763699620962 0.346157293766737 0.02230853959918022 0.05203314870595932
0 0.34581689164042473 0.3754527196288109 0.0336010679602623 0.08624397218227386
0 0.362727421335876 0.3459847941994667 0.018001174554228783 0.07746656239032745
0 0.6034420011565089 0.3676921110600233 0.019817447289824486 0.05093472823500633
0 0.3298606635071337 0.32703665271401405 0.012899470515549183 0.032672710716724396
