0 0.20762643218040466 0.8768212050199509 0.06881701946258545 0.24523815512657166
0 0.11461056768894196 0.7995171472430229 0.09932741522789001 0.24949441850185394
0 0.18936692737042904 0.601988822221756 0.047446321696043015 0.15282410383224487
0 0.33506687358021736 0.733400359749794 0.049282170832157135 0.2439078390598297
0 0.13506023213267326 0.5841417014598846 0.043571434915065765 0.11485451459884644
0 0.23436128161847591 0.6833546012639999 0.042889904230833054 0.15736016631126404
0 0.0633893795311451 0.706048272550106 0.061972878873348236 0.2073313444852829
0 0.03166912979213521 0.6502724960446358 0.06173662468791008 0.17073334753513336
0 0.2818692922592163 0.7559379935264587 0.06224548816680908 0.22133564949035645
0 0.08646415174007416 0.5910726711153984 0.0367598831653595 0.06911633908748627
0 0.2838823916390538 0.6237621195614338 0.016495967283844948 0.05520210415124893
