0 0.1504779253154993 0.47378429025411606 0.06139646843075752 0.11634860932826996
0 0.4433767907321453 0.9196275472640991 0.05822744220495224 0.16074490547180176
0 0.4362247586250305 0.5484214648604393 0.0515444278717041 0.1913653463125229
0 0.5052223093807697 0.5400913953781128 0.03863558918237686 0.17610740661621094
0 0.3286306783556938 0.5953487902879715 0.06509499251842499 0.23162469267845154
0 0.5379382260143757 0.5311138853430748 0.04318127781152725 0.18885426223278046
0 0.38412670511752367 0.5215092897415161 0.028651142492890358 0.16210204362869263
0 0.31200770754367113 0.43065014109015465 0.02323904074728489 0.12145661562681198
0 0.27735031209886074 0.45398569479584694 0.04137391969561577 0.10676968842744827
0 0.3485612981021404 0.4215092957019806 0.04383423179388046 0.07070761919021606
0 0.34981733560562134 0.5071287676692009 0.03521227836608887 0.1314888447523117
0 0.22586678341031075 0.45910096541047096 0.0485973134636879 0.09817928820848465
0 0.25773204304277897 0.44898152351379395 0.04844038560986519 0.09632551670074463
0 0.3329981751739979 0.45493895187973976 0.03556022793054581 0.06075520068407059
0 0.3557287333533168 0.44137758761644363 0.03052804432809353 0.08172191679477692
0 0.3585679531097412 0.4663890674710274 0.024674057960510254 0.0556379109621048
0 0.28688988694921136 0.4076895657926798 0.015118670649826527 0.05063514783978462
0 0.24586574733257294 0.4297972284257412 0.03577256202697754 0.07790421694517136
