0 0.38267168402671814 0.7139828205108643 0.05706453323364258 0.25729167461395264
0 0.6073481924831867 0.6820865496993065 0.09281454235315323 0.20994512736797333
0 0.30695188604295254 0.5596771165728569 0.05431778356432915 0.1648191660642624
0 0.20767701417207718 0.43218793347477913 0.06267006695270538 0.09982041269540787
0 0.9305973164737225 0.8177862763404846 0.11846008151769638 0.20027220249176025
0 0.22893815860152245 0.3847522623836994 0.039189599454402924 0.06299940496683121
0 0.331472123041749 0.41949066147208214 0.04129653051495552 0.07358639687299728
0 0.5985701568424702 0.39336780086159706 0.03416857868432999 0.07982934266328812
0 0.9002176150679588 0.8741766661405563 0.14072208106517792 0.25138184428215027
0 0.27533282712101936 0.391887079924345 0.043863989412784576 0.08749999850988388
0 0.5534670110791922 0.4085446372628212 0.03873557969927788 0.07075805962085724
0 0.8388014547526836 0.944038238376379 0.057196520268917084 0.11147969216108322
0 0.5774815324693918 0.5024155229330063 0.039498139172792435 0.1281825602054596
0 0.0856841690838337 0.39580799639225006 0.04988955706357956 0.0780317485332489
0 0.13409451581537724 0.3837481625378132 0.04344986751675606 0.05955914407968521
0 0.2948114760220051 0.4521731995046139 0.04069576412439346 0.08462130278348923
0 0.6373741384595633 0.3686778359115124 0.03499336168169975 0.07637723535299301
