0 0.5347991827875376 0.541779913008213 0.03461771085858345 0.1310100108385086
0 0.01498986966907978 0.6738810539245605 0.02997973933815956 0.114845871925354
0 0.4659055583178997 0.5538170784711838 0.03650512546300888 0.1328454315662384
0 0.14977982267737389 0.6645124331116676 0.05270741134881973 0.1604747325181961
0 0.38795418106019497 0.6217923164367676 0.04122955724596977 0.181846022605896
0 0.22890757396817207 0.5413123685866594 0.038788773119449615 0.06086832657456398
0 0.3246859908103943 0.4519428573548794 0.03341841697692871 0.059566669166088104
0 0.2608875185251236 0.4878590628504753 0.030394673347473145 0.09088020026683807
0 0.14159441366791725 0.5531386435031891 0.049623094499111176 0.09585922956466675
0 0.12545784562826157 0.6269735842943192 0.0709838718175888 0.14973869919776917
0 0.4062405340373516 0.5110406056046486 0.03333582729101181 0.08733202517032623
0 0.4378392342478037 0.49474749341607094 0.027714300900697708 0.07526660710573196
0 0.2488674195483327 0.5016653016209602 0.018688583746552467 0.05229784548282623
