0 0.8012264966964722 0.7342709302902222 0.06879472732543945 0.36057841777801514
0 0.44165756553411484 0.7410463690757751 0.07957033812999725 0.37251555919647217
0 0.553878091275692 0.7336509972810745 0.09557704627513885 0.3817932903766632
0 0.8594302423298359 0.5470174476504326 0.04347286373376846 0.2294890135526657
0 0.61871737241745 0.6297471821308136 0.04971623420715332 0.25493842363357544
0 0.9051412232220173 0.5520473346114159 0.05184183269739151 0.22830085456371307
0 0.5455827713012695 0.38486290723085403 0.03319120407104492 0.1172996312379837
0 0.33022162318229675 0.35344135388731956 0.0394899845123291 0.09253644198179245
0 0.6644605882465839 0.38444989919662476 0.03480181843042374 0.13755202293395996
0 0.6381960632279515 0.3851325437426567 0.029082203283905983 0.11768411099910736
0 0.4835366252809763 0.31102125719189644 0.029557038098573685 0.06667325645685196
0 0.4675757410004735 0.37411542795598507 0.029320145025849342 0.062214892357587814
0 0.4448364619165659 0.3225688524544239 0.017935801297426224 0.0799591913819313
0 0.38076474145054817 0.33741214498877525 0.03849218040704727 0.0879286453127861
0 0.4897467978298664 0.43064115196466446 0.03607020527124405 0.10704095661640167
0 0.4069507960230112 0.32770736515522003 0.025995302945375443 0.08057323098182678
0 0.4986108420416713 0.35829686746001244 0.02785668335855007 0.06673704832792282
0 0.493684034794569 0.376362893730402 0.03695931285619736 0.08175099641084671
