0 0.38813433051109314 0.32752174139022827 0.018378138542175293 0.08673316240310669
0 0.34617782197892666 0.30066778138279915 0.02456195279955864 0.06994656473398209
0 0.44398826360702515 0.5221234709024429 0.05181550979614258 0.1799868643283844
0 0.6149674896150827 0.4068164676427841 0.030585814267396927 0.11609700322151184
0 0.491506714373827 0.5235475227236748 0.06811533123254776 0.24462352693080902
0 0.44601505994796753 0.32584454119205475 0.021886348724365234 0.07781997323036194
0 0.5562928076833487 0.301141906529665 0.031168650835752487 0.06645611673593521
0 0.17189494706690311 0.30241427570581436 0.021215368062257767 0.07516475021839142
0 0.5871164090931416 0.485651358962059 0.03414902836084366 0.11480221152305603
0 0.42360013723373413 0.31097720190882683 0.020244121551513672 0.05478515475988388
0 0.5915837530046701 0.378252811729908 0.03065018728375435 0.09794165194034576
0 0.2000248758122325 0.3025988917797804 0.024043118581175804 0.059532102197408676
0 0.5360346082597971 0.3113487996160984 0.023243475705385208 0.06689972430467606
0 0.21736377477645874 0.2825475614517927 0.01843583583831787 0.06019234284758568
