0 0.6267087701708078 0.5142692029476166 0.04921083524823189 0.14523082971572876
0 0.6853368170559406 0.4113050252199173 0.05494723469018936 0.14872005581855774
0 0.5000399947166443 0.3311403952538967 0.019920825958251953 0.08146088570356369
0 0.5074893645942211 0.5236347168684006 0.1049124225974083 0.22220662236213684
0 0.4442691449075937 0.3336760960519314 0.019184399396181107 0.09030710905790329
0 0.6132138846442103 0.3093687817454338 0.028942441567778587 0.0822284072637558
0 0.4092980921268463 0.3055039457976818 0.026065707206726074 0.07251843065023422
0 0.3601855216547847 0.27682271786034107 0.021799897775053978 0.04677331820130348
0 0.25838581938296556 0.3050084486603737 0.0309311393648386 0.06845815479755402
0 0.5906788464635611 0.31284482404589653 0.021213959902524948 0.07875826209783554
0 0.4646993335336447 0.3053088802844286 0.016800832003355026 0.04375207796692848
0 0.34001684188842773 0.27524834498763084 0.014315962791442871 0.05894964188337326
0 0.27792550902813673 0.30586059764027596 0.022086476907134056 0.0661722794175148
0 0.32055915612727404 0.257529454305768 0.01183619536459446 0.025021765381097794
0 0.3136749267578125 0.28658641315996647 0.01997673511505127 0.04740871861577034
0 0.5585768576711416 0.4281299151480198 0.017581891268491745 0.05470699816942215
0 0.2876124680042267 0.27855465188622475 0.013375997543334961 0.045499928295612335
0 0.3006089450791478 0.28850524313747883 0.022829795256257057 0.04420999065041542
0 0.6764205694198608 0.3572619929909706 0.015558719635009766 0.04239298403263092
0 0.29228390473872423 0.29839889146387577 0.02885117568075657 0.05864806845784187
0 0.5038049276918173 0.45290490612387657 0.01938171312212944 0.0581241175532341
