0 0.6439012289047241 0.5067199543118477 0.05214071273803711 0.16445668041706085
0 0.46131578646600246 0.33674173802137375 0.019823025912046432 0.0904528945684433
0 0.5246574282646179 0.526834137737751 0.11420655250549316 0.24669553339481354
0 0.7114084959030151 0.41806452721357346 0.0556027889251709 0.15356193482875824
0 0.6294453386217356 0.3125370480120182 0.03204851225018501 0.08451057225465775
0 0.5163943767547607 0.32905344665050507 0.022318363189697266 0.08040282130241394
0 0.42519587837159634 0.30681776627898216 0.020378779619932175 0.06913011521100998
0 0.4794178605079651 0.3095768131315708 0.015327215194702148 0.05085892230272293
0 0.6084280610084534 0.31714168936014175 0.024115800857543945 0.08700717985630035
0 0.28159708343446255 0.31082192808389664 0.02895219251513481 0.05525262653827667
0 0.38903828896582127 0.27843950502574444 0.019505072385072708 0.04394921287894249
0 0.36542387027293444 0.28359504789114 0.013463879004120827 0.039860472083091736
0 0.5749400379136205 0.4292011670768261 0.016018295660614967 0.049971602857112885
0 0.30211095232516527 0.31196705251932144 0.022817159071564674 0.06245066225528717
0 0.337256932631135 0.28773658722639084 0.023036766797304153 0.048711881041526794
