0 0.46358242630958557 0.5877388045191765 0.046695709228515625 0.15788887441158295
0 0.20104549452662468 0.5697325952351093 0.05338075011968613 0.12465057522058487
0 0.13505582697689533 0.6968953460454941 0.05360119417309761 0.18687698245048523
0 0.2784858401864767 0.49541767686605453 0.03179652616381645 0.08334456384181976
0 0.12069341540336609 0.6115713939070702 0.0617537796497345 0.13307134807109833
0 0.3218615297228098 0.6952678635716438 0.056154776364564896 0.21351005136966705
0 0.39652963913977146 0.6011522859334946 0.05966072157025337 0.13666877150535583
0 0.24878861289471388 0.5412198379635811 0.02518150769174099 0.0848626047372818
0 0.10443287342786789 0.591482724994421 0.04330751299858093 0.08538144081830978
0 0.10746193304657936 0.5647957995533943 0.05003377050161362 0.08888711035251617
0 0.3910706462338567 0.5220359452068806 0.028740907087922096 0.07482973486185074
0 0.32755855843424797 0.6000825762748718 0.06258311122655869 0.15862011909484863
0 0.2499560508877039 0.5104754641652107 0.021255899220705032 0.08476223051548004
0 0.3512438777834177 0.5368020199239254 0.039453912526369095 0.08773469179868698
0 0.36287530697882175 0.509188687428832 0.018116284161806107 0.04244537279009819
0 0.40250471234321594 0.5472945086658001 0.04668581485748291 0.0636085495352745
