0 0.3501134105026722 0.6564367935061455 0.05208871513605118 0.16570375859737396
0 0.043156350031495094 0.645516462624073 0.07009027898311615 0.1553187519311905
0 0.18454469181597233 0.8336247503757477 0.058738935738801956 0.2826682925224304
0 0.0703735500574112 0.6952156722545624 0.08804961293935776 0.23678117990493774
0 0.168695330619812 0.5699843689799309 0.04447704553604126 0.10825453698635101
0 0.21355255506932735 0.5612640231847763 0.04846442863345146 0.11009547114372253
0 0.2842509988695383 0.6895188689231873 0.054099489003419876 0.16412103176116943
0 0.1848527491092682 0.7080496549606323 0.05239737033843994 0.223227858543396
0 0.24997820518910885 0.655401349067688 0.049999188631772995 0.17938554286956787
0 0.11322109866887331 0.5789002031087875 0.021659160032868385 0.04628261923789978
0 0.2886062376201153 0.6127532087266445 0.04503490775823593 0.1076817438006401
0 0.27513885498046875 0.5910635478794575 0.0342789888381958 0.06200561672449112
