0 0.1967235803604126 0.5735236667096615 0.052806079387664795 0.12478654831647873
0 0.4572084844112396 0.5875329822301865 0.041667938232421875 0.15681657195091248
0 0.1300609353929758 0.6934246197342873 0.0592830665409565 0.18353839218616486
0 0.38958706334233284 0.6082319766283035 0.0545869842171669 0.14983919262886047
0 0.2768275085836649 0.5048380568623543 0.031239915639162064 0.06856240332126617
0 0.10559557005763054 0.5817385390400887 0.05295924097299576 0.11269654333591461
0 0.3246792368590832 0.6399154216051102 0.0777456983923912 0.2897885739803314
0 0.12147901207208633 0.6121484749019146 0.06337697803974152 0.12201406806707382
0 0.24675572849810123 0.538148682564497 0.025891710072755814 0.0870371088385582
0 0.385243171826005 0.5317028127610683 0.03063516691327095 0.07892697304487228
0 0.3923460431396961 0.5543654821813107 0.04615948349237442 0.0775027796626091
