0 0.4892776906490326 0.6754225566983223 0.07912683486938477 0.22373153269290924
0 0.3084970060735941 0.635586328804493 0.043183375149965286 0.20852483808994293
0 0.7643445357680321 0.851163923740387 0.11194829642772675 0.2976721525192261
0 0.83250542730093 0.8636815547943115 0.11198119819164276 0.27263081073760986
0 0.15825890563428402 0.4224272035062313 0.04440845176577568 0.09957592934370041
0 0.6500220522284508 0.922998383641243 0.06384257972240448 0.15399542450904846
0 0.2554549388587475 0.5186557918787003 0.036678336560726166 0.1534217894077301
0 0.6345800645649433 0.3804139718413353 0.03314552456140518 0.08617530763149261
0 0.6839753985404968 0.36554569005966187 0.034090280532836914 0.0870136022567749
0 0.571696151047945 0.3975130133330822 0.03210888057947159 0.08323927968740463
0 0.5801401734352112 0.4670092202723026 0.03242135047912598 0.11903966218233109
0 0.2137004705145955 0.3911445178091526 0.03065636195242405 0.07417917996644974
0 0.11014246381819248 0.3762529380619526 0.036644238978624344 0.06735066324472427
0 0.254708219319582 0.442035760730505 0.04603777080774307 0.09348195046186447
0 0.2601772751659155 0.358278127387166 0.03526658937335014 0.05815160647034645
0 0.06675907224416733 0.3786088079214096 0.03844064474105835 0.07869675755500793
0 0.2808079123497009 0.4129423424601555 0.04619479179382324 0.0643460601568222
0 0.2864837162196636 0.4296359531581402 0.03798391669988632 0.062176428735256195
