0 0.8104864601045847 0.6590808480978012 0.05603628233075142 0.31133267283439636
0 0.5108366385102272 0.6478050649166107 0.07152576744556427 0.2771506905555725
0 0.8637259490787983 0.5103049129247665 0.03937873989343643 0.1963733732700348
0 0.9029275663197041 0.5247427746653557 0.04194603115320206 0.2195730060338974
0 0.603753924369812 0.6483847498893738 0.08153438568115234 0.2950221300125122
0 0.6641862746328115 0.5568016171455383 0.04579467698931694 0.18803507089614868
0 0.5839607007801533 0.36161669343709946 0.032436467707157135 0.10523109138011932
0 0.37962079606950283 0.335275337100029 0.04387004300951958 0.08154752850532532
0 0.6836729170754552 0.3631829395890236 0.027974272146821022 0.10870195925235748
0 0.7104630712419748 0.37219884246587753 0.031173039227724075 0.09259359538555145
0 0.5335526466369629 0.3897850029170513 0.03142428398132324 0.12208940833806992
0 0.512396240606904 0.3600049465894699 0.029813099652528763 0.07901337742805481
0 0.45381168089807034 0.31362124904990196 0.02303619310259819 0.06717412918806076
0 0.4849978806450963 0.3051760718226433 0.018152857199311256 0.06296955049037933
0 0.5223288889974356 0.2958451174199581 0.026019763201475143 0.06080680340528488
0 0.5249825473874807 0.3275641221553087 0.027611684054136276 0.05378759279847145
0 0.4116016747429967 0.34048896096646786 0.03050222434103489 0.05892853066325188
0 0.5766487838700414 0.3350343890488148 0.02065887488424778 0.06492201238870621
0 0.43497516494244337 0.3167784586548805 0.02689824067056179 0.07403554022312164
0 0.7002276657149196 0.3180526327341795 0.015233134850859642 0.040329065173864365
0 0.4251844100654125 0.31415797770023346 0.0317780002951622 0.0735192596912384
