0 0.6071574334055185 0.49309832975268364 0.03730206564068794 0.10842933505773544
0 0.4243084490299225 0.32726603373885155 0.018313884735107422 0.08871888369321823
0 0.6435123682022095 0.3998332843184471 0.028580665588378906 0.1335170716047287
0 0.6671751979738474 0.40725255757570267 0.029446888715028763 0.1369410902261734
0 0.38600414991378784 0.3027028627693653 0.021351933479309082 0.07514730840921402
0 0.47932992596179247 0.32460934296250343 0.019724274054169655 0.07712281495332718
0 0.23042779229581356 0.30048197880387306 0.030147742480039597 0.07392383366823196
0 0.5946920039132237 0.3191193472594023 0.024598503485322 0.06193646416068077
0 0.4907705970108509 0.5363535508513451 0.10415158420801163 0.2150816172361374
0 0.44918214064091444 0.3177762199193239 0.01625046692788601 0.04694262519478798
0 0.5711877467110753 0.31278667226433754 0.019470596686005592 0.07570315152406693
0 0.2533830013126135 0.3044745661318302 0.02381117269396782 0.0630490854382515
0 0.31190921645611525 0.27517049945890903 0.018778180703520775 0.05915241315960884
0 0.32603485602885485 0.2687428183853626 0.018378878012299538 0.055487461388111115
0 0.5428980235010386 0.4321838300675154 0.017536688596010208 0.05209058150649071
0 0.26792859472334385 0.28108055517077446 0.024523545056581497 0.05568733066320419
0 0.28171523194760084 0.2828189339488745 0.02211139164865017 0.055708568543195724
0 0.2892374754883349 0.2547424640506506 0.011013341136276722 0.023579131811857224
0 0.44822631496936083 0.2938801720738411 0.01827993430197239 0.03503824770450592
