0 0.3896336443722248 0.6460246816277504 0.04038200527429581 0.16947098076343536
0 0.22236308082938194 0.7850743979215622 0.06916853040456772 0.20392808318138123
0 0.31997280195355415 0.6464858725667 0.05511770397424698 0.20944680273532867
0 0.20396001264452934 0.5724896378815174 0.04370250552892685 0.12157122045755386
0 0.100740235298872 0.6891748011112213 0.08831056207418442 0.24222332239151
0 0.06551326811313629 0.6139440946280956 0.054009318351745605 0.12365790456533432
0 0.22950021550059319 0.6593134701251984 0.05833413451910019 0.1836596131324768
0 0.2794242985546589 0.5946307107806206 0.03847203403711319 0.1247016042470932
0 0.2569998763501644 0.5386925972998142 0.041991136968135834 0.10477931052446365
0 0.1458796737715602 0.5980799496173859 0.03056398592889309 0.11331719160079956
