0 0.34613030031323433 0.6319393515586853 0.06546590477228165 0.22971034049987793
0 0.4756031930446625 0.5077193900942802 0.04555320739746094 0.16252081096172333
0 0.5078027956187725 0.7202875763177872 0.04298701137304306 0.21337822079658508
0 0.585880970582366 0.5887811556458473 0.04516191408038139 0.20804990828037262
0 0.5460939891636372 0.6194862872362137 0.04509744793176651 0.24189427495002747
0 0.4045619424432516 0.4493672326207161 0.04293472692370415 0.13705207407474518
0 0.8484671823680401 0.449793066829443 0.043367765843868256 0.10015153139829636
0 0.958310853689909 0.3710506781935692 0.034285448491573334 0.11074422299861908
0 0.8492330797016621 0.35392023995518684 0.03532133251428604 0.07434717565774918
0 0.20393743738532066 0.3200342580676079 0.03390463441610336 0.0721881240606308
0 0.25123077910393476 0.33495134115219116 0.023987269029021263 0.08422785997390747
0 0.3841374162584543 0.4028595797717571 0.030655551701784134 0.10558261722326279
0 0.4218343375250697 0.32674913108348846 0.023592090234160423 0.06347063183784485
0 0.3161227526143193 0.35651765018701553 0.025100016966462135 0.0799541026353836
0 0.3996434509754181 0.3177696727216244 0.021489858627319336 0.07239299267530441
0 0.987266588024795 0.359146062284708 0.025460338220000267 0.06434548646211624
0 0.3311485890299082 0.3466905038803816 0.0231507308781147 0.061081524938344955
0 0.022773164324462414 0.310583021491766 0.03720761463046074 0.07208084315061569
0 0.9894028548151255 0.3799649327993393 0.02119426801800728 0.06385025382041931
