0 0.7985337004065514 0.7930943518877029 0.07306484878063202 0.4026896059513092
0 0.8662637956440449 0.565980814397335 0.04825887829065323 0.240040585398674
0 0.41217831894755363 0.7778975069522858 0.08777131885290146 0.38379722833633423
0 0.9194459430873394 0.584097221493721 0.05669679492712021 0.25596365332603455
0 0.5328247062861919 0.772249847650528 0.09957446902990341 0.4072820544242859
0 0.3083372414112091 0.3658246621489525 0.04143846035003662 0.10138492286205292
0 0.6014864202588797 0.6370352208614349 0.04561490938067436 0.2234315276145935
0 0.5318170189857483 0.3997332528233528 0.03499555587768555 0.13490642607212067
0 0.4278217554092407 0.32901015132665634 0.017818689346313477 0.07941471040248871
0 0.47512343525886536 0.42095620185136795 0.03876471519470215 0.18250520527362823
0 0.6461323983967304 0.3942764401435852 0.036512233316898346 0.1286599040031433
0 0.6230137106031179 0.3971917927265167 0.03112955018877983 0.12700819969177246
0 0.4502853872254491 0.3971516117453575 0.028948688879609108 0.08285336196422577
0 0.391879677772522 0.3350352942943573 0.02341914176940918 0.06811332702636719
0 0.366098964586854 0.35845890268683434 0.048004914075136185 0.07759659737348557
0 0.4664789019152522 0.3274625353515148 0.022339677438139915 0.04953040927648544
0 0.36922599095851183 0.31391322053968906 0.020896101370453835 0.038224685937166214
