0 0.7835329659283161 0.8312602788209915 0.11260495334863663 0.33747854828834534
0 0.8837705608457327 0.6062635481357574 0.05172748491168022 0.2786809206008911
0 0.37625737115740776 0.816864013671875 0.10484924167394638 0.36627197265625
0 0.9629707336425781 0.6292245090007782 0.05750274658203125 0.28971803188323975
0 0.5713178999722004 0.7054575532674789 0.051152803003787994 0.2858292758464813
0 0.5098583921790123 0.8054270446300507 0.08175139129161835 0.38747507333755493
0 0.5113629456609488 0.41527435928583145 0.035973262041807175 0.13356329500675201
0 0.2695797495543957 0.38059962168335915 0.06292536109685898 0.10688544064760208
0 0.6218804121017456 0.413587287068367 0.038999080657958984 0.14600422978401184
0 0.44683984480798244 0.4419693276286125 0.05288238450884819 0.190968319773674
0 0.5971805332228541 0.41787727177143097 0.028651809319853783 0.13631585240364075
0 0.4685875717550516 0.7628335058689117 0.05577807500958443 0.3103315234184265
0 0.4015251751989126 0.3415475897490978 0.01596374437212944 0.08589812368154526
0 0.44488569535315037 0.3428211510181427 0.02312474325299263 0.07598555088043213
0 0.32695746421813965 0.37108128517866135 0.029685258865356445 0.08003215491771698
0 0.43098248168826103 0.40366873890161514 0.042395733296871185 0.12933243811130524
0 0.347876513376832 0.3680202066898346 0.038101840764284134 0.0951089859008789
0 0.3699950994923711 0.34800102561712265 0.018680239096283913 0.08705554902553558
0 0.4328664541244507 0.37006527557969093 0.044625043869018555 0.0816880539059639
0 0.33588440995663404 0.3237074874341488 0.01285693608224392 0.033838145434856415
0 0.3470032634213567 0.32677626609802246 0.029815340414643288 0.049723923206329346
