0 0.35290330089628696 0.667263962328434 0.04703705385327339 0.1909133940935135
0 0.18693054653704166 0.8276026546955109 0.060875583440065384 0.23136180639266968
0 0.07956891879439354 0.6931194067001343 0.1001843810081482 0.2689342498779297
0 0.045506841503083706 0.631463959813118 0.06758318841457367 0.1481708586215973
0 0.18540315330028534 0.7113108113408089 0.054300129413604736 0.21022380888462067
0 0.2175622172653675 0.5548022389411926 0.04671899229288101 0.10865974426269531
0 0.1712583340704441 0.5725246667861938 0.04847637563943863 0.10897386074066162
0 0.2839948646724224 0.6921355575323105 0.056883953511714935 0.16710171103477478
0 0.2527447286993265 0.6458822339773178 0.040850091725587845 0.08575519919395447
0 0.2911272644996643 0.6289459615945816 0.04361367225646973 0.07089975476264954
0 0.2696295855566859 0.5889374557882547 0.01689610444009304 0.05119751766324043
0 0.16902779042720795 0.6177054196596146 0.04364258050918579 0.05033031105995178
