0 0.5378084182739258 0.5893113762140274 0.07255125045776367 0.24774017930030823
0 0.7939072251319885 0.5946735963225365 0.0611727237701416 0.24289105832576752
0 0.8498409744352102 0.4874975085258484 0.03704996034502983 0.18076705932617188
0 0.8855274431407452 0.49351273477077484 0.038718126714229584 0.19380560517311096
0 0.5964948888868093 0.3547796420753002 0.023484181612730026 0.09415438026189804
0 0.6157029047608376 0.6131631135940552 0.08264680206775665 0.2727765440940857
0 0.7222378728911281 0.35820912197232246 0.02771601639688015 0.0681367889046669
0 0.6713077537715435 0.5322776138782501 0.047530315816402435 0.16196531057357788
0 0.5422361614182591 0.37139705941081047 0.029896164312958717 0.10726489871740341
0 0.6957794185727835 0.3474731259047985 0.03175969049334526 0.09947844594717026
0 0.5788250323385 0.3307463265955448 0.019779156893491745 0.07835967093706131
0 0.5203852178528905 0.3444068878889084 0.028789663687348366 0.06854519248008728
0 0.3902598973363638 0.33054330572485924 0.027904104441404343 0.06163298338651657
0 0.4917712388560176 0.2945142351090908 0.021320199593901634 0.06393861025571823
0 0.5227238293737173 0.2917457614094019 0.02060670778155327 0.04835762456059456
0 0.4131665285676718 0.3152896538376808 0.026142310351133347 0.0642448216676712
0 0.4572072150185704 0.3063284959644079 0.019222641363739967 0.05276648327708244
0 0.6127548217773438 0.517016313970089 0.022484302520751953 0.06524471938610077
0 0.4429114880040288 0.3007472138851881 0.018964195623993874 0.05743592604994774
0 0.43567562103271484 0.3111937176436186 0.026251792907714844 0.04325684532523155
0 0.7110811471939087 0.31211753748357296 0.016898393630981445 0.04063324257731438
0 0.5244624968618155 0.31776887364685535 0.030770014971494675 0.053756777197122574
