0 0.4590459708124399 0.6313244178891182 0.0382109172642231 0.19716359674930573
0 0.9297735933214426 0.43876074627041817 0.03979473188519478 0.12348238378763199
0 0.38358662091195583 0.5544747561216354 0.05681021139025688 0.20109066367149353
0 0.955385709181428 0.3629729673266411 0.03210191801190376 0.09995685517787933
0 0.30357142724096775 0.3318181745707989 0.01986866071820259 0.08174522966146469
0 0.5410930141806602 0.5396978259086609 0.0719945877790451 0.25912052392959595
0 0.2558471979573369 0.3036421872675419 0.03004004992544651 0.06696809083223343
0 0.4773051980882883 0.4067017361521721 0.04591088369488716 0.10366283357143402
0 0.36738784331828356 0.3323267549276352 0.027644896879792213 0.07367536425590515
0 0.4722134890034795 0.3022821918129921 0.02897944487631321 0.07278622686862946
0 0.45267307199537754 0.30976982042193413 0.02125411108136177 0.06413879245519638
0 0.4579946883022785 0.39537031203508377 0.03325829654932022 0.10835571587085724
0 0.05054520256817341 0.3286075294017792 0.04885852709412575 0.08543175458908081
0 0.09384061954915524 0.29448485746979713 0.04515798017382622 0.06452185660600662
0 0.07659110426902771 0.301200807094574 0.04403350502252579 0.04495364427566528
0 0.08792825788259506 0.31256441585719585 0.04930725693702698 0.03819664940237999
0 0.4010583460330963 0.4872543141245842 0.016413569450378418 0.06484447419643402
