0 0.7238881476223469 0.5410836189985275 0.05865988880395889 0.2187044322490692
0 0.5290827676653862 0.5693112388253212 0.0675228089094162 0.21890224516391754
0 0.8140542265027761 0.4576546847820282 0.03673906251788139 0.1777738332748413
0 0.5670612929388881 0.342167254537344 0.021909570321440697 0.08821796625852585
0 0.7840963713824749 0.46669261530041695 0.03300013393163681 0.1206737533211708
0 0.5116212964057922 0.37117403745651245 0.02154397964477539 0.08703482151031494
0 0.5869630686938763 0.5761726051568985 0.07544960826635361 0.23897382616996765
0 0.6631974224001169 0.32789719477295876 0.02889733389019966 0.08584386855363846
0 0.6284336447715759 0.4867142587900162 0.05144143104553223 0.14508870244026184
0 0.4866298194974661 0.3260287418961525 0.027836989611387253 0.06441648304462433
0 0.6877897381782532 0.33948639035224915 0.02750372886657715 0.06715333461761475
0 0.44396514305844903 0.29323296062648296 0.014973354525864124 0.04428556188941002
0 0.3545121494680643 0.3133365139365196 0.03196423128247261 0.07466737926006317
0 0.8002691743895411 0.39560339227318764 0.024278735741972923 0.05545789748430252
0 0.4743498917669058 0.2828660234808922 0.021267365664243698 0.04093430936336517
0 0.37653508223593235 0.30813227593898773 0.0342971570789814 0.06492534279823303
0 0.41611809097230434 0.2962456624954939 0.01661701127886772 0.04912054166197777
0 0.5651661865413189 0.5477424785494804 0.05221404880285263 0.15924327075481415
0 0.3979711411520839 0.30357235856354237 0.029107308015227318 0.05349040403962135
0 0.5345214605331421 0.31903141736984253 0.015461444854736328 0.06851387023925781
0 0.5280084852129221 0.32357620261609554 0.027146149426698685 0.06036887690424919
0 0.40017716865986586 0.28909916430711746 0.0194838996976614 0.05791051685810089
0 0.6753399251028895 0.30097580701112747 0.015769338235259056 0.04232938587665558
