0 0.3803981728851795 0.649123027920723 0.04376385360956192 0.16872134804725647
0 0.5274423472583294 0.5551925972104073 0.03961148113012314 0.14023835957050323
0 0.013284270651638508 0.6659050956368446 0.026568541303277016 0.10630221664905548
0 0.15142802521586418 0.6793623343110085 0.047626279294490814 0.1756196767091751
0 0.45649223402142525 0.5611061528325081 0.03917703777551651 0.14707769453525543
0 0.3219226710498333 0.4633525349199772 0.03950943797826767 0.07438070327043533
0 0.26077817380428314 0.5060398280620575 0.023743510246276855 0.07068383693695068
0 0.2256501503288746 0.5361830405890942 0.03242204338312149 0.05698271840810776
0 0.11819962039589882 0.6253405809402466 0.06505884975194931 0.17349755764007568
0 0.13684348203241825 0.5468467138707638 0.043068815022706985 0.08578639477491379
0 0.38019196316599846 0.5709802210330963 0.0354248508810997 0.08269280195236206
0 0.39730340242385864 0.5154653415083885 0.028498053550720215 0.055625662207603455
0 0.43103618640452623 0.4921122118830681 0.025122547522187233 0.07711295783519745
0 0.1317238174378872 0.663411870598793 0.0856422558426857 0.13716045022010803
0 0.2445304337888956 0.49885883554816246 0.022925902158021927 0.05060785263776779
0 0.4091411652043462 0.485491257160902 0.015069866552948952 0.03724547475576401
0 0.14824829995632172 0.5568222925066948 0.0478135347366333 0.10010944306850433
0 0.13960743881762028 0.5844128802418709 0.05581187084317207 0.10422731935977936
