0 0.6543314214795828 0.5095351710915565 0.05362958833575249 0.17273296415805817
0 0.7249485608190298 0.41838573664426804 0.05534501001238823 0.15253524482250214
0 0.5264617679640651 0.3329933099448681 0.023499583825469017 0.08310040086507797
0 0.6301661729812622 0.320460956543684 0.04771995544433594 0.09367885440587997
0 0.5441228859126568 0.5361046940088272 0.08811964839696884 0.23246726393699646
0 0.4708753349259496 0.33974334970116615 0.021626615896821022 0.09403593093156815
0 0.4355169888585806 0.30841487646102905 0.020229052752256393 0.06950598955154419
0 0.5042971894145012 0.5112003907561302 0.06361965835094452 0.1710057109594345
0 0.40377017855644226 0.27933013066649437 0.020106077194213867 0.04498564451932907
0 0.2934649530798197 0.3087214548140764 0.02550797536969185 0.05323416367173195
0 0.37907702336087823 0.28242759965360165 0.013232064433395863 0.036465685814619064
0 0.48792093992233276 0.31515446677803993 0.01379251480102539 0.05445272475481033
0 0.3144439868628979 0.3041425496339798 0.033901117742061615 0.07499489188194275
0 0.571868384256959 0.468257661908865 0.04255800321698189 0.11140047758817673
0 0.35196458734571934 0.29100645147264004 0.01899402216076851 0.05060053989291191
0 0.33061115723103285 0.299742940813303 0.025933241471648216 0.05075497180223465
