0 0.5902706161141396 0.6909004524350166 0.10981650650501251 0.22008658945560455
0 0.19748395681381226 0.4422684535384178 0.06310909986495972 0.11246304214000702
0 0.8686963096261024 0.8696478456258774 0.1241428405046463 0.25982794165611267
0 0.3592353407293558 0.661155641078949 0.044091153889894485 0.17904281616210938
0 0.917700931429863 0.8637510240077972 0.1356707513332367 0.2702394127845764
0 0.5555480122566223 0.41146691516041756 0.03699684143066406 0.08130005747079849
0 0.12636862508952618 0.38529747165739536 0.04244865104556084 0.05405883863568306
0 0.7928698062896729 0.9426511228084564 0.05552816390991211 0.11300438642501831
0 0.29010145738720894 0.5161264538764954 0.050226904451847076 0.21314120292663574
0 0.3239094503223896 0.4250147417187691 0.05080244690179825 0.08270801603794098
0 0.22272815741598606 0.38788510113954544 0.03938489034771919 0.06420482695102692
0 0.575901186093688 0.49105285108089447 0.03363151475787163 0.12129482626914978
0 0.6482747904956341 0.37518907338380814 0.032897137105464935 0.09259279072284698
0 0.6054213158786297 0.3876153975725174 0.03488507121801376 0.08375409245491028
0 0.2748550297692418 0.39546010084450245 0.028346681967377663 0.05577540770173073
0 0.07637088373303413 0.38256741501390934 0.04271712154150009 0.05973656848073006
0 0.2565398933365941 0.3588884361088276 0.014929438009858131 0.03496990352869034
0 0.1741401432082057 0.40615661069750786 0.017113840207457542 0.03914900869131088
