0 0.2940541263669729 0.6436836570501328 0.05537695810198784 0.26744744181632996
0 0.1165233626961708 0.5149430483579636 0.08361880481243134 0.1614646017551422
0 0.4072393421083689 0.9375733397901058 0.0447118766605854 0.12485020607709885
0 0.5190865807235241 0.5555392280220985 0.04024329036474228 0.20109672844409943
0 0.4278283417224884 0.5874341204762459 0.04377388954162598 0.2041468769311905
0 0.19761615432798862 0.4860074892640114 0.03744601085782051 0.09870906174182892
0 0.48352596163749695 0.571062870323658 0.03584170341491699 0.18733812868595123
0 0.33144854940474033 0.5675940252840519 0.036450911313295364 0.11198217421770096
0 0.3667658269405365 0.5700584389269352 0.02969658374786377 0.12026006728410721
0 0.4011131701990962 0.5612198561429977 0.029073452576994896 0.16192778944969177
0 0.3320661662146449 0.4658970981836319 0.029616808518767357 0.08822110295295715
0 0.263045247644186 0.47948499768972397 0.037781260907649994 0.10883437097072601
0 0.2373754121363163 0.4729831665754318 0.04947683960199356 0.10169652104377747
0 0.29535041470080614 0.4579560235142708 0.02493610419332981 0.08200700581073761
0 0.32569681480526924 0.437759917229414 0.042131759226322174 0.0644347295165062
0 0.272503525018692 0.4196025114506483 0.015008330345153809 0.04139387235045433
0 0.2608200553804636 0.4098996873944998 0.02093963697552681 0.051560889929533005
0 0.2957661747932434 0.4319450967013836 0.02540290355682373 0.07356741279363632
0 0.22758184932172298 0.45315660536289215 0.03805429860949516 0.11170598864555359
0 0.23391308169811964 0.4108792096376419 0.018889999017119408 0.04227718710899353
0 0.3682714579626918 0.4905382078140974 0.011643385514616966 0.04387914761900902
