0 0.6384193897247314 0.5119665712118149 0.05104637145996094 0.16177096962928772
0 0.5117943407967687 0.33096954599022865 0.021509313955903053 0.08014310151338577
0 0.6272228006273508 0.31600750237703323 0.03162555769085884 0.08954162895679474
0 0.45598145108669996 0.344525083899498 0.018782710656523705 0.07563826441764832
0 0.7169726733118296 0.4213786944746971 0.04162149503827095 0.14755074679851532
0 0.6929373983293772 0.41370826214551926 0.033548641949892044 0.15336750447750092
0 0.520799957215786 0.5249049887061119 0.11282782256603241 0.24964015185832977
0 0.6040094494819641 0.3168700113892555 0.02330160140991211 0.08798052370548248
0 0.419942450709641 0.3050602376461029 0.02092614211142063 0.07214802503585815
0 0.3810579953715205 0.278729235753417 0.019637202844023705 0.04279662296175957
0 0.47479776106774807 0.30556496419012547 0.016785811632871628 0.048615921288728714
0 0.35811403999105096 0.2823640275746584 0.013891649432480335 0.039881620556116104
0 0.27445303183048964 0.3114939443767071 0.027675485238432884 0.056317053735256195
0 0.30730150267481804 0.30608467012643814 0.03631462901830673 0.06725944578647614
0 0.2980685830116272 0.3140560183674097 0.02359795570373535 0.05638851597905159
0 0.38774025440216064 0.25481596402823925 0.011084675788879395 0.02458646520972252
0 0.5543363094329834 0.4778966046869755 0.033144235610961914 0.07383740693330765
0 0.3311959560960531 0.2854611277580261 0.022293638437986374 0.04942512512207031
0 0.5692142965272069 0.4262320715934038 0.017171049490571022 0.05349040403962135
0 0.526974331587553 0.4697383791208267 0.040985964238643646 0.06306406855583191
0 0.459462302736938 0.3038903959095478 0.00991973839700222 0.031400300562381744
