0 0.39438291266560555 0.5454495400190353 0.0506039634346962 0.16136160492897034
0 0.3265555091202259 0.7557540684938431 0.0785205140709877 0.28498712182044983
0 0.5613157395273447 0.6817814409732819 0.04895072057843208 0.2618669867515564
0 0.6191545613110065 0.6616425663232803 0.04076109081506729 0.22657707333564758
0 0.3235750086605549 0.49534399062395096 0.0493224635720253 0.16294725239276886
0 0.8245660662651062 0.37832295149564743 0.03204345703125 0.06354086101055145
0 0.7450988767668605 0.43764330446720123 0.029106950387358665 0.1259666383266449
0 0.741442084312439 0.35651182383298874 0.030876636505126953 0.07860223948955536
0 0.2960406541824341 0.43561645597219467 0.027571916580200195 0.10414068400859833
0 0.3460672376677394 0.3295605331659317 0.02389047108590603 0.08427414298057556
0 0.26151243783533573 0.38005510717630386 0.031093526631593704 0.09262873232364655
0 0.1926180962473154 0.36051521822810173 0.02799605205655098 0.08939047902822495
0 0.12655808590352535 0.3251471873372793 0.03410233184695244 0.052255164831876755
0 0.8963297726586461 0.3568322993814945 0.02773895300924778 0.06431914120912552
0 0.15749256871640682 0.33725399523973465 0.02575201913714409 0.041813746094703674
0 0.31565085612237453 0.3429915402084589 0.01817626878619194 0.053942639380693436
0 0.8721996787935495 0.3617047555744648 0.03444509580731392 0.07786903530359268
0 0.8136786697432399 0.3347578216344118 0.016496753320097923 0.03666547313332558
0 0.3147592665627599 0.3238703664392233 0.019544029608368874 0.0536503903567791
