0 0.021284040063619614 0.674296323210001 0.04256808012723923 0.11867213994264603
0 0.15458552911877632 0.6890914663672447 0.05409441143274307 0.18106846511363983
0 0.6098482962697744 0.5187188684940338 0.026498030871152878 0.14241641759872437
0 0.26137359999120235 0.49300720542669296 0.028686832636594772 0.09101520478725433
0 0.20229164883494377 0.536764070391655 0.03596033900976181 0.11140462756156921
0 0.47795034013688564 0.5787305980920792 0.033128928393125534 0.13849309086799622
0 0.12836994789540768 0.6036320552229881 0.04775423929095268 0.14615266025066376
0 0.30564604979008436 0.4616124629974365 0.02391335926949978 0.06124144792556763
0 0.5315245147794485 0.5245192013680935 0.024028252810239792 0.1099083349108696
0 0.33382402639836073 0.4307592287659645 0.022050952538847923 0.05168367922306061
0 0.5432471986860037 0.4688815139234066 0.021592330187559128 0.0743260309100151
0 0.5021561738103628 0.46629152446985245 0.020467709749937057 0.07962913811206818
0 0.47095427475869656 0.4817792661488056 0.028473567217588425 0.05248413234949112
0 0.4528754176571965 0.5438419692218304 0.02541198767721653 0.09519132226705551
0 0.3093151096254587 0.420301154255867 0.02158062532544136 0.03116878867149353
0 0.33635376673191786 0.41419127583503723 0.01974782906472683 0.06968849897384644
0 0.5385896321386099 0.4848165363073349 0.024303149431943893 0.05585971474647522
