0 0.07348354533314705 0.5866558998823166 0.0725979208946228 0.1906832754611969
0 0.23008688539266586 0.7320818454027176 0.06991194188594818 0.30382588505744934
0 0.38513605669140816 0.6731602773070335 0.04664585739374161 0.22261624038219452
0 0.29013935290277004 0.6094478070735931 0.04561490938067436 0.20021480321884155
0 0.4554331302642822 0.6346593797206879 0.071533203125 0.21317452192306519
0 0.33724211528897285 0.6460899412631989 0.044629551470279694 0.25983768701553345
0 0.22200975753366947 0.5455246046185493 0.03830604627728462 0.1058441549539566
0 0.14948784932494164 0.5492330566048622 0.0428408607840538 0.11427523195743561
0 0.25837942957878113 0.48109664022922516 0.02963554859161377 0.10979482531547546
0 0.27544972859323025 0.475486196577549 0.031084608286619186 0.08566631376743317
0 0.20519350841641426 0.4895189180970192 0.0367727056145668 0.0549858957529068
0 0.17807303927838802 0.5306821316480637 0.038175057619810104 0.10289976000785828
0 0.18195945024490356 0.46262572333216667 0.01696866750717163 0.044748686254024506
0 0.22809469420462847 0.47339249588549137 0.016294384375214577 0.053808171302080154
