0 0.3824311252683401 0.8399440199136734 0.062459539622068405 0.320112019777298
0 0.28613849356770515 0.5456322282552719 0.0423879399895668 0.1785123646259308
0 0.36081082187592983 0.5851534679532051 0.040259432047605515 0.18173332512378693
0 0.6613237857818604 0.7298171073198318 0.05151724815368652 0.26796260476112366
0 0.7415438294410706 0.374384269118309 0.02978038787841797 0.09403058886528015
0 0.5980730056762695 0.7289538532495499 0.06291365623474121 0.29849591851234436
0 0.6713303802534938 0.4540135934948921 0.027657127007842064 0.12289924919605255
0 0.2994712833315134 0.346153162419796 0.029343176633119583 0.08307777345180511
0 0.7550119273364544 0.9427061639726162 0.040819309651851654 0.11458765715360641
0 0.16134960018098354 0.38804128766059875 0.026737045496702194 0.07061636447906494
0 0.6708119986578822 0.3724672719836235 0.026821231469511986 0.08169566094875336
0 0.25482832454144955 0.45104118436574936 0.02915317937731743 0.15172623097896576
0 0.2363197412341833 0.39016759023070335 0.03175241872668266 0.08678197115659714
0 0.08979308977723122 0.34272366389632225 0.034533701837062836 0.06407158821821213
0 0.7915484784170985 0.36023647524416447 0.030150508508086205 0.05311043933033943
0 0.2618229566141963 0.3474256210029125 0.019645309075713158 0.07572182267904282
0 0.8039294593036175 0.34828562289476395 0.04535212367773056 0.07403017580509186
0 0.12297115288674831 0.3405258357524872 0.02825457975268364 0.06683987379074097
0 0.14121882896870375 0.34982149861752987 0.02700558863580227 0.04620329663157463
