0 0.6554604545235634 0.5166241899132729 0.06301255524158478 0.17962630093097687
0 0.4404072882607579 0.307728324085474 0.019519710913300514 0.07446301728487015
0 0.4773044642060995 0.34089843928813934 0.025356005877256393 0.09939906001091003
0 0.5557981505990028 0.5257670655846596 0.08385415375232697 0.2282993346452713
0 0.5053447857499123 0.5277739688754082 0.06616230309009552 0.20714394748210907
0 0.7358431573957205 0.42078930884599686 0.04446215555071831 0.14820249378681183
0 0.6463988665491343 0.3306868076324463 0.025058317929506302 0.07108336687088013
0 0.6263639088720083 0.3186880387365818 0.03140587732195854 0.0928838923573494
0 0.41133302450180054 0.2828769441694021 0.021860837936401367 0.043318938463926315
0 0.7209907174110413 0.42122285813093185 0.0328369140625 0.1488279551267624
0 0.4913588403724134 0.32155557721853256 0.014490175060927868 0.06080256402492523
0 0.30410986579954624 0.31444959715008736 0.03222935274243355 0.05674133449792862
0 0.3859010813757777 0.28319508396089077 0.014411425217986107 0.04030085727572441
0 0.5304266335442662 0.3333568722009659 0.02138652838766575 0.08298572897911072
0 0.3224684949964285 0.31726544722914696 0.018504690378904343 0.051466815173625946
0 0.3891252754256129 0.25704486202448606 0.009467458352446556 0.01931001804769039
0 0.3591618062928319 0.2906727436929941 0.016493583098053932 0.05083130672574043
0 0.4184932471252978 0.2571420958265662 0.011296701617538929 0.026972411200404167
