0 0.418985927477479 0.61385827511549 0.041114259511232376 0.1729421466588974
0 0.27357595786452293 0.7426396235823631 0.06712200492620468 0.20778529345989227
0 0.23443100415170193 0.546764712780714 0.03779001161456108 0.11528303474187851
0 0.17018242552876472 0.5787239372730255 0.046762384474277496 0.10948020219802856
0 0.2780270576477051 0.5266527384519577 0.035335421562194824 0.11297878623008728
0 0.35454225540161133 0.6240419521927834 0.06084096431732178 0.177936390042305
0 0.08613196760416031 0.6005980148911476 0.04974483698606491 0.13029475510120392
0 0.1178634949028492 0.6894314736127853 0.06300920993089676 0.22647437453269958
0 0.2861679755151272 0.6257046312093735 0.07414355129003525 0.17201873660087585
0 0.10841046273708344 0.6188165284693241 0.08947233855724335 0.12012524157762527
0 0.3114898446947336 0.5617366954684258 0.04104511812329292 0.10676608979701996
