0 0.4785052165389061 0.7281737700104713 0.07015542685985565 0.24625761806964874
0 0.7195771932601929 0.6765638887882233 0.08828926086425781 0.19177526235580444
0 0.3739625457674265 0.5844816863536835 0.053330350667238235 0.15944141149520874
0 0.11678140796720982 0.40500954911112785 0.04796441271901131 0.08704384416341782
0 0.968417800962925 0.8899136856198311 0.06299085915088654 0.21858300268650055
0 0.30993635579943657 0.41087735816836357 0.05396916717290878 0.09699638932943344
0 0.1717696152627468 0.3914990518242121 0.04521336406469345 0.0616547055542469
0 0.3865820951759815 0.42756693810224533 0.04844103008508682 0.07714305818080902
0 0.5536147002130747 0.4181796908378601 0.03492026403546333 0.07897347211837769
0 0.9657101631164551 0.7910266816616058 0.06857967376708984 0.160824716091156
0 0.5900346878916025 0.40227002277970314 0.0381043441593647 0.08104337006807327
0 0.587175477296114 0.5115616358816624 0.03996763378381729 0.12244296818971634
0 0.27750809118151665 0.4335552304983139 0.06934037059545517 0.13311687111854553
0 0.3526829369366169 0.48222289234399796 0.04432962089776993 0.08119358122348785
0 0.6290607210248709 0.39201462268829346 0.02897806093096733 0.06647330522537231
0 0.6098734857514501 0.3906077668070793 0.028502369299530983 0.05662702023983002
0 0.6069531561806798 0.3715999461710453 0.028179550543427467 0.057320065796375275
