0 0.5742059238255024 0.7574559152126312 0.08551964908838272 0.25229698419570923
0 0.8076430559158325 0.6896418705582619 0.08971738815307617 0.1736634522676468
0 0.16006889007985592 0.41002437844872475 0.04972804710268974 0.07367939502000809
0 0.6054888609796762 0.5065257288515568 0.0385013110935688 0.0876055434346199
0 0.44216695986688137 0.5959846675395966 0.05668444558978081 0.15165680646896362
0 0.9834546335041523 0.7202472202479839 0.03309068828821182 0.08206024020910263
0 0.2112521044909954 0.40261981450021267 0.038421474397182465 0.056760024279356
0 0.40124892070889473 0.4864802174270153 0.05101761966943741 0.08379020541906357
0 0.43054550886154175 0.44537876918911934 0.03706789016723633 0.079461969435215
0 0.5551041960716248 0.4316037856042385 0.03674435615539551 0.07549463957548141
0 0.29426211677491665 0.41939179226756096 0.03730804845690727 0.07773878425359726
0 0.6182944774627686 0.40028949454426765 0.025017738342285156 0.060807205736637115
0 0.5744369514286518 0.40418189764022827 0.031630851328372955 0.064503014087677
0 0.33414270356297493 0.42963075637817383 0.04940543323755264 0.07307112216949463
0 0.33378782868385315 0.40190086513757706 0.04660975933074951 0.06424738466739655
0 0.5941548589617014 0.399245947599411 0.022861767560243607 0.051168739795684814
