0 0.11214335635304451 0.5214745625853539 0.08708497136831284 0.16816334426403046
0 0.29049757681787014 0.6543775051832199 0.05703587457537651 0.2691079080104828
0 0.5151602439582348 0.560114823281765 0.04194321483373642 0.2107500284910202
0 0.40217011608183384 0.9418797567486763 0.04055445268750191 0.11579097807407379
0 0.48046966828405857 0.5739363506436348 0.03456716611981392 0.18288053572177887
0 0.19433121755719185 0.4889387935400009 0.0384395495057106 0.09957584738731384
0 0.4258451219648123 0.5914514437317848 0.04348606988787651 0.20660586655139923
0 0.3290354013442993 0.5189190432429314 0.03744649887084961 0.19443146884441376
0 0.26263166032731533 0.486468605697155 0.03455836698412895 0.08805571496486664
0 0.36543997563421726 0.552293173968792 0.03020958974957466 0.1676267832517624
0 0.3982589840888977 0.5637585371732712 0.031238913536071777 0.16235271096229553
0 0.29462679009884596 0.4520794004201889 0.025378679856657982 0.1360739767551422
0 0.22282763198018074 0.4651440642774105 0.036997295916080475 0.11865323036909103
0 0.32335140742361546 0.44130196422338486 0.04136531427502632 0.06873707473278046
0 0.2451705988496542 0.4520347323268652 0.03298206254839897 0.06092838570475578
0 0.25675877928733826 0.4142230525612831 0.020745038986206055 0.055500879883766174
0 0.27089203614741564 0.4276439379900694 0.015216970816254616 0.053309883922338486
0 0.23118558805435896 0.4128750693053007 0.0213227029889822 0.043462540954351425
0 0.2997372504323721 0.43851612135767937 0.03359789773821831 0.06664403527975082
