0 0.5508285984396935 0.6697043925523758 0.08388189971446991 0.20476272702217102
0 0.3490994032472372 0.6702220663428307 0.05354494974017143 0.20850758254528046
0 0.6551513429731131 0.37055544182658195 0.031108330935239792 0.08793040364980698
0 0.8465385586023331 0.8700554966926575 0.13268008828163147 0.25911474227905273
0 0.18412338197231293 0.42767101898789406 0.05203711986541748 0.10243809968233109
0 0.8961153626441956 0.8633178919553757 0.13387537002563477 0.2721717059612274
0 0.22111235186457634 0.3882775083184242 0.042050622403621674 0.06254692375659943
0 0.7564075700938702 0.9433273039758205 0.06192746013402939 0.11325692385435104
0 0.2805757764726877 0.533224456012249 0.04197268560528755 0.14294670522212982
0 0.12298160791397095 0.3808881603181362 0.04329395294189453 0.05617063492536545
0 0.07320757023990154 0.38714610040187836 0.03976328298449516 0.08293130993843079
0 0.26657945290207863 0.3765419274568558 0.037737585604190826 0.07507017254829407
0 0.6140967253595591 0.39658235758543015 0.029369641095399857 0.05678282678127289
0 0.5793556328862906 0.47400614991784096 0.04841799661517143 0.11603880673646927
0 0.5584759600460529 0.4029478281736374 0.03509221225976944 0.08000513911247253
0 0.2763467784970999 0.4546550177037716 0.04301245138049126 0.10869907587766647
0 0.311700988560915 0.41310728527605534 0.04165170341730118 0.06171735003590584
0 0.6042155623435974 0.3614369686692953 0.015124082565307617 0.03139038011431694
