0 0.8435944803059101 0.7692404538393021 0.10759768635034561 0.2488129436969757
0 0.4948750324547291 0.5095381513237953 0.04683241993188858 0.08994831144809723
0 0.2653587721288204 0.4576059356331825 0.05512549728155136 0.08142586052417755
0 0.07278749719262123 0.6374919191002846 0.05484817177057266 0.16736538708209991
0 0.9383130185306072 0.7846579849720001 0.11881961673498154 0.2378740906715393
0 0.14442558027803898 0.5109875723719597 0.039805818349123 0.11527858674526215
0 0.6566395647823811 0.662126749753952 0.071050263941288 0.17444950342178345
0 0.9576466083526611 0.7146368995308876 0.08470678329467773 0.16856439411640167
0 0.32990413904190063 0.4442870430648327 0.036179184913635254 0.0705777034163475
0 0.6559879183769226 0.5777458101511002 0.058356285095214844 0.11395886540412903
0 0.09595507569611073 0.5088204592466354 0.05269806459546089 0.09372761845588684
0 0.02446826361119747 0.5938810855150223 0.04893652722239494 0.18326547741889954
0 0.36344411969184875 0.4537641927599907 0.027875065803527832 0.07425956428050995
0 0.5318637005984783 0.46930423751473427 0.04324831813573837 0.10495961457490921
0 0.5004899622872472 0.4468719344586134 0.025792742148041725 0.06100904569029808
0 0.39882148522883654 0.48893139511346817 0.02966942824423313 0.07525219023227692
0 0.43039255775511265 0.4794323965907097 0.029113102704286575 0.06827430427074432
0 0.4581565735861659 0.4688654765486717 0.02172265015542507 0.0816863626241684
0 0.5188768748193979 0.436289481818676 0.024470854550600052 0.03998290002346039
0 0.45872093457728624 0.4917479306459427 0.0204633716493845 0.05495181679725647
0 0.4424709193408489 0.4888435862958431 0.04539313167333603 0.08131014555692673
0 0.041495418176054955 0.5619299486279488 0.040755558758974075 0.08826090395450592
0 0.5166998626664281 0.41924044862389565 0.026431942358613014 0.06283993273973465
0 0.016463196370750666 0.5221854578703642 0.020922834053635597 0.05867966637015343
