0 0.13528555259108543 0.6430585831403732 0.053195975720882416 0.15833553671836853
0 0.2919377088546753 0.4580307714641094 0.04721808433532715 0.07581939548254013
0 0.9392073974013329 0.7563802152872086 0.1037934273481369 0.25405290722846985
0 0.8628774397075176 0.762453019618988 0.10468044131994247 0.23564589023590088
0 0.49192425049841404 0.5135562121868134 0.0434453971683979 0.09373605251312256
0 0.05874740891158581 0.6023832708597183 0.06987903267145157 0.18801608681678772
0 0.6671906001865864 0.585138738155365 0.05582413822412491 0.110992431640625
0 0.1929432861506939 0.5069126412272453 0.0467042550444603 0.08644329011440277
0 0.15029439330101013 0.5089696384966373 0.046781837940216064 0.09139616042375565
0 0.6911974549293518 0.6800659745931625 0.06668949127197266 0.13169047236442566
0 0.5211022440344095 0.46314676851034164 0.04313211515545845 0.08703719079494476
0 0.3985945638269186 0.48542390018701553 0.03441734239459038 0.10488475859165192
0 0.34899042174220085 0.453005563467741 0.03439822047948837 0.07374318689107895
0 0.48128047585487366 0.45037055388092995 0.02521800994873047 0.06622005254030228
0 0.4320413116365671 0.48718324676156044 0.04185085371136665 0.09179408103227615
0 0.37357536517083645 0.4629070423543453 0.026867341250181198 0.06918513029813766
0 0.3754770876839757 0.48684895038604736 0.02345576323568821 0.06208038330078125
0 0.08177450485527515 0.554156269878149 0.023095685988664627 0.05063646286725998
