0 0.795678187161684 0.7945568114519119 0.11141595989465714 0.2799585163593292
0 0.6099594607949257 0.6592361107468605 0.06854338943958282 0.1770380288362503
0 0.9215408191084862 0.754489466547966 0.09353332221508026 0.21145007014274597
0 0.5007289350032806 0.5023907050490379 0.07126569747924805 0.1623126119375229
0 0.08870902471244335 0.5070477202534676 0.061118144541978836 0.12228669226169586
0 0.6524032466113567 0.5671996921300888 0.04752197116613388 0.1300959289073944
0 0.9717944376170635 0.7119110152125359 0.05641116946935654 0.15041516721248627
0 0.028105346485972404 0.48809174820780754 0.04609301686286926 0.09506132453680038
0 0.3582400567829609 0.4616584852337837 0.0385875478386879 0.09318728744983673
0 0.24495108798146248 0.4400564208626747 0.038312651216983795 0.08408249914646149
0 0.30115110240876675 0.4332876317203045 0.03980357572436333 0.0625813826918602
0 0.3891088366508484 0.4512156695127487 0.04051971435546875 0.09135416150093079
0 0.42843824066221714 0.45680248364806175 0.04769115522503853 0.10141962021589279
0 0.5654398445039988 0.47002977691590786 0.03109150007367134 0.05169792100787163
0 0.5422441363334656 0.4388332236558199 0.026068449020385742 0.055368635803461075
0 0.00839991495013237 0.6487283408641815 0.01679982990026474 0.09869736433029175
0 0.5625693202018738 0.4234458338469267 0.033930063247680664 0.0590185783803463
0 0.5503437407314777 0.41791680827736855 0.03802786022424698 0.07819921523332596
