0 0.4676104299724102 0.5871320813894272 0.04665055125951767 0.1565292775630951
0 0.20262382552027702 0.564956109970808 0.052274249494075775 0.11937149614095688
0 0.13553494587540627 0.6982897371053696 0.0524505153298378 0.19352981448173523
0 0.39511900022625923 0.6108817309141159 0.06207094341516495 0.15761825442314148
0 0.249456400051713 0.5219249166548252 0.026281166821718216 0.10238338261842728
0 0.3257777448743582 0.7029622420668602 0.055556606501340866 0.2053178995847702
0 0.27852011285722256 0.4991944879293442 0.031200837343931198 0.09125921130180359
0 0.11932799592614174 0.6116685420274734 0.06522337347269058 0.1306838095188141
0 0.3271579034626484 0.5892214849591255 0.04770705848932266 0.13089264929294586
0 0.353675639256835 0.5370180755853653 0.03988141939043999 0.10097232460975647
0 0.3931218031793833 0.5206405743956566 0.029972005635499954 0.08252750337123871
0 0.12344710528850555 0.5434549897909164 0.020446062088012695 0.04658970236778259
