0 0.19890272989869118 0.7747313976287842 0.07133159786462784 0.2970612049102783
0 0.05124871525913477 0.6112297028303146 0.07652273029088974 0.1809351146221161
0 0.36349939182400703 0.7120179459452629 0.04845795780420303 0.22942017018795013
0 0.27681865729391575 0.6518633589148521 0.04969506338238716 0.21597866714000702
0 0.4452623724937439 0.6583669185638428 0.04712557792663574 0.2501678466796875
0 0.3194282241165638 0.6534215584397316 0.0386563315987587 0.23095186054706573
0 0.25760044530034065 0.520377591252327 0.06193277984857559 0.15421876311302185
0 0.1561779137700796 0.5385998785495758 0.028512131422758102 0.1485450267791748
0 0.1269666589796543 0.5448357611894608 0.03978452831506729 0.13711044192314148
0 0.41467688605189323 0.6687164530158043 0.03622724860906601 0.2226664274930954
0 0.19569294713437557 0.5553176328539848 0.05020345374941826 0.164986714720726
0 0.19757499732077122 0.47559646144509315 0.021966326981782913 0.05173666030168533
