0 0.6334221251308918 0.516065701842308 0.05252823978662491 0.15160712599754333
0 0.5071118175983429 0.3303847461938858 0.020982980728149414 0.08215346932411194
0 0.4516780795529485 0.3344236761331558 0.01885404624044895 0.09077820181846619
0 0.7096047876402736 0.4170171841979027 0.029636716470122337 0.14259164035320282
0 0.4153845189139247 0.30703993141651154 0.02242145501077175 0.07598063349723816
0 0.6208069920539856 0.3128257505595684 0.03339242935180664 0.08793260902166367
0 0.5169542916119099 0.5234569385647774 0.11206064373254776 0.2488587647676468
0 0.6846490260213614 0.41147661209106445 0.03152437135577202 0.148548424243927
0 0.3727757278829813 0.2778299432247877 0.02109556272625923 0.04630750045180321
0 0.5984706999734044 0.316531740128994 0.022937679663300514 0.08332036435604095
0 0.4712440613657236 0.31162137538194656 0.01645045354962349 0.059835031628608704
0 0.2669666763395071 0.3103121183812618 0.026259612292051315 0.054986827075481415
0 0.35141347628086805 0.2753934729844332 0.01583251915872097 0.058290038257837296
0 0.32490468584001064 0.2846238259226084 0.021773289889097214 0.046321380883455276
0 0.5495133884251118 0.4683038294315338 0.033510781824588776 0.07063424587249756
0 0.3314387798309326 0.25675029307603836 0.012937068939208984 0.02322523295879364
0 0.5633750082924962 0.43378305807709694 0.021970177069306374 0.06914020329713821
0 0.5158751606941223 0.4654381535947323 0.032904863357543945 0.06406258791685104
0 0.3801367520354688 0.2522926488891244 0.010061669163405895 0.02490300126373768
