0 0.4915727972984314 0.5708051696419716 0.04349184036254883 0.14669515192508698
0 0.2107434757053852 0.5536610931158066 0.04166630655527115 0.12945988774299622
0 0.140675975009799 0.6769992485642433 0.05504865571856499 0.16533775627613068
0 0.2900977376848459 0.4905089773237705 0.036559272557497025 0.09288550168275833
0 0.34747192822396755 0.6801970899105072 0.05049402639269829 0.18096882104873657
0 0.25275771878659725 0.5000927448272705 0.024758528918027878 0.082619309425354
0 0.4204702917486429 0.5868318006396294 0.049482155591249466 0.14711926877498627
0 0.40798403043299913 0.5142722316086292 0.025098109617829323 0.08111856132745743
0 0.1233321875333786 0.566199105232954 0.05248942971229553 0.08298810571432114
0 0.3837218638509512 0.503466110676527 0.020282577723264694 0.03907110542058945
0 0.3512193076312542 0.5829424299299717 0.046240709722042084 0.11064542084932327
0 0.13923709373921156 0.5518640801310539 0.028710579499602318 0.0678313821554184
0 0.36794034764170647 0.532802902162075 0.03185214847326279 0.06509153544902802
0 0.11935937777161598 0.6387985199689865 0.05241531878709793 0.10636922717094421
0 0.1311466582119465 0.6167353913187981 0.0737001821398735 0.10886357724666595
