0 0.227816853672266 0.5394021905958652 0.03857610374689102 0.10407138615846634
0 0.4111795239150524 0.6066297292709351 0.03670515865087509 0.1540839672088623
0 0.2524136118590832 0.757012851536274 0.05590631812810898 0.14471961557865143
0 0.266180332750082 0.6295004412531853 0.06355216354131699 0.1633462756872177
0 0.34884738363325596 0.6186359152197838 0.06131093576550484 0.1641661375761032
0 0.08094721287488937 0.6204207465052605 0.0488017275929451 0.147544726729393
0 0.1063385121524334 0.7115300074219704 0.06609585136175156 0.14654214680194855
0 0.1613272875547409 0.5881472304463387 0.04565161466598511 0.10789705812931061
0 0.3026646859943867 0.5756961330771446 0.03826413303613663 0.1057453602552414
0 0.27250646986067295 0.5226804129779339 0.03769378736615181 0.10134794563055038
0 0.11304973997175694 0.6369460560381413 0.06244446709752083 0.09698206931352615
0 0.3457575086504221 0.5562799423933029 0.03432505205273628 0.08738598227500916
