0 0.36716892197728157 0.5968804508447647 0.06447169929742813 0.22862985730171204
0 0.485015070065856 0.6866748854517937 0.04159660264849663 0.2228402942419052
0 0.8852219823747873 0.44569991528987885 0.041138458997011185 0.1240827739238739
0 0.541356086730957 0.5853550508618355 0.04839038848876953 0.20687760412693024
0 0.5767157319933176 0.5514494851231575 0.033823300153017044 0.1870209127664566
0 0.5079138167202473 0.488500215113163 0.04313097149133682 0.14506013691425323
0 0.056197019293904305 0.30339647457003593 0.04181547835469246 0.07298698276281357
0 0.437832647934556 0.4201614744961262 0.04425172880291939 0.1136263981461525
0 0.34406784176826477 0.3448837026953697 0.03535914421081543 0.0847085565328598
0 0.8961388356983662 0.3628888949751854 0.03408680111169815 0.09542660415172577
0 0.27585120778530836 0.3353276811540127 0.020704245194792747 0.08592527359724045
0 0.41839428525418043 0.3852229230105877 0.029610252007842064 0.08656825870275497
0 0.42802995443344116 0.30969663709402084 0.024189233779907227 0.07010118663311005
0 0.4455264452844858 0.3129457086324692 0.024486590176820755 0.07861343026161194
0 0.019599346909672022 0.3500991538167 0.025401795282959938 0.05565477907657623
0 0.22833733540028334 0.31166088581085205 0.028251027688384056 0.07340431213378906
0 0.5445459722541273 0.5159850753843784 0.014247464947402477 0.06457502394914627
0 0.018141764624843404 0.3114921934902668 0.03628318011760712 0.05447510629892349
0 0.35185410361737013 0.32480380311608315 0.021889423951506615 0.06443733721971512
