0 0.3517422080039978 0.6563139110803604 0.048723459243774414 0.1719525158405304
0 0.18535085581243038 0.8397084623575211 0.05810822173953056 0.2364507019519806
0 0.2158343307673931 0.5633033365011215 0.04720344394445419 0.1269383728504181
0 0.0436811875551939 0.6268569156527519 0.06454471498727798 0.1264333575963974
0 0.28345973417162895 0.6934293881058693 0.0560317263007164 0.16576559841632843
0 0.1839611828327179 0.709053173661232 0.04966825246810913 0.21387723088264465
0 0.06279321201145649 0.7197385281324387 0.06859113276004791 0.20321163535118103
0 0.17039494588971138 0.5705835148692131 0.04598955065011978 0.10883365571498871
0 0.25429837964475155 0.6321323812007904 0.0467800609767437 0.13108867406845093
0 0.11627872101962566 0.5784964635968208 0.025162648409605026 0.04662920534610748
0 0.09690819308161736 0.6217325292527676 0.041150398552417755 0.0956718847155571
0 0.2947031371295452 0.6102915965020657 0.03681936115026474 0.10000788420438766
0 0.04841282591223717 0.6655117385089397 0.06438754498958588 0.10777761787176132
