0 0.9069361574947834 0.6312071830034256 0.055875398218631744 0.28248628973960876
0 0.776788018643856 0.8571320623159409 0.1247280091047287 0.2857358157634735
0 0.49487766064703465 0.4320334494113922 0.03679971769452095 0.14361149072647095
0 0.5455928556621075 0.7648711800575256 0.05663742870092392 0.34305310249328613
0 0.4641634225845337 0.8232642561197281 0.10765337944030762 0.3534715473651886
0 0.24984475411474705 0.3942635767161846 0.04865925386548042 0.1089068278670311
0 0.9881061790511012 0.7203511297702789 0.023787593469023705 0.23922628164291382
0 0.3322358503937721 0.8552247881889343 0.09544511139392853 0.28954946994781494
0 0.38271536212414503 0.35570763051509857 0.0164854284375906 0.08640721440315247
0 0.5944356322288513 0.4375777691602707 0.05858945846557617 0.15668979287147522
0 0.3044041097164154 0.3828117251396179 0.032985806465148926 0.07906210422515869
0 0.3386605028063059 0.36713576316833496 0.04394249990582466 0.11481344699859619
0 0.44290323182940483 0.4086884558200836 0.031626127660274506 0.09018898010253906
0 0.4295977232977748 0.35675156116485596 0.020660018548369408 0.059065818786621094
0 0.40604376792907715 0.4333649016916752 0.032411932945251465 0.09557194262742996
0 0.41665179654955864 0.4739038571715355 0.041640423238277435 0.14305321872234344
