0 0.21188895776867867 0.782718613743782 0.07185069471597672 0.1940331757068634
0 0.38171649537980556 0.6398054212331772 0.03874976560473442 0.1709335744380951
0 0.19829663261771202 0.5698626898229122 0.04159810394048691 0.1196017786860466
0 0.31154561042785645 0.6643745675683022 0.05287444591522217 0.19264788925647736
0 0.06441755406558514 0.615143358707428 0.05524761602282524 0.11896896362304688
0 0.2144191600382328 0.6791641190648079 0.06492141634225845 0.20200826227664948
0 0.27515042945742607 0.6163072511553764 0.04022087901830673 0.14461182057857513
0 0.2493867166340351 0.5458068139851093 0.04558596760034561 0.1094432845711708
0 0.09239806607365608 0.6866361871361732 0.08430413156747818 0.24198324978351593
0 0.133051922544837 0.6012656092643738 0.05257071182131767 0.10408270359039307
0 0.32174156326800585 0.5541930124163628 0.015975499525666237 0.0395117849111557
0 0.2442345805466175 0.5969768092036247 0.036234237253665924 0.07129703462123871
