0 0.7302144523710012 0.6546638235449791 0.054697226732969284 0.16351954638957977
0 0.8752666711807251 0.7152161076664925 0.07380056381225586 0.2196340709924698
0 0.7648184411227703 0.5856320150196552 0.06135191768407822 0.11854324489831924
0 0.06050574406981468 0.5539994612336159 0.03448640555143356 0.12620069086551666
0 0.322934877127409 0.5842769593000412 0.04497113078832626 0.23420104384422302
0 0.5869080666452646 0.4706619009375572 0.03226833418011665 0.0936305969953537
0 0.9437500722706318 0.725355789065361 0.07923422008752823 0.19876882433891296
0 0.9457713849842548 0.6560638248920441 0.08210811764001846 0.1420767903327942
0 0.007443851325660944 0.582459881901741 0.014887702651321888 0.10396435856819153
0 0.26461829617619514 0.6036745607852936 0.05251023918390274 0.21470260620117188
0 0.4308586120605469 0.4546586237847805 0.04117870330810547 0.08541124314069748
0 0.23194719851016998 0.6031857579946518 0.03746068477630615 0.15404018759727478
0 0.5441742185503244 0.5212911479175091 0.02810649946331978 0.06702490895986557
0 0.5100431926548481 0.49718355014920235 0.033619023859500885 0.11112717539072037
0 0.4746983703225851 0.4946233108639717 0.05027766153216362 0.11113061010837555
0 0.5454056262969971 0.4499289244413376 0.04275345802307129 0.09530851244926453
0 0.5324997426941991 0.42350682616233826 0.020098114386200905 0.06942719221115112
