0 0.19637365266680717 0.8405255079269409 0.07273115962743759 0.2515915632247925
0 0.3676102701574564 0.6632825210690498 0.04338054731488228 0.17475856840610504
0 0.1859661042690277 0.5745898671448231 0.042787909507751465 0.11142722517251968
0 0.08672439306974411 0.6915318295359612 0.09058469533920288 0.21940265595912933
0 0.2634805738925934 0.6141821518540382 0.04082286357879639 0.12181086838245392
0 0.056781893596053123 0.6268197298049927 0.06096573919057846 0.13252699375152588
0 0.29906490445137024 0.6725938096642494 0.05067241191864014 0.18943460285663605
0 0.23094238340854645 0.5589905567467213 0.04646027088165283 0.1086527481675148
0 0.2078852243721485 0.6476403698325157 0.06887338310480118 0.21074239909648895
0 0.12947801314294338 0.5808107778429985 0.020598363131284714 0.05992995202541351
0 0.30142152309417725 0.6015958450734615 0.04517054557800293 0.12166934460401535
