0 0.761171530932188 0.7077695950865746 0.10611977428197861 0.21839730441570282
0 0.5131622143089771 0.7185048833489418 0.07518801838159561 0.22947056591510773
0 0.9735186100006104 0.7834464907646179 0.0529627799987793 0.13672959804534912
0 0.5946356542408466 0.5209963209927082 0.038886167109012604 0.12265578657388687
0 0.13102166540920734 0.4021207056939602 0.046670008450746536 0.07499711960554123
0 0.396283071488142 0.5889231041073799 0.050745271146297455 0.16846181452274323
0 0.37131177820265293 0.4937944822013378 0.05135529115796089 0.1101999506354332
0 0.4094180818647146 0.4415489099919796 0.0506487600505352 0.0834120437502861
0 0.18860674276947975 0.40445544570684433 0.04292569309473038 0.06524764001369476
0 0.5527011156082153 0.43139316886663437 0.04027366638183594 0.08620266616344452
0 0.2726261019706726 0.4057108387351036 0.03216671943664551 0.0635402649641037
0 0.3179372362792492 0.39802199974656105 0.04183211177587509 0.07242155820131302
0 0.584079671651125 0.39658133313059807 0.034278251230716705 0.07141973823308945
0 0.6272780895233154 0.4019375666975975 0.025508403778076172 0.07018356025218964
0 0.30741468630731106 0.4572745971381664 0.03651542589068413 0.07438095659017563
0 0.32449142914265394 0.42549292743206024 0.03073880635201931 0.06994929909706116
0 0.6037610769271851 0.3910304382443428 0.028714656829833984 0.05752237141132355
