0 0.5182925574481487 0.5620775520801544 0.040109775960445404 0.14640265703201294
0 0.4460125323385 0.5768681466579437 0.04398507997393608 0.144109308719635
0 0.14746293053030968 0.6869413554668427 0.054511286318302155 0.1771363615989685
0 0.3151358962059021 0.483076561242342 0.0422976016998291 0.0853678360581398
0 0.22058655694127083 0.5496731176972389 0.03533361107110977 0.07897491753101349
0 0.3728203531354666 0.6669638305902481 0.04440135881304741 0.17053452134132385
0 0.25642130989581347 0.5145579166710377 0.0266894344240427 0.07057151943445206
0 0.3751336745917797 0.5864037238061428 0.04151191562414169 0.09980761259794235
0 0.01301469813552103 0.666198119521141 0.026026036590337753 0.09492000937461853
0 0.12240773439407349 0.5921980291604996 0.06462599337100983 0.18045416474342346
0 0.42431787867099047 0.5008005425333977 0.024047279730439186 0.07061140239238739
0 0.3918215334415436 0.5260826721787453 0.029958128929138184 0.06470705568790436
0 0.23599577881395817 0.5009957607835531 0.017589259892702103 0.04381866380572319
0 0.13675291277468204 0.6424978859722614 0.04976414516568184 0.09019754081964493
0 0.3939959881827235 0.49953868612647057 0.030210232362151146 0.06664615124464035
