0 0.36636044830083847 0.8379927724599838 0.07603351771831512 0.3240143954753876
0 0.3658922016620636 0.5802834033966064 0.04531502723693848 0.17607539892196655
0 0.5844636671245098 0.7373634427785873 0.053786180913448334 0.30839940905570984
0 0.6548246741294861 0.706061527132988 0.05889129638671875 0.23863479495048523
0 0.6885818364098668 0.4094725400209427 0.029548073187470436 0.17266473174095154
0 0.2933031562715769 0.5345203131437302 0.04399983957409859 0.17879506945610046
0 0.761311138048768 0.36901993304491043 0.031006623059511185 0.09773088991641998
0 0.7290580030530691 0.9230089485645294 0.06155509874224663 0.15301233530044556
0 0.311161863617599 0.33901093527674675 0.027913665398955345 0.08522071689367294
0 0.17118195910006762 0.38699750788509846 0.027918362990021706 0.05861464515328407
0 0.27581529039889574 0.3464994318783283 0.019646668806672096 0.07411573082208633
0 0.12913104705512524 0.34691833704710007 0.033047329634428024 0.07672099769115448
0 0.0993777196854353 0.34446781873703003 0.03485585376620293 0.06334429979324341
0 0.8203335646539927 0.36646493524312973 0.04530339315533638 0.0778268426656723
0 0.251805167645216 0.43222005665302277 0.05187644809484482 0.16018512845039368
0 0.8199446443468332 0.3401574268937111 0.04564480856060982 0.06628794968128204
0 0.15791231114417315 0.34847167506814003 0.014326954260468483 0.03586084395647049
