0 0.10332204401493073 0.8249311521649361 0.08258935809135437 0.245360866189003
0 0.35594333335757256 0.7339564487338066 0.049256227910518646 0.24619708955287933
0 0.23091169260442257 0.8663569986820221 0.05770738050341606 0.26653391122817993
0 0.3081638514995575 0.7774703502655029 0.05296146869659424 0.24948501586914062
0 0.09283097833395004 0.6893173903226852 0.05236625671386719 0.19428583979606628
0 0.23175138607621193 0.686610758304596 0.06988690048456192 0.1560509204864502
0 0.04356387723237276 0.636905662715435 0.06374388933181763 0.17584596574306488
0 0.18715516291558743 0.593366950750351 0.04172469303011894 0.15206378698349
0 0.16865744069218636 0.5826221890747547 0.0390758290886879 0.12473932653665543
0 0.09323427639901638 0.5670849923044443 0.034452151507139206 0.05211906507611275
0 0.25671104714274406 0.7213969379663467 0.07666339725255966 0.23552826046943665
0 0.07764513790607452 0.6368876248598099 0.054144807159900665 0.10264948010444641
0 0.2885152157396078 0.6314217820763588 0.019222568720579147 0.06287629902362823
0 0.06349603552371264 0.5743547976016998 0.021706128492951393 0.04829627275466919
