0 0.34101756289601326 0.6463555842638016 0.07217691093683243 0.2540338337421417
0 0.5182525999844074 0.7549502998590469 0.04536757618188858 0.2533175051212311
0 0.46239855885505676 0.4932388439774513 0.04530692100524902 0.1363997608423233
0 0.8389619942754507 0.45138853043317795 0.039792250841856 0.0974944680929184
0 0.5908788330852985 0.5919682756066322 0.041092731058597565 0.2065373808145523
0 0.8322644587606192 0.3590807691216469 0.03753633424639702 0.08646543323993683
0 0.5468464139848948 0.6113392636179924 0.04792480543255806 0.23560498654842377
0 0.38995589688420296 0.4416455402970314 0.04475364834070206 0.1295597106218338
0 0.31032317876815796 0.3489242382347584 0.03450202941894531 0.08908049017190933
0 0.23955776076763868 0.33956103026866913 0.024962281808257103 0.08549138903617859
0 0.36881097592413425 0.4029945023357868 0.030005384236574173 0.11528012901544571
0 0.3859709445387125 0.314532820135355 0.018420983105897903 0.06446851044893265
0 0.9721609354019165 0.3722521886229515 0.04239654541015625 0.08651863038539886
0 0.9356897473335266 0.377866443246603 0.03138542175292969 0.0976220890879631
0 0.19425266981124878 0.3195728436112404 0.03913956880569458 0.07727743685245514
0 0.40951024927198887 0.327944565564394 0.025446582585573196 0.05719051510095596
0 0.013780179221157596 0.31609559431672096 0.027555381879210472 0.065486378967762
