0 0.5857739932835102 0.48845503479242325 0.03405342251062393 0.11745317280292511
0 0.3439456820487976 0.29941729083657265 0.02469635009765625 0.0650181844830513
0 0.4429161660373211 0.5189827382564545 0.05083932727575302 0.18106400966644287
0 0.38593698758631945 0.32685014978051186 0.019915247336030006 0.08520645648241043
0 0.613446056842804 0.4051583409309387 0.027535438537597656 0.11048251390457153
0 0.16878932155668736 0.3025119677186012 0.022023070603609085 0.07442940771579742
0 0.48266495391726494 0.5648030713200569 0.04479827731847763 0.15643025934696198
0 0.5552294375374913 0.3045398183166981 0.028377676382660866 0.07194671779870987
0 0.5366364363580942 0.31008171290159225 0.029822874814271927 0.07963381707668304
0 0.1966016087681055 0.3020173292607069 0.025574911385774612 0.06112062558531761
0 0.5054702870547771 0.4653537645936012 0.03896608203649521 0.12979884445667267
0 0.42228100914508104 0.311621954664588 0.0208755973726511 0.05961833521723747
0 0.44397257547825575 0.32497917115688324 0.02012786827981472 0.07850471138954163
0 0.5900468826293945 0.39856165647506714 0.03457474708557129 0.09883087873458862
0 0.2168464157730341 0.2826731503009796 0.021218348294496536 0.06401282548904419
0 0.4731972273439169 0.4651222713291645 0.031975459307432175 0.07633743435144424
