0 0.2071623746305704 0.5364781692624092 0.03745131567120552 0.12743885815143585
0 0.6207008119672537 0.5031446479260921 0.025826405733823776 0.11989962309598923
0 0.1518719531595707 0.6684760004281998 0.05422761291265488 0.14936867356300354
0 0.2668338418006897 0.5030624270439148 0.03608858585357666 0.10774993896484375
0 0.31553143821656704 0.4512939490377903 0.02933819219470024 0.09251285344362259
0 0.1278969645500183 0.6243251264095306 0.050530076026916504 0.1596168875694275
0 0.02290414087474346 0.6931974999606609 0.04580828174948692 0.12374534457921982
0 0.49626972060650587 0.5723301023244858 0.02974066697061062 0.1398831307888031
0 0.34467307291924953 0.43527163192629814 0.026842068880796432 0.06251724809408188
0 0.5421903850510716 0.5249244831502438 0.02230682410299778 0.1146884486079216
0 0.462175315245986 0.5328695625066757 0.024084758013486862 0.07745060324668884
0 0.47811717353761196 0.4612623192369938 0.02950258180499077 0.08081508427858353
0 0.5055144191719592 0.45240810327231884 0.014906120486557484 0.0578453503549099
0 0.5564934490248561 0.4482897147536278 0.01741347275674343 0.06545834243297577
0 0.49071286991238594 0.4786065500229597 0.03855571895837784 0.05712759122252464
