0 0.5450077541172504 0.5466014519333839 0.03182969242334366 0.15557827055454254
0 0.018683213740587234 0.6786768734455109 0.03736642748117447 0.120677649974823
0 0.3976869937032461 0.617175817489624 0.03843052312731743 0.159476637840271
0 0.15317973867058754 0.66461993008852 0.05277762562036514 0.1589459329843521
0 0.33050925098359585 0.4670899473130703 0.028997253626585007 0.09396510571241379
0 0.47732981480658054 0.5584997907280922 0.03362875059247017 0.16000111401081085
0 0.15146386623382568 0.5372838266193867 0.050659894943237305 0.09017465263605118
0 0.2420162297785282 0.534825649112463 0.051885344088077545 0.11392610520124435
0 0.12909993156790733 0.6167115867137909 0.06960245221853256 0.15892499685287476
0 0.26760643161833286 0.48998547345399857 0.04095416143536568 0.09654231369495392
0 0.4462338387966156 0.48848823457956314 0.02468729019165039 0.07288093864917755
0 0.4150060601532459 0.5028281025588512 0.03452179580926895 0.09184523671865463
