0 0.1520146857947111 0.7116381525993347 0.06024176999926567 0.20542645454406738
0 0.02011626586318016 0.6932915523648262 0.04023253172636032 0.13174642622470856
0 0.6312636975198984 0.5062178373336792 0.02523975446820259 0.13229238986968994
0 0.12613738141953945 0.6046415120363235 0.048977386206388474 0.1442272961139679
0 0.2119877990335226 0.5365709140896797 0.04396362230181694 0.12692727148532867
0 0.27412570640444756 0.4858621098101139 0.03242769092321396 0.09656567126512527
0 0.5095128836110234 0.5584353767335415 0.029871607199311256 0.0813673660159111
0 0.48328515887260437 0.4748624060302973 0.022222280502319336 0.062488216906785965
0 0.5518124224618077 0.5267225615680218 0.023715877905488014 0.08620329946279526
0 0.46810847520828247 0.532766692340374 0.025026321411132812 0.0948982685804367
0 0.32517561316490173 0.4390527866780758 0.02574026584625244 0.07652180641889572
0 0.35867360793054104 0.41918424144387245 0.02479679509997368 0.06012166291475296
0 0.4770905673503876 0.47651837207376957 0.026799440383911133 0.047941166907548904
0 0.5090363742783666 0.4640633314847946 0.012526893988251686 0.05508723855018616
0 0.5647863149642944 0.4579385183751583 0.014307022094726562 0.0684189721941948
0 0.509366380982101 0.5061426348984241 0.016341781243681908 0.042214371263980865
