0 0.019659830257296562 0.6810698211193085 0.039319660514593124 0.12506192922592163
0 0.5937288161367178 0.5192340910434723 0.02773423120379448 0.1344016194343567
0 0.12975575029850006 0.6158653572201729 0.0517541766166687 0.16538776457309723
0 0.2576810456812382 0.5126972906291485 0.033692099153995514 0.1170581802725792
0 0.1558268554508686 0.6681314036250114 0.054570235311985016 0.1787545531988144
0 0.19565027952194214 0.5483654141426086 0.04560530185699463 0.12051361799240112
0 0.45218390226364136 0.5917345620691776 0.034560203552246094 0.08671171218156815
0 0.30022549629211426 0.4549354873597622 0.02919590473175049 0.08934640139341354
0 0.32206894736737013 0.43875570222735405 0.02355978451669216 0.06574185937643051
0 0.5264017935842276 0.485714927315712 0.021944712847471237 0.05854716897010803
0 0.4576063398271799 0.486741716042161 0.03279929235577583 0.053810883313417435
0 0.4925674023106694 0.471072968095541 0.01795330084860325 0.05377977341413498
0 0.4459470398724079 0.5397345833480358 0.0428677573800087 0.07061132043600082
0 0.5167533755302429 0.5462096221745014 0.024628877639770508 0.07723519951105118
0 0.46997061371803284 0.4535784926265478 0.014259815216064453 0.02986178919672966
