0 0.43067966774106026 0.6851879209280014 0.05198655277490616 0.1873595416545868
0 0.6874885186553001 0.6955420076847076 0.11200504004955292 0.20271533727645874
0 0.5678696855902672 0.4696456417441368 0.06356768310070038 0.18244175612926483
0 0.15473905205726624 0.39601290598511696 0.04858505725860596 0.06781560927629471
0 0.09838316775858402 0.4010206311941147 0.042650479823350906 0.0863213837146759
0 0.33772342652082443 0.5268920734524727 0.07427613437175751 0.20573551952838898
0 0.36837914027273655 0.4341178312897682 0.04862253740429878 0.07609553635120392
0 0.24410084262490273 0.42252033203840256 0.06296703964471817 0.1128648966550827
0 0.949065376073122 0.8877266645431519 0.10186920315027237 0.22407269477844238
0 0.9581826440989971 0.8167354464530945 0.08363475650548935 0.1911633014678955
0 0.29022161290049553 0.38505036011338234 0.04557051509618759 0.06887353211641312
0 0.5908487681299448 0.3875790722668171 0.031418848782777786 0.06777027994394302
0 0.6357049699872732 0.40295590087771416 0.02620692178606987 0.0562143549323082
0 0.6192808747291565 0.3807804696261883 0.023412227630615234 0.0521259531378746
