0 0.865523599088192 0.7774101048707962 0.12044648826122284 0.23535528779029846
0 0.94278858974576 0.775483675301075 0.1134096160531044 0.2244202047586441
0 0.04990736208856106 0.609199583530426 0.06511884927749634 0.1941375732421875
0 0.28217259608209133 0.45831646397709846 0.04218871518969536 0.08488176017999649
0 0.12249355390667915 0.6529473811388016 0.047124750912189484 0.10406091809272766
0 0.4920625574886799 0.5199438259005547 0.04894862323999405 0.11424170434474945
0 0.18291315995156765 0.5197014585137367 0.05055637285113335 0.10797174274921417
0 0.136714618653059 0.507685761898756 0.04420825093984604 0.08763410896062851
0 0.6765297167003155 0.6388632655143738 0.08153023570775986 0.2124035358428955
0 0.9536754488945007 0.7189432606101036 0.08670330047607422 0.17563073337078094
0 0.5160624198615551 0.46857016161084175 0.049903057515621185 0.1081644669175148
0 0.0629961583763361 0.5392416343092918 0.03908028081059456 0.0954587310552597
0 0.34445944987237453 0.4559800438582897 0.037229012697935104 0.07803954929113388
0 0.4357868321239948 0.48801152035593987 0.043175794184207916 0.08537360280752182
0 0.39985014218837023 0.48783864825963974 0.030895018950104713 0.06292478740215302
0 0.3752873297780752 0.48039325326681137 0.03415508195757866 0.09632407128810883
0 0.3802150599658489 0.4988142065703869 0.03125467151403427 0.0694589838385582
0 0.4838492274284363 0.4487973414361477 0.024029970169067383 0.05837588757276535
0 0.41163029707968235 0.4446072746068239 0.01722412183880806 0.050849828869104385
0 0.9088238961994648 0.6695989482104778 0.045069314539432526 0.07984068244695663
