0 0.4014825038611889 0.5360041931271553 0.05130495876073837 0.16044028103351593
0 0.322615809738636 0.7239208519458771 0.07686002552509308 0.26639777421951294
0 0.7575747724622488 0.43612076342105865 0.029338549822568893 0.10412958264350891
0 0.3290008194744587 0.4826490730047226 0.04460296779870987 0.16285744309425354
0 0.5583356134593487 0.6705066114664078 0.050711534917354584 0.2685125172138214
0 0.6148621924221516 0.6472294628620148 0.04555950313806534 0.22455435991287231
0 0.35485856514424086 0.3373193796724081 0.021999215707182884 0.06133223697543144
0 0.30375472269952297 0.42659515514969826 0.027108382433652878 0.08496768027544022
0 0.7527966620400548 0.3588309697806835 0.030840063467621803 0.07669290155172348
0 0.9118704553693533 0.3581538312137127 0.02655048295855522 0.05217113345861435
0 0.32522412575781345 0.33545980602502823 0.020119477063417435 0.07226105034351349
0 0.2675618641078472 0.3669970668852329 0.033086322247982025 0.07858926802873611
0 0.8382098916918039 0.37522008642554283 0.036287594586610794 0.07005804032087326
0 0.8829101920127869 0.3543938957154751 0.03417253494262695 0.06705688685178757
0 0.606296157464385 0.8693738281726837 0.053188275545835495 0.26066046953201294
0 0.20017938315868378 0.3721250742673874 0.02549535036087036 0.07025095820426941
0 0.16074319183826447 0.3210834786295891 0.02674543857574463 0.04400418698787689
0 0.18771713366732 0.3317473605275154 0.010152268223464489 0.034561410546302795
0 0.13086881302297115 0.3295805752277374 0.03569288179278374 0.07113999128341675
0 0.8957381723448634 0.32170120906084776 0.01625833474099636 0.029715856537222862
0 0.8271457077935338 0.337189219892025 0.015531444922089577 0.03613828122615814
0 0.3466666699387133 0.29294992983341217 0.01384050864726305 0.01883712410926819
