0 0.018834467977285385 0.6772245392203331 0.03766893595457077 0.12205509841442108
0 0.5469970824196935 0.5400287955999374 0.030637169256806374 0.1396642029285431
0 0.1538766324520111 0.6726079657673836 0.05271494388580322 0.1713017374277115
0 0.15406045876443386 0.5353597067296505 0.048243116587400436 0.08741908520460129
0 0.3313903985545039 0.4669356644153595 0.02825758419930935 0.09491217136383057
0 0.40138399600982666 0.5995106548070908 0.04152071475982666 0.2156294882297516
0 0.123637605458498 0.6100516468286514 0.05694884806871414 0.14827588200569153
0 0.47969564236700535 0.5507884472608566 0.03169732168316841 0.17133912444114685
0 0.2669294960796833 0.4901343770325184 0.04004976898431778 0.09916488081216812
0 0.2433368917554617 0.5317050106823444 0.04463071748614311 0.11614761501550674
0 0.41703605093061924 0.50190120190382 0.03432362154126167 0.08950339257717133
0 0.44821890629827976 0.4967637676745653 0.024503279477357864 0.06201494112610817
0 0.15068411827087402 0.5609552189707756 0.041791319847106934 0.07843564450740814
