0 0.4009494073688984 0.71839340031147 0.055834509432315826 0.24345830082893372
0 0.6327287182211876 0.6652942299842834 0.08681635558605194 0.18196618556976318
0 0.3208470530807972 0.5667953044176102 0.04586062580347061 0.16391965746879578
0 0.9196366518735886 0.8849969059228897 0.13563594222068787 0.22992637753486633
0 0.9401685483753681 0.8282047510147095 0.11966285854578018 0.21923887729644775
0 0.5959479566663504 0.3881639689207077 0.03882403299212456 0.06666359305381775
0 0.13895803317427635 0.3843693695962429 0.04255714267492294 0.05864035338163376
0 0.34375159814953804 0.4145716652274132 0.04217574745416641 0.06959228217601776
0 0.6312727686017752 0.375432588160038 0.03922099992632866 0.0805780440568924
0 0.21710912510752678 0.4283863715827465 0.05514165014028549 0.10220053046941757
0 0.3064450267702341 0.4758146144449711 0.04210202768445015 0.11088443547487259
0 0.5770871527493 0.49843747168779373 0.03541741520166397 0.12848438322544098
0 0.09245841763913631 0.39737967401742935 0.049325864762067795 0.08962465822696686
0 0.5541286710649729 0.4081685468554497 0.03682355955243111 0.07390479743480682
0 0.2890639482066035 0.4041815809905529 0.031003689393401146 0.044499121606349945
0 0.23622976802289486 0.390448197722435 0.03742201253771782 0.06392398476600647
0 0.2687218012288213 0.36667584627866745 0.015619779005646706 0.035076841711997986
0 0.24176266230642796 0.4049336854368448 0.027594853192567825 0.056097496300935745
