0 0.2767929658293724 0.7521191388368607 0.07565610110759735 0.21344104409217834
0 0.23976584151387215 0.5398041866719723 0.037810422480106354 0.1041569635272026
0 0.4238079898059368 0.609049990773201 0.044319771230220795 0.1621035635471344
0 0.08779186941683292 0.5952894687652588 0.04948555305600166 0.12187445163726807
0 0.1735274437814951 0.5776442214846611 0.052257049828767776 0.12649570405483246
0 0.27851212583482265 0.5223795920610428 0.036189865320920944 0.10598233342170715
0 0.3576944060623646 0.6206484436988831 0.049527861177921295 0.17050552368164062
0 0.11917104758322239 0.6997461318969727 0.060188669711351395 0.18931519985198975
0 0.29358939081430435 0.6153234019875526 0.06450696289539337 0.16628964245319366
0 0.11964929662644863 0.6194692403078079 0.061290424317121506 0.11688092350959778
0 0.3170330822467804 0.5527851581573486 0.04170835018157959 0.09680938720703125
0 0.14048537891358137 0.6040518432855606 0.028237318620085716 0.08777478337287903
0 0.38102273363620043 0.5657833032310009 0.02854015864431858 0.07187720388174057
0 0.37232753075659275 0.5386658348143101 0.04559223726391792 0.08123189955949783
