0 0.8618783839046955 0.754015363752842 0.09541759639978409 0.22265417873859406
0 0.9380643852055073 0.7559474408626556 0.0991121307015419 0.22708863019943237
0 0.29461364820599556 0.46316083893179893 0.046582676470279694 0.08149104565382004
0 0.4926782064139843 0.5133233033120632 0.04549445956945419 0.10079973191022873
0 0.06112110987305641 0.5998396426439285 0.0717746913433075 0.1959945261478424
0 0.1561033669859171 0.51786307990551 0.054862964898347855 0.10612377524375916
0 0.6688684467226267 0.5856588296592236 0.05467205122113228 0.11226972192525864
0 0.19684513472020626 0.507650587707758 0.04480947181582451 0.08969981223344803
0 0.14259902574121952 0.6511697992682457 0.05980442836880684 0.171672984957695
0 0.9477072730660439 0.6863380670547485 0.08048363029956818 0.1307055950164795
0 0.5203826073557138 0.4611133895814419 0.03789501264691353 0.08159755915403366
0 0.39947494864463806 0.4853346385061741 0.04090452194213867 0.1129838302731514
0 0.34795212745666504 0.4473002813756466 0.03212618827819824 0.05918871611356735
0 0.433666218072176 0.48892610520124435 0.04676065593957901 0.09914754331111908
0 0.3739155773073435 0.45916299521923065 0.027567077428102493 0.06446215510368347
0 0.3747644843533635 0.48186563141644 0.026799941435456276 0.05910513177514076
0 0.48499566316604614 0.4490043371915817 0.0322566032409668 0.06659296154975891
0 0.42019075714051723 0.47724078595638275 0.037275027483701706 0.1019984781742096
0 0.49750167690217495 0.43607933074235916 0.031656693667173386 0.04861725866794586
