0 0.7375286109745502 0.667777843773365 0.05803284794092178 0.17849375307559967
0 0.8995718359947205 0.7252413481473923 0.08046102523803711 0.21446630358695984
0 0.16253404319286346 0.6522619873285294 0.0531618595123291 0.17797008156776428
0 0.7416515592485666 0.5740635730326176 0.05532817915081978 0.1054583266377449
0 0.9588735923171043 0.7248643785715103 0.08225278556346893 0.18086734414100647
0 0.3930211253464222 0.4553348273038864 0.03706786781549454 0.0863366425037384
0 0.21985091641545296 0.5871988087892532 0.04878512769937515 0.1989234983921051
0 0.2693364080041647 0.6283436939120293 0.03757460042834282 0.16201244294643402
0 0.45984995923936367 0.4962027110159397 0.0355195514857769 0.12369228154420853
0 0.5369794610887766 0.5081727132201195 0.035566139966249466 0.1017024964094162
0 0.9724603649228811 0.6634010821580887 0.05466289445757866 0.12199702858924866
0 0.43597873486578465 0.4975369796156883 0.02326827123761177 0.07072906196117401
0 0.17031079903244972 0.5724115259945393 0.03335914760828018 0.1169423833489418
0 0.48361605405807495 0.4883906655013561 0.03452110290527344 0.11608382314443588
0 0.2827999647706747 0.5177146717905998 0.031401704996824265 0.11103002727031708
0 0.5621593110263348 0.45676829293370247 0.05186309665441513 0.07829437404870987
0 0.3103483859449625 0.5212484672665596 0.03245668485760689 0.05953271687030792
0 0.5239262226969004 0.4350367933511734 0.02786259725689888 0.09756329655647278
0 0.5743432156741619 0.47729554027318954 0.03453006595373154 0.05808423459529877
0 0.4328969595953822 0.47272710502147675 0.0246721263974905 0.07787534594535828
0 0.9436227325350046 0.6473391689360142 0.0538971908390522 0.08783412724733353
