0 0.44766200706362724 0.584389716386795 0.0417725071310997 0.14560467004776
0 0.18979529105126858 0.580245241522789 0.04782940074801445 0.14259406924247742
0 0.3037067949771881 0.7140926644206047 0.062081217765808105 0.1917581409215927
0 0.1267239786684513 0.6785927936434746 0.05953171104192734 0.15203188359737396
0 0.2769684437662363 0.5008869953453541 0.03333001211285591 0.08644358068704605
0 0.24366058688610792 0.5269491970539093 0.027827000245451927 0.054449379444122314
0 0.3810960054397583 0.5964943394064903 0.05680441856384277 0.1299547404050827
0 0.09771314822137356 0.5952923595905304 0.05121980234980583 0.12312668561935425
0 0.3125956952571869 0.5954018607735634 0.06331026554107666 0.1466044932603836
0 0.11296074092388153 0.620439775288105 0.07960069179534912 0.12285889685153961
0 0.2504609227180481 0.48995792120695114 0.014147639274597168 0.04191313683986664
0 0.38415853306651115 0.5388841554522514 0.03941645473241806 0.08188001811504364
0 0.34731386322528124 0.5238920338451862 0.01762702502310276 0.041753388941287994
