0 0.14130296558141708 0.4938453137874603 0.0627610832452774 0.14182019233703613
0 0.3094610162079334 0.6086699590086937 0.04839763790369034 0.2288145273923874
0 0.4320477731525898 0.9236414879560471 0.04346928745508194 0.15271708369255066
0 0.5292657129466534 0.5365860089659691 0.04251088947057724 0.20806168019771576
0 0.49731138348579407 0.5550589710474014 0.03707766532897949 0.18432196974754333
0 0.4290148261934519 0.560377761721611 0.0551941879093647 0.20471122860908508
0 0.3773756446316838 0.5353461280465126 0.029715323820710182 0.16838319599628448
0 0.2147882543504238 0.4715212732553482 0.04287656396627426 0.09401783347129822
0 0.27438717521727085 0.4715445525944233 0.034745026379823685 0.08979538828134537
0 0.343377310782671 0.5365796908736229 0.031405188143253326 0.1915109008550644
0 0.3077025292441249 0.4489760287106037 0.02361593209207058 0.08793602138757706
0 0.32668387331068516 0.4170955214649439 0.020546961575746536 0.04583163931965828
0 0.34663907904177904 0.44393613561987877 0.02956225909292698 0.07160716503858566
0 0.24022717401385307 0.44589563831686974 0.04054107517004013 0.11227815598249435
0 0.2855941532179713 0.41143279150128365 0.022626733407378197 0.04691276699304581
0 0.2534904573112726 0.4544723741710186 0.04105537012219429 0.08724852651357651
