0 0.3750820644199848 0.7133617028594017 0.047163225710392 0.24518410861492157
0 0.3299259655177593 0.7526135444641113 0.04256894439458847 0.22545361518859863
0 0.10536161810159683 0.8484268486499786 0.08523353934288025 0.29853957891464233
0 0.19435188919305801 0.5706538036465645 0.06266804039478302 0.15306086838245392
0 0.2624259479343891 0.7979590445756912 0.07924327999353409 0.39245131611824036
0 0.12430701218545437 0.649453766644001 0.04733724519610405 0.19304360449314117
0 0.057243797928094864 0.6334113031625748 0.04411330074071884 0.12645652890205383
0 0.08926736190915108 0.6068811044096947 0.03390205651521683 0.16842477023601532
0 0.10183478146791458 0.6263759061694145 0.05734831094741821 0.12737499177455902
0 0.010639166459441185 0.6409044247120619 0.02127833291888237 0.034020062536001205
0 0.2635028539225459 0.634198073297739 0.01973125897347927 0.06545711308717728
0 0.11462822742760181 0.5735002048313618 0.031507719308137894 0.10689256340265274
