0 0.3894176185131073 0.5594663843512535 0.055339694023132324 0.1931290477514267
0 0.9740420337766409 0.3701450228691101 0.03465862199664116 0.10756999254226685
0 0.941953444853425 0.4582320973277092 0.04020338132977486 0.14279119670391083
0 0.4535648711025715 0.6162287667393684 0.03798065334558487 0.16458798944950104
0 0.5234238393604755 0.5788139551877975 0.04422006756067276 0.22906753420829773
0 0.4817702826112509 0.39815541356801987 0.0585448257625103 0.10249243676662445
0 0.30912926234304905 0.3273397646844387 0.019153881818056107 0.08007770031690598
0 0.2627865644171834 0.299810491502285 0.030610347166657448 0.06719277799129486
0 0.5435839891433716 0.5012790709733963 0.05463218688964844 0.20115551352500916
0 0.37278281431645155 0.3240617848932743 0.028184866532683372 0.06682086735963821
0 0.46807224676012993 0.30809658765792847 0.04605355113744736 0.07652223110198975
0 0.04839413706213236 0.31563764438033104 0.021052921190857887 0.07525556534528732
0 0.11714072525501251 0.29041288048028946 0.02304905652999878 0.06156851351261139
0 0.0713379867374897 0.3214334063231945 0.03301743417978287 0.08153029531240463
0 0.09654901176691055 0.29394906386733055 0.029483318328857422 0.06378035992383957
0 0.07173857558518648 0.2974475510418415 0.02890830673277378 0.06448618322610855
