0 0.5329270474612713 0.6319575682282448 0.07296910136938095 0.16578157246112823
0 0.6878289952874184 0.7442947551608086 0.09203429520130157 0.1988440603017807
0 0.8929299712181091 0.7478480935096741 0.10213613510131836 0.23245751857757568
0 0.631180714815855 0.5511727258563042 0.05122985690832138 0.12598274648189545
0 0.9874969720840454 0.703915324062109 0.024970531463623047 0.10518353432416916
0 0.20716894045472145 0.4267844147980213 0.040140725672245026 0.08511797338724136
0 0.39312784001231194 0.44783054664731026 0.053179048001766205 0.09243736416101456
0 0.32781623024493456 0.4283560663461685 0.030635857954621315 0.07031109929084778
0 0.2618046496063471 0.42574164643883705 0.047327328473329544 0.08389193564653397
0 0.364434439688921 0.44176415354013443 0.03542492538690567 0.1110667735338211
0 0.5638771653175354 0.44679367169737816 0.04355311393737793 0.0848381444811821
0 0.46321411058306694 0.49332480132579803 0.05117072910070419 0.09866192936897278
0 0.45471495389938354 0.44637998938560486 0.03403353691101074 0.07761794328689575
0 0.5807445868849754 0.4221668988466263 0.06433086097240448 0.08349820971488953
0 0.5723941680043936 0.40359729155898094 0.04948754236102104 0.07206391543149948
