0 0.892965029925108 0.6132656931877136 0.05337085574865341 0.2625965476036072
0 0.7787809483706951 0.8429030925035477 0.12148871272802353 0.3141937553882599
0 0.3553088307380676 0.8292791098356247 0.09955406188964844 0.34144172072410583
0 0.9752780199050903 0.652178555727005 0.04907083511352539 0.30054956674575806
0 0.26590109430253506 0.3881584294140339 0.04602820798754692 0.10555485635995865
0 0.5605244152247906 0.7461988180875778 0.05320849269628525 0.35029444098472595
0 0.4961560145020485 0.8182875514030457 0.08901114761829376 0.3633856773376465
0 0.5039548762142658 0.4234354868531227 0.03732166439294815 0.13554777204990387
0 0.39267476834356785 0.347682848572731 0.017519045621156693 0.08707472681999207
0 0.6130230315029621 0.41957615315914154 0.04025635868310928 0.15009227395057678
0 0.4552865978330374 0.7599239647388458 0.05515117570757866 0.26530951261520386
0 0.5907379267737269 0.42360661923885345 0.03042755089700222 0.14245370030403137
0 0.44257783330976963 0.44479185342788696 0.04979972913861275 0.17819565534591675
0 0.42110443115234375 0.4109642207622528 0.04595506191253662 0.12532591819763184
0 0.3179449439048767 0.3638160824775696 0.032206058502197266 0.10502433776855469
0 0.43805490154772997 0.3388677202165127 0.023205185309052467 0.07731013745069504
0 0.3455544952303171 0.361704308539629 0.04702811315655708 0.11100099235773087
