0 0.2190084010362625 0.5567071586847305 0.04393500089645386 0.1378115713596344
0 0.1466585099697113 0.6848256289958954 0.05001336336135864 0.17794770002365112
0 0.30631684698164463 0.4771951846778393 0.040923286229372025 0.06546469777822495
0 0.510086202993989 0.5595390498638153 0.04004411771893501 0.14226621389389038
0 0.43810284696519375 0.5813591107726097 0.04579348489642143 0.1416480988264084
0 0.2562335701659322 0.5058304965496063 0.024500513449311256 0.10045021772384644
0 0.3706686981022358 0.6312052309513092 0.056664563715457916 0.2725982666015625
0 0.41739662270992994 0.5141253732144833 0.022673940286040306 0.050449542701244354
0 0.012013157829642296 0.6610804460942745 0.02402631565928459 0.06531422585248947
0 0.1214960403740406 0.5972097516059875 0.05941940099000931 0.18048226833343506
0 0.3974863588809967 0.49037764966487885 0.015309810638427734 0.039496272802352905
