0 0.9753174781799316 0.7545556128025055 0.04936504364013672 0.37356168031692505
0 0.1958540864288807 0.44253140687942505 0.05503819137811661 0.1285378336906433
0 0.48348165303468704 0.8559285700321198 0.06766338646411896 0.28633660078048706
0 0.26459456607699394 0.9272535666823387 0.055777810513973236 0.14376966655254364
0 0.7051791548728943 0.9440117999911308 0.05068516731262207 0.11197637021541595
0 0.46347480453550816 0.48960506170988083 0.04073505476117134 0.16783438622951508
0 0.34502968192100525 0.39061062783002853 0.019945859909057617 0.10111688077449799
0 0.5647921320050955 0.47587332129478455 0.04585428163409233 0.166850745677948
0 0.3453432321548462 0.8843514174222946 0.05978536605834961 0.2309623658657074
0 0.9873101469129324 0.4238947406411171 0.025359343737363815 0.10532493889331818
0 0.40165825933218 0.8928743973374367 0.0653630942106247 0.21251864731311798
0 0.3869651313871145 0.382290069013834 0.035317134112119675 0.06975121051073074
0 0.5403056144714355 0.48965537548065186 0.0360262393951416 0.16289019584655762
0 0.3699413053691387 0.5216534733772278 0.0413522943854332 0.1914501190185547
0 0.4121015127748251 0.4676814302802086 0.02921457216143608 0.1366908997297287
0 0.30755914375185966 0.4076230339705944 0.03885378688573837 0.11271258443593979
0 0.2615618146955967 0.42321405559778214 0.041425205767154694 0.0890241414308548
0 0.2763145975768566 0.4032911993563175 0.03439154475927353 0.10191071778535843
0 0.29953729547560215 0.3626253344118595 0.03061215952038765 0.04719270020723343
0 0.3869205769151449 0.4305727854371071 0.023087572306394577 0.04821671545505524
