0 0.5628130082041025 0.5308184251189232 0.02844863012433052 0.13345734775066376
0 0.018928805366158485 0.6694842875003815 0.03785761073231697 0.11989814043045044
0 0.4231109917163849 0.5742444917559624 0.05567944049835205 0.23614154756069183
0 0.12857789173722267 0.608911894261837 0.060409463942050934 0.15541474521160126
0 0.2531185895204544 0.5110923014581203 0.04233741760253906 0.09536951035261154
0 0.3294134018942714 0.44864558428525925 0.026473021134734154 0.08742116391658783
0 0.15613174438476562 0.6695950925350189 0.05320382118225098 0.16640704870224
0 0.49308040738105774 0.5354397147893906 0.030039072036743164 0.14430931210517883
0 0.287587720900774 0.46756795421242714 0.03128323704004288 0.07909537106752396
0 0.16370155289769173 0.5402532070875168 0.06188950687646866 0.09421810507774353
0 0.4668466504663229 0.48605215549468994 0.025473784655332565 0.08047044277191162
0 0.26545941829681396 0.4849940426647663 0.02505505084991455 0.04504547268152237
0 0.4637726843357086 0.5070831440389156 0.0273895263671875 0.06586312502622604
0 0.2746846564114094 0.4819751847535372 0.03516361862421036 0.05549994483590126
