0 0.7958721164613962 0.6007814556360245 0.0621371753513813 0.24621590971946716
0 0.536732517182827 0.5951453745365143 0.07027439773082733 0.25424355268478394
0 0.8517537955194712 0.48765698820352554 0.038628388196229935 0.18120701611042023
0 0.8878066781908274 0.4898342117667198 0.04074602201581001 0.18804745376110077
0 0.6170916557312012 0.6082269996404648 0.08171916007995605 0.25557175278663635
0 0.7225696565583348 0.3580704629421234 0.027550602331757545 0.06509464979171753
0 0.6725509651005268 0.5365532413125038 0.05031881481409073 0.16733546555042267
0 0.5968104479834437 0.355038795620203 0.023204898461699486 0.09377051144838333
0 0.543358052149415 0.3721059449017048 0.03035144880414009 0.11059252172708511
0 0.6950170993804932 0.3499694652855396 0.030715227127075195 0.09829232841730118
0 0.5793154118582606 0.33266227692365646 0.020283078774809837 0.07959656417369843
0 0.5207560062408447 0.34655845537781715 0.03000950813293457 0.0709957554936409
0 0.4924339773133397 0.29494137316942215 0.02148904837667942 0.06503035128116608
0 0.3909960985183716 0.3246229663491249 0.030959367752075195 0.0773899108171463
0 0.5232439516112208 0.29343194514513016 0.02106771431863308 0.04696168005466461
0 0.45763608254492283 0.3058620598167181 0.020761776715517044 0.054966967552900314
0 0.4144412102177739 0.3150069210678339 0.024610424414277077 0.06135554984211922
0 0.43677377700805664 0.31437687389552593 0.028308868408203125 0.04950818046927452
0 0.7109339479357004 0.31401319429278374 0.017972994595766068 0.04164924472570419
0 0.5254878643900156 0.3129619210958481 0.027138520032167435 0.04593673348426819
0 0.5348755121231079 0.31508980691432953 0.014922142028808594 0.042453616857528687
0 0.5579489944502711 0.3475363068282604 0.025946950539946556 0.06326707452535629
