0 0.4009464029222727 0.3273673802614212 0.026746321469545364 0.08505645394325256
0 0.4989297632128 0.5574982464313507 0.047855425626039505 0.21890991926193237
0 0.3431028248742223 0.3261006884276867 0.02441730536520481 0.08571626991033554
0 0.5677248239517212 0.48089437186717987 0.0331881046295166 0.16037830710411072
0 0.2983053205534816 0.2956245634704828 0.027283763512969017 0.06036819890141487
0 0.42055076360702515 0.5458386540412903 0.06312179565429688 0.23988956212997437
0 0.5167786478996277 0.3111214153468609 0.02540874481201172 0.05344583839178085
0 0.4908164143562317 0.3061649464070797 0.019377946853637695 0.06550072878599167
0 0.10468440502882004 0.3077749125659466 0.020477384328842163 0.07379820197820663
0 0.5238873604685068 0.37987517192959785 0.030108977109193802 0.09372321516275406
0 0.5505706667900085 0.40807051956653595 0.03696870803833008 0.12089553475379944
0 0.17887203954160213 0.280808886513114 0.017386090010404587 0.05428538843989372
0 0.13007198832929134 0.30817761458456516 0.028333019465208054 0.05518608167767525
0 0.13271269388496876 0.32435644045472145 0.023996222764253616 0.06389624625444412
0 0.5051855929195881 0.4719385653734207 0.03763923794031143 0.10347345471382141
0 0.14691290818154812 0.29296379163861275 0.03073490783572197 0.0438447967171669
0 0.5058695436455309 0.28025579173117876 0.011390161700546741 0.025777095928788185
