0 0.9806303270161152 0.7618084996938705 0.03873930126428604 0.3749789893627167
0 0.4761298708617687 0.8649211525917053 0.06741084903478622 0.26997458934783936
0 0.19131135940551758 0.4433506727218628 0.0575903058052063 0.12540316581726074
0 0.46101182140409946 0.49713002890348434 0.04213433340191841 0.17448179423809052
0 0.3640264514833689 0.5300053060054779 0.041634488850831985 0.20342373847961426
0 0.6991665363311768 0.9519721418619156 0.046129465103149414 0.0960557758808136
0 0.34072152338922024 0.39436429738998413 0.01997227594256401 0.10171574354171753
0 0.2487443145364523 0.9322269707918167 0.0510828010737896 0.13554611802101135
0 0.3672035150229931 0.8963158205151558 0.110651396214962 0.2073683887720108
0 0.9857486132532358 0.43647879362106323 0.028502751141786575 0.12686580419540405
0 0.30422528460621834 0.4122753143310547 0.03889975696802139 0.1146729588508606
0 0.40902258176356554 0.47886690497398376 0.03025832213461399 0.14134448766708374
0 0.5512766949832439 0.49609702080488205 0.06694784015417099 0.17578010261058807
0 0.38267480209469795 0.39981284737586975 0.03665826469659805 0.09751260280609131
0 0.2567265275865793 0.43079667910933495 0.0404234416782856 0.08774995058774948
0 0.2756523843854666 0.40828555449843407 0.032327961176633835 0.10503815859556198
0 0.5493145231157541 0.4301829971373081 0.02215414121747017 0.0643206313252449
0 0.37090616300702095 0.46282436326146126 0.04083225876092911 0.08854857832193375
0 0.29163358826190233 0.3630697298794985 0.02420988120138645 0.03975919261574745
0 0.38013812340795994 0.4501418098807335 0.032447267323732376 0.10023503005504608
