0 0.6779132857918739 0.6815549284219742 0.08330102264881134 0.18942299485206604
0 0.2733007129281759 0.4549577385187149 0.04300029203295708 0.0875767171382904
0 0.8519024141132832 0.7511836215853691 0.09845361858606339 0.20657335221767426
0 0.6666863672435284 0.5772479958832264 0.06127443164587021 0.10867301374673843
0 0.1669366005808115 0.5205774307250977 0.050030697137117386 0.10733383893966675
0 0.9364480599761009 0.7625320926308632 0.09677819907665253 0.20789273083209991
0 0.4905873481184244 0.5178799666464329 0.05024151876568794 0.09228939563035965
0 0.95278050750494 0.6865284517407417 0.08592633903026581 0.12381769716739655
0 0.10189235582947731 0.6394629329442978 0.05549473315477371 0.16550025343894958
0 0.396286278963089 0.4756373427808285 0.03833317756652832 0.10484050959348679
0 0.035857127979397774 0.6064313501119614 0.06680753082036972 0.13475236296653748
0 0.42595950327813625 0.47800279408693314 0.04019565507769585 0.11144913733005524
0 0.5277869701385498 0.47211490757763386 0.03107142448425293 0.0557996965944767
0 0.3698909096419811 0.47401251271367073 0.03678932040929794 0.09351251274347305
0 0.12633761018514633 0.5129488557577133 0.03157544136047363 0.05290684103965759
0 0.3396345619112253 0.4483800809830427 0.030136514455080032 0.05707990750670433
0 0.4453879473730922 0.48990917950868607 0.024699782952666283 0.07054294645786285
0 0.0548662506043911 0.5604404024779797 0.03374718874692917 0.07949837297201157
0 0.4993256740272045 0.4428335539996624 0.03996624797582626 0.06067945808172226
0 0.11903819069266319 0.4960520379245281 0.03886399418115616 0.0810750350356102
0 0.4917025985196233 0.45829214714467525 0.02697744406759739 0.0559794120490551
