0 0.5320134274661541 0.6572111397981644 0.07779946178197861 0.19225922226905823
0 0.3365088701248169 0.6756547838449478 0.04480636119842529 0.22366955876350403
0 0.7340298667550087 0.9310004636645317 0.06630773842334747 0.1379990428686142
0 0.17686043307185173 0.4211249090731144 0.051559947431087494 0.1012762263417244
0 0.8220173828303814 0.8627593219280243 0.11985649913549423 0.27446991205215454
0 0.2745569758117199 0.5371146872639656 0.043274424970149994 0.15706779062747955
0 0.8841738924384117 0.8442277014255524 0.12478427588939667 0.2553650736808777
0 0.5767529960721731 0.48379024863243103 0.040593575686216354 0.11765128374099731
0 0.07235964946448803 0.3887738473713398 0.04095787927508354 0.08778945356607437
0 0.21632059291005135 0.3841892071068287 0.03444031625986099 0.06247387081384659
0 0.6626221062615514 0.3650129809975624 0.03120293654501438 0.07094348967075348
0 0.5611648075282574 0.39851631596684456 0.03364195674657822 0.07817522436380386
0 0.11524230614304543 0.3747975639998913 0.034559570252895355 0.06003352254629135
0 0.26860546693205833 0.3760904259979725 0.04881777614355087 0.07048920542001724
0 0.618274474516511 0.383158665150404 0.032107163220644 0.06948062032461166
0 0.2705551628023386 0.4344191662967205 0.03984980657696724 0.07611312717199326
0 0.302457470446825 0.4145180117338896 0.0352080836892128 0.05403527244925499
