0 0.38117704913020134 0.630121722817421 0.04718770831823349 0.1334684193134308
0 0.20603271946310997 0.8026339337229729 0.07026245445013046 0.22145555913448334
0 0.19329633191227913 0.5602614916861057 0.04106394201517105 0.10348201543092728
0 0.06345643848180771 0.6362408921122551 0.060247935354709625 0.14637742936611176
0 0.2113890703767538 0.6600189134478569 0.060877155512571335 0.17930959165096283
0 0.30707440339028835 0.6354134753346443 0.050253819674253464 0.19333793222904205
0 0.09901230782270432 0.6741952002048492 0.10014481842517853 0.2436266541481018
0 0.2703699413686991 0.62326829880476 0.04020087793469429 0.15154550969600677
0 0.24322262778878212 0.5336449891328812 0.04003927856683731 0.08839306235313416
0 0.23683813214302063 0.5826022960245609 0.03233814239501953 0.09534246474504471
0 0.13869704864919186 0.5901527963578701 0.02828873321413994 0.08268212527036667
