0 0.1444239765405655 0.6466527953743935 0.05407005548477173 0.17441923916339874
0 0.8639946803450584 0.743849627673626 0.0927465409040451 0.20242224633693695
0 0.2977995164692402 0.4629916623234749 0.04663822799921036 0.08742065727710724
0 0.2010046150535345 0.5202408879995346 0.04475433751940727 0.11564013361930847
0 0.6724943406879902 0.5818590335547924 0.056829072535037994 0.1064046248793602
0 0.49292569793760777 0.5149331316351891 0.04541473463177681 0.10267774760723114
0 0.9394066110253334 0.7518408596515656 0.09681577980518341 0.20086950063705444
0 0.6965304501354694 0.6738616451621056 0.082053042948246 0.18656425178050995
0 0.16192518174648285 0.5180551446974277 0.050595641136169434 0.10951495915651321
0 0.9485298283398151 0.6792362555861473 0.0806489959359169 0.12438659369945526
0 0.08126702159643173 0.550776120275259 0.038782261312007904 0.10334675759077072
0 0.04540247470140457 0.5616225749254227 0.034533195197582245 0.10117831826210022
0 0.07904636859893799 0.6356631927192211 0.03888767957687378 0.10964783281087875
0 0.5197900049388409 0.46270953863859177 0.037634752690792084 0.0883391946554184
0 0.432456910610199 0.4910721518099308 0.046097517013549805 0.10422689467668533
0 0.35093625262379646 0.4486672319471836 0.03173873573541641 0.06560618430376053
0 0.40128785371780396 0.48674746230244637 0.03444087505340576 0.11142031103372574
0 0.48560019209980965 0.44223063811659813 0.034540750086307526 0.06972681730985641
0 0.37718248926103115 0.4831616170704365 0.025682520121335983 0.05622605234384537
0 0.3765723230317235 0.4634600766003132 0.028272652998566628 0.07394883781671524
0 0.9149066563695669 0.6592465788125992 0.04937715455889702 0.08172085881233215
