0 0.33592961356043816 0.6324980109930038 0.0703592523932457 0.22000524401664734
0 0.8302435986697674 0.44573407620191574 0.03644218295812607 0.08080266416072845
0 0.5468770861625671 0.6042524576187134 0.04792976379394531 0.21491360664367676
0 0.45658792927861214 0.4988841116428375 0.0465146079659462 0.14443928003311157
0 0.5256122592836618 0.7857934087514877 0.04454093053936958 0.292709082365036
0 0.5926688797771931 0.58092400431633 0.04110155254602432 0.18106722831726074
0 0.8230629079043865 0.35619424283504486 0.03469028323888779 0.08185818791389465
0 0.30447123013436794 0.35790814831852913 0.035787295550107956 0.08661077171564102
0 0.3792173024266958 0.4426959529519081 0.053127240389585495 0.12879367172718048
0 0.9246161337941885 0.37560687586665154 0.030811499804258347 0.1002369150519371
0 0.236826759763062 0.34793826565146446 0.027097368612885475 0.09255426377058029
0 0.9594721682369709 0.3554079197347164 0.03781471401453018 0.05618780106306076
0 0.37903571128845215 0.3145734965801239 0.016805171966552734 0.05623120069503784
0 0.18190892599523067 0.3205450177192688 0.025934647768735886 0.07222747802734375
0 0.4042948782444 0.3284194115549326 0.02330636978149414 0.049134064465761185
0 0.36093608755618334 0.399110134691 0.029333138838410378 0.06442027539014816
0 0.4025095347315073 0.3125004358589649 0.02278595045208931 0.06305847316980362
0 0.19873498659580946 0.3188623581081629 0.020254826173186302 0.04228939488530159
0 0.5512919900938869 0.5326342694461346 0.013316011056303978 0.06975843757390976
0 0.37245228327810764 0.36216261237859726 0.022406626492738724 0.03993295133113861
0 0.4054355500265956 0.34604051522910595 0.02298722229897976 0.03701138123869896
