0 0.2712129708379507 0.66578209400177 0.060053419321775436 0.27364468574523926
0 0.11020179092884064 0.5320824757218361 0.06580479443073273 0.1595938354730606
0 0.4169745147228241 0.6123157665133476 0.04209733009338379 0.20917747914791107
0 0.36061079427599907 0.9542001821100712 0.03753962367773056 0.0915423110127449
0 0.5036451630294323 0.5757487341761589 0.045858047902584076 0.22054384648799896
0 0.4681249503046274 0.5944582223892212 0.033921051770448685 0.20122969150543213
0 0.18254400230944157 0.5066799521446228 0.04028605297207832 0.10330581665039062
0 0.31523940525949 0.48300744593143463 0.03394157811999321 0.09334895014762878
0 0.3824921194463968 0.5887367054820061 0.029190946370363235 0.1709592193365097
0 0.28379845060408115 0.4711770936846733 0.024353433400392532 0.08622084558010101
0 0.3188951313495636 0.5845696218311787 0.04167473316192627 0.0982656255364418
0 0.3534512873739004 0.5733330622315407 0.027864646166563034 0.0821424275636673
0 0.24824408069252968 0.5007750652730465 0.04050324112176895 0.10551690310239792
0 0.20945567451417446 0.47809532284736633 0.034658681601285934 0.12110137939453125
0 0.3630583407357335 0.5153714418411255 0.0200516227632761 0.059838950634002686
0 0.29295274056494236 0.42271871119737625 0.02429990842938423 0.05756022036075592
0 0.2342381477355957 0.47895194590091705 0.03532218933105469 0.0872127115726471
0 0.25853809155523777 0.4384666569530964 0.0157807357609272 0.05891380459070206
0 0.22074951510876417 0.4318952951580286 0.023393845185637474 0.05233700945973396
