0 0.19280333444476128 0.8747047334909439 0.05908765643835068 0.24928012490272522
0 0.32646477222442627 0.7216241806745529 0.048217177391052246 0.2231573760509491
0 0.1344656553119421 0.6032680794596672 0.04882986471056938 0.14306436479091644
0 0.2742506917566061 0.7244027107954025 0.0512821190059185 0.27782580256462097
0 0.2326107956469059 0.6647744476795197 0.04287681728601456 0.14154845476150513
0 0.14894285053014755 0.7419286221265793 0.06470377743244171 0.18410369753837585
0 0.062215834856033325 0.6914199888706207 0.0870017409324646 0.2608252167701721
0 0.027505413629114628 0.6400754824280739 0.05477612465620041 0.15199966728687286
0 0.19060948491096497 0.59348513931036 0.046413302421569824 0.14521102607250214
0 0.016927968710660934 0.7333175987005234 0.03385593742132187 0.1323992908000946
