0 0.6956971399486065 0.5277762338519096 0.05468263477087021 0.1949816793203354
0 0.7889905693009496 0.43443841487169266 0.026730919256806374 0.15480799973011017
0 0.7633092049509287 0.4452609345316887 0.0371435172855854 0.11412273347377777
0 0.5527570843696594 0.3406650759279728 0.02173590660095215 0.06896603852510452
0 0.4999038456007838 0.35220377147197723 0.022998666390776634 0.10524067282676697
0 0.6491254922002554 0.3226938880980015 0.03004927560687065 0.084903784096241
0 0.5198001191020012 0.5347165763378143 0.06897787749767303 0.20757251977920532
0 0.4695340394973755 0.3151896484196186 0.023051977157592773 0.07887295633554459
0 0.574121605604887 0.5618487522006035 0.08181443065404892 0.21663491427898407
0 0.6721273418515921 0.3343653529882431 0.02677149698138237 0.0631881058216095
0 0.4495125887915492 0.28435439616441727 0.019208526238799095 0.04457910358905792
0 0.4223420978523791 0.2879526149481535 0.014463377185165882 0.045199181884527206
0 0.607401704415679 0.47339998185634613 0.04848618432879448 0.12118229269981384
0 0.5166778205893934 0.3218729719519615 0.014325904659926891 0.06396995484828949
0 0.33216687478125095 0.3142989929765463 0.030443955212831497 0.057077597826719284
0 0.39416483603417873 0.29450677894055843 0.016486357897520065 0.04911265894770622
0 0.3665398834273219 0.30125187896192074 0.02972564660012722 0.051465075463056564
0 0.3784500602632761 0.2997238617390394 0.018429923802614212 0.046705182641744614
0 0.777558421716094 0.37630902975797653 0.040885161608457565 0.045675382018089294
0 0.35514870285987854 0.31167452223598957 0.02005624771118164 0.03663435950875282
0 0.551745617762208 0.32121051847934723 0.017365504056215286 0.0627763569355011
