0 0.5344913117587566 0.7341215386986732 0.06411805003881454 0.24414177238941193
0 0.7863932363688946 0.7112397477030754 0.10010948032140732 0.21893928945064545
0 0.9808953516185284 0.7418783083558083 0.03820934146642685 0.12521858513355255
0 0.14256547391414642 0.4106964021921158 0.04553556442260742 0.07298550009727478
0 0.4218956455588341 0.6041611731052399 0.06378726661205292 0.178089439868927
0 0.6014081127941608 0.5297106429934502 0.0444096103310585 0.12596605718135834
0 0.5529519077390432 0.4270955063402653 0.03911013528704643 0.07919955998659134
0 0.41682913340628147 0.4335445836186409 0.03955071046948433 0.06950624287128448
0 0.20020387135446072 0.39879217371344566 0.04362429305911064 0.0620456263422966
0 0.38491082191467285 0.47851037234067917 0.047223448753356934 0.09243367612361908
0 0.6247661467641592 0.40026475116610527 0.025299977511167526 0.06396802514791489
0 0.3217713236808777 0.4521321728825569 0.06589329242706299 0.10465045273303986
0 0.5807762742042542 0.3970645125955343 0.03485369682312012 0.05188704654574394
0 0.28498935140669346 0.41377338021993637 0.043988753110170364 0.08593021333217621
0 0.32828783988952637 0.40986113622784615 0.04184424877166748 0.07313118129968643
0 0.599290800280869 0.3955968227237463 0.0264145378023386 0.04773746058344841
