0 0.37061989307403564 0.7104162499308586 0.048336148262023926 0.23984573781490326
0 0.2582111023366451 0.7952238172292709 0.07459237426519394 0.36298760771751404
0 0.1934365089982748 0.5746168792247772 0.060324084013700485 0.1579180359840393
0 0.10314000025391579 0.8540042638778687 0.08991460502147675 0.29130256175994873
0 0.3238715771585703 0.755569726228714 0.04729442670941353 0.2254127860069275
0 0.11786957085132599 0.6574999615550041 0.047286391258239746 0.19372163712978363
0 0.05219680070877075 0.6362656205892563 0.0440216064453125 0.12302538752555847
0 0.08450589329004288 0.6118457913398743 0.03459176421165466 0.17216992378234863
0 0.008134839124977589 0.6449142415076494 0.016269678249955177 0.03210741654038429
0 0.11008766479790211 0.5745983570814133 0.02935393527150154 0.10618290305137634
0 0.28542493656277657 0.6796266585588455 0.0372832790017128 0.16318240761756897
0 0.09709286224097013 0.5520618818700314 0.014652734622359276 0.055996112525463104
0 0.09705189801752567 0.6310094222426414 0.05611195042729378 0.13208787143230438
