0 0.09078622236847878 0.5426768064498901 0.0677623450756073 0.14361262321472168
0 0.4000511523336172 0.6345871984958649 0.04734356328845024 0.2123517394065857
0 0.4854876156896353 0.6014500334858894 0.046178530901670456 0.22338201105594635
0 0.2509961798787117 0.7061823010444641 0.06904692947864532 0.3013676404953003
0 0.304168164730072 0.5933359935879707 0.04326438903808594 0.19140709936618805
0 0.45104603096842766 0.6131959855556488 0.035927675664424896 0.19689518213272095
0 0.3061821460723877 0.9650917313992977 0.04000365734100342 0.06980472058057785
0 0.17487498745322227 0.5079563558101654 0.060866378247737885 0.16535025835037231
0 0.3395652715116739 0.5988976396620274 0.029058266431093216 0.09081722050905228
0 0.23060419037938118 0.5025821626186371 0.04657421261072159 0.15967267751693726
0 0.29187085665762424 0.4844612181186676 0.02928798273205757 0.137032151222229
0 0.36135512590408325 0.6197503060102463 0.02971065044403076 0.1843237578868866
0 0.270499455742538 0.4726959355175495 0.02707657776772976 0.1242472305893898
0 0.3499971153214574 0.5302606411278248 0.017715955153107643 0.06148681789636612
0 0.19661260209977627 0.5132030993700027 0.03674949333071709 0.10498830676078796
0 0.20117105264216661 0.4498628303408623 0.020917022600769997 0.046008214354515076
