0 0.22190871089696884 0.8065684586763382 0.07905910909175873 0.38271811604499817
0 0.10914527997374535 0.8263756334781647 0.09670428186655045 0.2556890845298767
0 0.3418319821357727 0.7337735444307327 0.04976916313171387 0.24562254548072815
0 0.18995412066578865 0.5957949385046959 0.044979073107242584 0.1558329313993454
0 0.1500623282045126 0.5974312946200371 0.0328679196536541 0.14745818078517914
0 0.07209820300340652 0.7047338485717773 0.05524430423974991 0.19370782375335693
0 0.05764270853251219 0.6353526785969734 0.10444468259811401 0.15740610659122467
0 0.2915461119264364 0.7823273986577988 0.05244893953204155 0.2599298655986786
0 0.26702122017741203 0.7555843740701675 0.059090398252010345 0.2990610897541046
0 0.05406344123184681 0.580310195684433 0.02055315300822258 0.05345183610916138
