0 0.49452755972743034 0.6718157231807709 0.07850375026464462 0.21544736623764038
0 0.3115216977894306 0.6451785415410995 0.04238925129175186 0.21813270449638367
0 0.773454524576664 0.8510967940092087 0.11492414772510529 0.29395827651023865
0 0.8407304994761944 0.863163024187088 0.11626353114843369 0.2725667357444763
0 0.6327226273715496 0.3818513825535774 0.03263845294713974 0.08679093420505524
0 0.16150889918208122 0.42399220913648605 0.048537395894527435 0.0971870869398117
0 0.6813765522092581 0.36695001646876335 0.03437991067767143 0.08956273645162582
0 0.21362921595573425 0.38751279562711716 0.02981722354888916 0.0638648122549057
0 0.2580796964466572 0.5233060568571091 0.03837642818689346 0.15140673518180847
0 0.5701832296326756 0.3937443979084492 0.030266189947724342 0.07058487087488174
0 0.6602354645729065 0.9236430153250694 0.06399202346801758 0.15271393954753876
0 0.11060717701911926 0.37717897444963455 0.035786569118499756 0.06610067188739777
0 0.5792344212532043 0.4775248318910599 0.03363966941833496 0.11811336874961853
0 0.06778874062001705 0.3809242472052574 0.0412302203476429 0.07844172418117523
0 0.28565349616110325 0.4237534701824188 0.04931037500500679 0.08024787902832031
0 0.2570341322571039 0.44256578013300896 0.043447066098451614 0.09401228278875351
0 0.2607669048011303 0.3619698602706194 0.03613438457250595 0.06120336428284645
0 0.2653580065816641 0.37649775855243206 0.028839539736509323 0.04829701408743858
