0 0.32037466019392014 0.7066603302955627 0.07899610698223114 0.28787243366241455
0 0.41239775344729424 0.524292066693306 0.04997064918279648 0.16263189911842346
0 0.5671105161309242 0.7649350613355637 0.07970471680164337 0.4701298177242279
0 0.6088513247668743 0.6244434341788292 0.037405870854854584 0.20202068984508514
0 0.851732587441802 0.3705974370241165 0.03270883485674858 0.08961889147758484
0 0.7744997385889292 0.4519966132938862 0.030114222317934036 0.09610901027917862
0 0.20420171041041613 0.3534836769104004 0.026491129770874977 0.09011298418045044
0 0.7673995736986399 0.35788043960928917 0.03564648702740669 0.0856732651591301
0 0.2736526606604457 0.36601681262254715 0.029459333047270775 0.08825553953647614
0 0.3164750337600708 0.4149719253182411 0.03077828884124756 0.11524064838886261
0 0.9289875980466604 0.3479127660393715 0.03989715501666069 0.07707519829273224
0 0.34205458126962185 0.4613172449171543 0.04264266416430473 0.12325198203325272
0 0.36459038872271776 0.33362479135394096 0.024684691801667213 0.05508842319250107
0 0.3359884973615408 0.3305164761841297 0.01893598958849907 0.0733439102768898
0 0.8982491251081228 0.3548034280538559 0.03350992128252983 0.05603775382041931
0 0.1675157668069005 0.31479211896657944 0.02917536534368992 0.04784117639064789
0 0.35679476242512465 0.2975454227998853 0.011920904740691185 0.023433664813637733
0 0.1405758559703827 0.31526894867420197 0.027608931064605713 0.05552753806114197
