0 0.6195363402366638 0.5086487606167793 0.04535722732543945 0.13393576443195343
0 0.6745562441647053 0.4034872055053711 0.05435023456811905 0.13620465993881226
0 0.4358702003955841 0.33303630352020264 0.018956899642944336 0.085460364818573
0 0.4916750015690923 0.3267791047692299 0.01934661902487278 0.08356727659702301
0 0.39912002068012953 0.30526694282889366 0.021267270669341087 0.07027839869260788
0 0.458590698428452 0.3109415415674448 0.016663456335663795 0.04054145887494087
0 0.4787689093500376 0.4998616501688957 0.058379460126161575 0.1547602266073227
0 0.3485901476815343 0.2755332812666893 0.023743176832795143 0.044631704688072205
0 0.5444163680076599 0.47853609174489975 0.0339198112487793 0.14354459941387177
0 0.24464908242225647 0.3106244020164013 0.022259235382080078 0.055050574243068695
0 0.5834087608382106 0.31179841980338097 0.022391414269804955 0.07641499489545822
0 0.609371674247086 0.32208855263888836 0.02927269972860813 0.05605962499976158
0 0.32805337896570563 0.27664168179035187 0.014411854557693005 0.05462425947189331
0 0.3085252405144274 0.25731050223112106 0.012442302890121937 0.024193361401557922
0 0.5194416996091604 0.478075485676527 0.03584332391619682 0.08390846103429794
0 0.26819893158972263 0.31150185130536556 0.01886742189526558 0.055105846375226974
0 0.4732454903423786 0.5356365516781807 0.04716978222131729 0.1319553405046463
0 0.302713954821229 0.2869394402951002 0.018349815160036087 0.04502987489104271
0 0.5998201370239258 0.30348993837833405 0.0173189640045166 0.06777587532997131
0 0.2743707122281194 0.27878676913678646 0.01716306246817112 0.0463358573615551
