0 0.5129623003304005 0.6610240489244461 0.07166013866662979 0.2104128897190094
0 0.32528904639184475 0.6673699095845222 0.04355473443865776 0.22044016420841217
0 0.7039400935173035 0.9217846095561981 0.06698465347290039 0.15642708539962769
0 0.26862357929348946 0.5318870469927788 0.04393789917230606 0.14136891067028046
0 0.5797064658254385 0.4871004559099674 0.04522223398089409 0.11772871762514114
0 0.17103111185133457 0.4339037984609604 0.04875974729657173 0.11759397387504578
0 0.8667900785803795 0.8551589846611023 0.12262372672557831 0.282010555267334
0 0.7992695569992065 0.853301391005516 0.11487412452697754 0.29108330607414246
0 0.5646183490753174 0.39885276928544044 0.03186202049255371 0.07673276215791702
0 0.6705132015049458 0.36619432270526886 0.03231034427881241 0.07837626338005066
0 0.6246095057576895 0.38840196281671524 0.030216407030820847 0.08434219658374786
0 0.21537670493125916 0.3808959163725376 0.033100426197052 0.05249226838350296
0 0.07119354978203773 0.3809881918132305 0.04339618235826492 0.07160481065511703
0 0.11361861787736416 0.37746515683829784 0.036026399582624435 0.06213783845305443
0 0.2666710317134857 0.4336070455610752 0.04414546489715576 0.08369327336549759
0 0.26546328142285347 0.37430714070796967 0.04512176662683487 0.07081589102745056
0 0.5665318015962839 0.4198838211596012 0.028314638882875443 0.06872851401567459
0 0.2828923650085926 0.3996838741004467 0.05610308796167374 0.07811292260885239
0 0.26961491629481316 0.46195027977228165 0.043666742742061615 0.07484652101993561
0 0.29889853671193123 0.4255327545106411 0.03449580818414688 0.05578409880399704
