0 0.642897367477417 0.7565722838044167 0.06642603874206543 0.24914677441120148
0 0.2752486355602741 0.5834941789507866 0.04073796421289444 0.19159333407878876
0 0.7142940536141396 0.7717152163386345 0.07034297287464142 0.23419366776943207
0 0.3812624327838421 0.6127678081393242 0.040920160710811615 0.18104277551174164
0 0.23264279402792454 0.4705849066376686 0.040190983563661575 0.17502839863300323
0 0.6834617611020803 0.3814280442893505 0.031879376620054245 0.09319528192281723
0 0.2692016363143921 0.35716327652335167 0.03318989276885986 0.07643847912549973
0 0.06727760471403599 0.3562292195856571 0.03701906278729439 0.06672770529985428
0 0.6165812136605382 0.3878786675632 0.025380754843354225 0.0996142253279686
0 0.1407889686524868 0.3953670635819435 0.0357997789978981 0.09978736937046051
0 0.47168390825390816 0.8715977072715759 0.06723342090845108 0.25680458545684814
0 0.10567430220544338 0.35877007991075516 0.034818630665540695 0.07154710590839386
0 0.7435950040817261 0.3553715609014034 0.039175987243652344 0.07392524927854538
0 0.6264640931040049 0.4783324562013149 0.03378133848309517 0.09279238432645798
0 0.2268163738772273 0.36333064176142216 0.026652073487639427 0.05228133872151375
0 0.23517386056482792 0.4092501010745764 0.04585402086377144 0.06043849512934685
0 0.23678111471235752 0.385935265570879 0.04687481001019478 0.07569662481546402
