0 0.7013110872358084 0.5277465507388115 0.05546588823199272 0.19814275205135345
0 0.5215639844536781 0.5411156415939331 0.06430239975452423 0.21738475561141968
0 0.7800665386021137 0.4392576590180397 0.05976090580224991 0.16656608879566193
0 0.47331702709198 0.31632502004504204 0.024908781051635742 0.08156844228506088
0 0.5555189847946167 0.3402511514723301 0.02032613754272461 0.0768599584698677
0 0.6739741805940866 0.3216793164610863 0.03200202062726021 0.08837489783763885
0 0.6118389256298542 0.47602246329188347 0.052186109125614166 0.12135221809148788
0 0.5020644487813115 0.35657714307308197 0.0232559684664011 0.09813037514686584
0 0.579193364828825 0.5661687925457954 0.08360543102025986 0.22113986313343048
0 0.6523222327232361 0.32050439342856407 0.031174898147583008 0.07988785952329636
0 0.4540040669962764 0.28489879332482815 0.01721320115029812 0.04216719791293144
0 0.4271709858439863 0.2878260239958763 0.014949607662856579 0.04648314416408539
0 0.39956881385296583 0.29385538771748543 0.016148900613188744 0.0543082132935524
0 0.5210170866921544 0.3234184607863426 0.01275172270834446 0.06320743262767792
0 0.34013575315475464 0.3166609089821577 0.030498981475830078 0.059242840856313705
0 0.36500412225723267 0.3024455402046442 0.030142784118652344 0.05466361716389656
0 0.3828414501622319 0.3024387117475271 0.019721174612641335 0.05012054368853569
0 0.38173900824040174 0.27077842224389315 0.01505742035806179 0.023374387994408607
0 0.7731870170682669 0.3789037298411131 0.019710015505552292 0.04258164390921593
0 0.5074987411499023 0.3168666735291481 0.010888338088989258 0.034988000988960266
0 0.5687100412324071 0.48389394767582417 0.02304520644247532 0.05533400550484657
0 0.46363758435472846 0.2588899852707982 0.010150241665542126 0.021474117413163185
