0 0.26466321013867855 0.4974549748003483 0.03263695165514946 0.0964280441403389
0 0.2045378778129816 0.5458530746400356 0.036954570561647415 0.12416666001081467
0 0.021652896915810516 0.6898684278130531 0.04330551624298096 0.12885458767414093
0 0.6154101369902492 0.5015479288995266 0.026281213387846947 0.1196698471903801
0 0.15485065057873726 0.679019570350647 0.053640760481357574 0.17621350288391113
0 0.12653267942368984 0.6192417219281197 0.053085219115018845 0.1614394336938858
0 0.537089598365128 0.5155526772141457 0.023449325934052467 0.09406818449497223
0 0.336405361071229 0.4360125232487917 0.027591276913881302 0.05837622657418251
0 0.4580965517088771 0.5281017646193504 0.025342082604765892 0.07226286828517914
0 0.4863094203174114 0.557367492467165 0.03165926784276962 0.09523162990808487
0 0.5048530995845795 0.4716899264603853 0.015246868133544922 0.05775252357125282
0 0.30990538001060486 0.4572725426405668 0.02509927749633789 0.05722024664282799
0 0.474085146561265 0.4826698340475559 0.027993489056825638 0.07064319401979446
0 0.5513098239898682 0.4644646439701319 0.01683974266052246 0.05810101702809334
0 0.3179839910008013 0.41849755495786667 0.013479662127792835 0.02892439067363739
