0 0.7711403965950012 0.5593434423208237 0.06293296813964844 0.20383372902870178
0 0.5391524061560631 0.5768278613686562 0.07065372169017792 0.229347363114357
0 0.6059792414307594 0.5920290350914001 0.08426018059253693 0.262470543384552
0 0.8285484313964844 0.47190649807453156 0.03883552551269531 0.18370607495307922
0 0.6611441131681204 0.5054767206311226 0.04373617097735405 0.12997300922870636
0 0.7100673317909241 0.3367231450974941 0.03400230407714844 0.09532659500837326
0 0.8682923801243305 0.48034511506557465 0.05117998272180557 0.19927766919136047
0 0.6855119224637747 0.3395104818046093 0.03232760354876518 0.09033777564764023
0 0.5885041477158666 0.3521389588713646 0.021878624334931374 0.09439663589000702
0 0.5333690885454416 0.36895129084587097 0.027323532849550247 0.11594867706298828
0 0.38147432170808315 0.3191589042544365 0.030337762087583542 0.07401476800441742
0 0.5114947911351919 0.3361514210700989 0.030180882662534714 0.07056266069412231
0 0.47602936066687107 0.3001542892307043 0.01843242719769478 0.04863647744059563
0 0.5648953914642334 0.32688408717513084 0.016736507415771484 0.07133787125349045
0 0.508364712819457 0.2843390144407749 0.020309876650571823 0.05020410567522049
0 0.4013282358646393 0.3180481866002083 0.025246143341064453 0.07408006489276886
0 0.44384921807795763 0.3007009029388428 0.02030935324728489 0.05891484022140503
0 0.4247236428782344 0.2998196370899677 0.02885136567056179 0.06926057487726212
0 0.48372751474380493 0.27076949179172516 0.015898704528808594 0.028820842504501343
0 0.6430897116661072 0.5170397870242596 0.06444954872131348 0.10700895637273788
