0 0.021862810477614403 0.6819862499833107 0.043725620955228806 0.1191081553697586
0 0.12881797924637794 0.6195285469293594 0.05122736841440201 0.16456261277198792
0 0.1544412560760975 0.663172222673893 0.05266205221414566 0.15674777328968048
0 0.2553878277540207 0.5113062113523483 0.04212212562561035 0.10671404004096985
0 0.5982828978449106 0.5161192938685417 0.026250649243593216 0.14093975722789764
0 0.19783419743180275 0.5440439954400063 0.042543329298496246 0.12808634340763092
0 0.4594087786972523 0.5794005244970322 0.03802666813135147 0.12520751357078552
0 0.30075246654450893 0.46133270114660263 0.02758605405688286 0.09907446801662445
0 0.524846101179719 0.5275984182953835 0.03341083601117134 0.151954784989357
0 0.49426928721368313 0.47898394986987114 0.01755065843462944 0.06563767045736313
0 0.44303314108401537 0.5452675074338913 0.02750554122030735 0.0731876790523529
0 0.3239991422742605 0.4458491411060095 0.02469952031970024 0.05085025355219841
0 0.46291888877749443 0.477781243622303 0.0331050381064415 0.0730634480714798
0 0.5328574776649475 0.46919452771544456 0.023114681243896484 0.07809024304151535
