0 0.3529754877090454 0.5867864340543747 0.061380624771118164 0.1807021200656891
0 0.4892148859798908 0.5042384415864944 0.04583344608545303 0.1497652232646942
0 0.5442289598286152 0.6115219220519066 0.0443941131234169 0.24315135180950165
0 0.4990772604942322 0.7454502582550049 0.04021763801574707 0.27656686305999756
0 0.8674073927104473 0.34517666324973106 0.03337564319372177 0.06986092776060104
0 0.4166087508201599 0.4439844861626625 0.048525452613830566 0.1332106739282608
0 0.8647216558456421 0.4366717077791691 0.038014888763427734 0.11091054230928421
0 0.5795891042798758 0.5420392602682114 0.03420205041766167 0.14772376418113708
0 0.9793066382408142 0.37524646520614624 0.03913450241088867 0.11386644840240479
0 0.2628243686631322 0.3368152007460594 0.025133157148957253 0.08708320558071136
0 0.43046686612069607 0.325309831649065 0.019695710390806198 0.06468573957681656
0 0.3987444397062063 0.39892418310046196 0.034311842173337936 0.10896875709295273
0 0.3299872577190399 0.34955283999443054 0.03280949592590332 0.07889145612716675
0 0.21473229862749577 0.3164610005915165 0.03266327455639839 0.06719786673784256
0 0.410040152259171 0.3188389092683792 0.01909771002829075 0.07174000144004822
0 0.034607590176165104 0.304911307990551 0.03965766355395317 0.06716136634349823
0 0.5468758940696716 0.5246833339333534 0.01379704475402832 0.07002444565296173
0 0.007376947905868292 0.3234304450452328 0.014753895811736584 0.06550746411085129
0 0.4215710461139679 0.2875650664791465 0.012735605239868164 0.030145136639475822
