0 0.12884796038269997 0.5943341106176376 0.05317278951406479 0.13703414797782898
0 0.019130749627947807 0.6695425733923912 0.038261499255895615 0.11612264811992645
0 0.5868377089500427 0.5292396396398544 0.027892351150512695 0.13643959164619446
0 0.2566188611090183 0.5035359337925911 0.03549156337976456 0.10322345793247223
0 0.3234838005155325 0.43753406032919884 0.02514321729540825 0.07660221308469772
0 0.1567107830196619 0.6692449226975441 0.056135524064302444 0.20797593891620636
0 0.19065964221954346 0.536258015781641 0.0440211296081543 0.0999956801533699
0 0.2972764018923044 0.4564529359340668 0.025980878621339798 0.08671820163726807
0 0.441426670178771 0.5913539305329323 0.04387230798602104 0.15264053642749786
0 0.5114892963320017 0.5535811521112919 0.025563526898622513 0.08804745227098465
0 0.45261795446276665 0.49706241860985756 0.0320979580283165 0.05293828994035721
0 0.5179445389658213 0.49191657826304436 0.022324372082948685 0.05073615163564682
0 0.4855165835469961 0.4688359349966049 0.02599472925066948 0.06796786189079285
0 0.4670523046515882 0.45884485356509686 0.014220762066543102 0.0366380475461483
0 0.49368298612535 0.4706437960267067 0.03201336786150932 0.08250994980335236
