0 0.37058355659246445 0.8406335264444351 0.07512430846691132 0.31873300671577454
0 0.3651074171066284 0.5918222442269325 0.04314291477203369 0.1966514140367508
0 0.6553276181221008 0.7288464605808258 0.05581521987915039 0.2808714509010315
0 0.2912001498043537 0.5421022027730942 0.044501639902591705 0.18175867199897766
0 0.5865588672459126 0.749803215265274 0.053749896585941315 0.33809393644332886
0 0.7582374811172485 0.3663879856467247 0.03180217742919922 0.09324584901332855
0 0.6849324461072683 0.413876049220562 0.02879328653216362 0.1708153337240219
0 0.3096232060343027 0.34219107776880264 0.029346276074647903 0.08560390770435333
0 0.7356878165155649 0.9238257259130478 0.05773620679974556 0.1523476541042328
0 0.10043250396847725 0.3502608872950077 0.04078660160303116 0.07480890303850174
0 0.27204282861202955 0.34617630392313004 0.019854282960295677 0.07303483784198761
0 0.24998203851282597 0.43478070199489594 0.05158655717968941 0.16853579878807068
0 0.16921637393534184 0.39072830602526665 0.029970575124025345 0.0641995295882225
0 0.8174558877944946 0.3653920888900757 0.04768252372741699 0.07897883653640747
0 0.12933009583503008 0.34138691425323486 0.029398823156952858 0.06678450107574463
0 0.8102650046348572 0.3241686560213566 0.015726566314697266 0.033331044018268585
0 0.157719814684242 0.34980448707938194 0.013445365242660046 0.0354110524058342
