0 0.39894789457321167 0.536592923104763 0.050246238708496094 0.15256927907466888
0 0.3264316916465759 0.4863975718617439 0.04604959487915039 0.15783865749835968
0 0.32471293210983276 0.7187972068786621 0.07891297340393066 0.25128448009490967
0 0.7533300518989563 0.43494679778814316 0.029902935028076172 0.10488395392894745
0 0.6163250915706158 0.6474759578704834 0.042755745351314545 0.21601104736328125
0 0.7484675291925669 0.35428157448768616 0.03124837949872017 0.07866829633712769
0 0.5591674204915762 0.6901967525482178 0.0510370247066021 0.28435659408569336
0 0.3517611678689718 0.3384765386581421 0.02230842038989067 0.0625905990600586
0 0.8334338311105967 0.3656482808291912 0.038620758801698685 0.09261133521795273
0 0.3013219414278865 0.4282926246523857 0.028418397530913353 0.12141452729701996
0 0.32223949395120144 0.34318566508591175 0.01764805242419243 0.058036211878061295
0 0.13186649419367313 0.3275787867605686 0.03597216680645943 0.06252170354127884
0 0.19691129308193922 0.3632543683052063 0.030541157349944115 0.09523868560791016
0 0.1585948346182704 0.32101609744131565 0.027996456250548363 0.04507427290081978
0 0.26583745516836643 0.3640274927020073 0.033080387860536575 0.0706540197134018
0 0.9055585023015738 0.3559402823448181 0.028858374804258347 0.05571621656417847
0 0.8774882201105356 0.3609056808054447 0.03158073499798775 0.0771409347653389
0 0.34372849483042955 0.2929119002074003 0.011863494291901588 0.02168157324194908
0 0.31989401020109653 0.31900756247341633 0.01564793661236763 0.04362097755074501
