0 0.9495571851730347 0.454361267387867 0.03896903991699219 0.13425059616565704
0 0.3918543215841055 0.5352120250463486 0.055304836481809616 0.1568668782711029
0 0.982634712010622 0.3688969053328037 0.03373441845178604 0.10485882312059402
0 0.4510506745427847 0.614060677587986 0.03679222986102104 0.17216987907886505
0 0.2671346366405487 0.3015161007642746 0.031285762786865234 0.06963399052619934
0 0.37514591217041016 0.33361104130744934 0.02569103240966797 0.08549082279205322
0 0.31227621994912624 0.3255082704126835 0.019513677805662155 0.08354002982378006
0 0.5211138017475605 0.5753061324357986 0.04437289386987686 0.20971718430519104
0 0.4975840803235769 0.40648920461535454 0.037792157381772995 0.11222013086080551
0 0.4604001883417368 0.30819447711110115 0.020882178097963333 0.07223383337259293
0 0.4720488376915455 0.3915959484875202 0.0327209010720253 0.10895279794931412
0 0.5459443684667349 0.5043791905045509 0.04260415956377983 0.20420922338962555
0 0.4827024098485708 0.31381672993302345 0.023244809359312057 0.058538563549518585
0 0.05406109523028135 0.3147171922028065 0.02106027863919735 0.0759522095322609
0 0.0778244137763977 0.3181646764278412 0.03276214748620987 0.09315299987792969
0 0.12298949528485537 0.29181027226150036 0.02460273541510105 0.06050073727965355
0 0.11486554518342018 0.3007381036877632 0.03926072269678116 0.05373372137546539
