0 0.36234835907816887 0.5861078575253487 0.06387331336736679 0.2049875408411026
0 0.4896590653806925 0.7079279571771622 0.04188184812664986 0.23864153027534485
0 0.5018949396908283 0.4947715625166893 0.04482684284448624 0.14871804416179657
0 0.8775158636271954 0.4409535564482212 0.039630793035030365 0.10722363740205765
0 0.5769407395273447 0.5440471768379211 0.034920740872621536 0.17404323816299438
0 0.5417592041194439 0.5774483233690262 0.04728426784276962 0.18607541918754578
0 0.43029382824897766 0.42562955990433693 0.0467526912689209 0.11991704255342484
0 0.9892466785386205 0.3694191835820675 0.021506691351532936 0.09189503639936447
0 0.27411639131605625 0.33877944201231003 0.02493124082684517 0.09291087090969086
0 0.889356255531311 0.3599449396133423 0.03856372833251953 0.09272891283035278
0 0.04958031326532364 0.3057883568108082 0.0398433543741703 0.0691060796380043
0 0.338489830493927 0.34852463752031326 0.03282487392425537 0.07636608183383942
0 0.44054323993623257 0.3127283602952957 0.023383092135190964 0.08069691061973572
0 0.42458232678472996 0.3110513761639595 0.027522612363100052 0.07640226185321808
0 0.41036865673959255 0.38824649527668953 0.028600167483091354 0.06737003475427628
0 0.012164978121290915 0.35452720522880554 0.02407049387693405 0.06275463104248047
0 0.5442618252709508 0.514212753623724 0.013377571478486061 0.05796390026807785
0 0.22304107528179884 0.310854434967041 0.029106950387358665 0.0674978494644165
0 0.3461190704256296 0.3229199182242155 0.018825698643922806 0.05923601612448692
0 0.01459406663707341 0.3126169927418232 0.029112529009580612 0.043682076036930084
