0 0.5238502509891987 0.6335039809346199 0.06166420131921768 0.17291344702243805
0 0.8929799310863018 0.7508869543671608 0.10962953418493271 0.23862965404987335
0 0.6816752180457115 0.744823768734932 0.09480027854442596 0.2133648693561554
0 0.6291235331445932 0.5504791289567947 0.04993872717022896 0.12224087119102478
0 0.20616021752357483 0.4274037554860115 0.04084622859954834 0.08863182365894318
0 0.3918053563684225 0.4534168615937233 0.05381126329302788 0.11340518295764923
0 0.2600854244083166 0.42741620913147926 0.04237062856554985 0.08589185029268265
0 0.32665641978383064 0.4328954331576824 0.03253648430109024 0.0795520767569542
0 0.9880803944543004 0.7082959935069084 0.02383747138082981 0.10660658776760101
0 0.4663761742413044 0.48007335513830185 0.06367287784814835 0.1418353170156479
0 0.5648411400616169 0.4584250636398792 0.04977593570947647 0.10246238857507706
0 0.36235026083886623 0.4359687939286232 0.028927039355039597 0.0998079925775528
0 0.6026969198137522 0.43260745145380497 0.026952553540468216 0.05599530413746834
0 0.5718800667673349 0.4135913923382759 0.052657175809144974 0.06339450180530548
0 0.3726341603323817 0.4200543537735939 0.020290469750761986 0.05229462683200836
0 0.5749178044497967 0.390246381983161 0.04526390880346298 0.049948375672101974
