0 0.7189330216497183 0.5377666354179382 0.05743403360247612 0.20319437980651855
0 0.5260321125388145 0.561488501727581 0.06562881171703339 0.20997492969036102
0 0.580578375607729 0.562457948923111 0.0738748088479042 0.22706061601638794
0 0.5634206179529428 0.3442068248987198 0.019835997372865677 0.09313252568244934
0 0.6281065586954355 0.4780030883848667 0.04522590711712837 0.12053371220827103
0 0.8057307489216328 0.44802822172641754 0.03822002559900284 0.1740739643573761
0 0.6589595433324575 0.3289984501898289 0.028531741350889206 0.08457834273576736
0 0.6845149043947458 0.3399144522845745 0.028475333005189896 0.07221730798482895
0 0.5088562611490488 0.36451762542128563 0.020378876477479935 0.07207959145307541
0 0.7870732061564922 0.44527703523635864 0.04722776263952255 0.16061431169509888
0 0.48314298409968615 0.32729851454496384 0.025577450171113014 0.06215517222881317
0 0.4388620615936816 0.29404016956686974 0.014684152789413929 0.044773273169994354
0 0.3496908899396658 0.3187868595123291 0.028832267969846725 0.051947593688964844
0 0.4677089098840952 0.28572462126612663 0.017508793622255325 0.044730864465236664
0 0.4112290618941188 0.29149764589965343 0.015796994790434837 0.04708218201994896
0 0.3827151181176305 0.30292900279164314 0.020957136526703835 0.05375794321298599
0 0.39716364722698927 0.2895995043218136 0.021604513749480247 0.05281054228544235
0 0.6720458026975393 0.29888351634144783 0.016319941729307175 0.043442703783512115
0 0.3935218630358577 0.3007984682917595 0.027480339631438255 0.04803059995174408
0 0.524538541212678 0.3248415105044842 0.026233959943056107 0.07065870612859726
0 0.3667090116068721 0.3022763431072235 0.027716731652617455 0.052713096141815186
0 0.6059446558356285 0.4927459619939327 0.07065324485301971 0.08721940964460373
0 0.40224074106663465 0.30249476805329323 0.02993187867105007 0.05645925551652908
