0 0.02145054005086422 0.6720817536115646 0.04290108010172844 0.11704525351524353
0 0.1548504624515772 0.6840566545724869 0.054097820073366165 0.1833501160144806
0 0.2609021570533514 0.5019284933805466 0.03187568113207817 0.10343983769416809
0 0.20057125389575958 0.5293535739183426 0.03653287887573242 0.10361972451210022
0 0.1285123210400343 0.6024835854768753 0.048026036471128464 0.14482679963111877
0 0.6086531039327383 0.5164984837174416 0.03010387346148491 0.127421572804451
0 0.30296202283352613 0.46337798424065113 0.023879026994109154 0.05292261019349098
0 0.4724007658660412 0.5850696563720703 0.0381864532828331 0.13599908351898193
0 0.3314493177458644 0.43704625219106674 0.023098444566130638 0.05984984338283539
0 0.5283862948417664 0.5338616780936718 0.02350139617919922 0.11314298957586288
0 0.46921840868890285 0.4697653762996197 0.029514264315366745 0.0818491205573082
0 0.5002920031547546 0.4729893058538437 0.02113175392150879 0.04926380515098572
0 0.45037890039384365 0.5521977879106998 0.026086043566465378 0.09627897292375565
0 0.5414975043386221 0.45924879238009453 0.019274186342954636 0.0664600357413292
0 0.5382536295801401 0.47479226998984814 0.024940062314271927 0.055735524743795395
0 0.31078497180715203 0.42363756615668535 0.014769268222153187 0.02958797849714756
