0 0.6204828377813101 0.6664020344614983 0.04102320596575737 0.23531709611415863
0 0.3296598196029663 0.7712798863649368 0.07949459552764893 0.3054923117160797
0 0.3922468665987253 0.5549925118684769 0.049750734120607376 0.17925193905830383
0 0.5626762397587299 0.6815107464790344 0.048852063715457916 0.2630496025085449
0 0.31933208741247654 0.498193196952343 0.05296890810132027 0.15736626088619232
0 0.7399646155536175 0.4109165146946907 0.03459157794713974 0.18484480679035187
0 0.8185073379427195 0.3657049983739853 0.03166608884930611 0.09799370169639587
0 0.26003918051719666 0.3778344616293907 0.030529499053955078 0.08998207747936249
0 0.12455388531088829 0.3282968904823065 0.03395720571279526 0.05978713557124138
0 0.34371974505484104 0.3397253416478634 0.022051144391298294 0.06596749275922775
0 0.1916294153779745 0.37262585014104843 0.024431120604276657 0.06767378747463226
0 0.2940099658444524 0.43347518518567085 0.028134727850556374 0.12112108618021011
0 0.866004716604948 0.3624950386583805 0.032547853887081146 0.0806472972035408
0 0.890784764662385 0.35736191272735596 0.030408192425966263 0.06433999538421631
0 0.3133575199171901 0.3427044954150915 0.019670939072966576 0.05442492291331291
0 0.1568839456886053 0.3392796851694584 0.021732162684202194 0.04294569045305252
0 0.31166468281298876 0.32215370796620846 0.020583773031830788 0.058916132897138596
0 0.8879624120891094 0.3341264072805643 0.03687705844640732 0.061470795422792435
0 0.18116581439971924 0.33556320518255234 0.010984480381011963 0.038754209876060486
0 0.2690174821764231 0.36089414171874523 0.020786214619874954 0.05066579207777977
