0 0.5905434973537922 0.7455830723047256 0.07752261310815811 0.2459111511707306
0 0.1681649349629879 0.4204851798713207 0.043110691010951996 0.09294798225164413
0 0.8340198285877705 0.725307509303093 0.11294064670801163 0.21796950697898865
0 0.6099757198244333 0.5311468318104744 0.0442078597843647 0.12177462875843048
0 0.4172804895788431 0.5073589459061623 0.05909853056073189 0.1357301026582718
0 0.22476821020245552 0.41137367859482765 0.03956351429224014 0.06641972810029984
0 0.5580137725919485 0.44659874588251114 0.041530560702085495 0.09136797487735748
0 0.3015395160764456 0.42372285574674606 0.03750498220324516 0.08574138581752777
0 0.9870630027726293 0.7218730710446835 0.025874042883515358 0.09291987866163254
0 0.437690669670701 0.44993893057107925 0.0401945598423481 0.08735491335391998
0 0.4593111574649811 0.6021004095673561 0.0536651611328125 0.1478474885225296
0 0.33970885910093784 0.4062047563493252 0.03828172758221626 0.06624650210142136
0 0.35927826166152954 0.4642796888947487 0.03980827331542969 0.07094879448413849
0 0.5757522936910391 0.4150658566504717 0.025325249880552292 0.05231005325913429
0 0.6159039977937937 0.40613455697894096 0.022755909711122513 0.05565299838781357
0 0.5885488390922546 0.40225264616310596 0.022515535354614258 0.0549628771841526
0 0.34770143032073975 0.45367876812815666 0.054608941078186035 0.07816984504461288
0 0.5724841468036175 0.39561393670737743 0.03209366649389267 0.05002522096037865
