0 0.6737176179885864 0.6751548126339912 0.08273887634277344 0.18700625002384186
0 0.2712744474411011 0.45532991364598274 0.04223930835723877 0.08925429731607437
0 0.8506021276116371 0.7408820018172264 0.0990573912858963 0.19636540114879608
0 0.16403969004750252 0.5199706442654133 0.048919178545475006 0.10754457861185074
0 0.09790329076349735 0.6456632912158966 0.05183606222271919 0.17612558603286743
0 0.9364730007946491 0.7476884201169014 0.09768448024988174 0.18265677988529205
0 0.4912876971065998 0.5229378044605255 0.05147109180688858 0.11059790849685669
0 0.6612993236631155 0.5765618979930878 0.057590436190366745 0.11147910356521606
0 0.9547424204647541 0.6846255585551262 0.08201847225427628 0.12207065522670746
0 0.03624545011552982 0.5739089548587799 0.07235996425151825 0.16753548383712769
0 0.11807888187468052 0.5040812939405441 0.04845770075917244 0.08717676997184753
0 0.395693177357316 0.4815344139933586 0.039311934262514114 0.11270849406719208
0 0.4455310106277466 0.48604830354452133 0.027271032333374023 0.08149723708629608
0 0.33893599547445774 0.45002319663763046 0.03578035905957222 0.06481848657131195
0 0.5074610589072108 0.43658010475337505 0.02798781357705593 0.051066841930150986
0 0.42791748046875 0.4801735021173954 0.0420527458190918 0.11074931174516678
0 0.5289181713014841 0.466602498665452 0.03167467191815376 0.054459381848573685
0 0.36893129348754883 0.47229864820837975 0.034679293632507324 0.09526180475950241
0 0.4904466513544321 0.4473697319626808 0.0219603069126606 0.07374568283557892
0 0.5202245824038982 0.44969364255666733 0.042999885976314545 0.07660268247127533
0 0.9152547474950552 0.6660715006291866 0.055199336260557175 0.08263986557722092
0 0.36093773879110813 0.454231608659029 0.028572607785463333 0.06550530344247818
