0 0.4733087308704853 0.6675495058298111 0.06420645862817764 0.21134427189826965
0 0.3025103509426117 0.629067488014698 0.04434823989868164 0.19894887506961823
0 0.6324012763798237 0.9224133566021919 0.06642398983240128 0.15517069399356842
0 0.7516111135482788 0.8512134402990341 0.11065483093261719 0.29510459303855896
0 0.8194628246128559 0.8617992401123047 0.09857640415430069 0.2756984233856201
0 0.689023494720459 0.36761491000652313 0.034728050231933594 0.09592702984809875
0 0.5820065140724182 0.4684232920408249 0.030893564224243164 0.10502573847770691
0 0.25300959311425686 0.5196404196321964 0.03407890722155571 0.10840076953172684
0 0.15456674993038177 0.421329278498888 0.04258465766906738 0.10881958156824112
0 0.24980000220239162 0.43858952820301056 0.042504142969846725 0.08155331015586853
0 0.6381051298230886 0.37931692600250244 0.036261748522520065 0.08371639251708984
0 0.2132741929963231 0.3824209216982126 0.02706756629049778 0.06167267635464668
0 0.27687988243997097 0.41749585792422295 0.04450542852282524 0.06843473762273788
0 0.1062412429600954 0.3704681172966957 0.03429530933499336 0.05725599825382233
0 0.06447630189359188 0.3785073049366474 0.036147590726614 0.088536836206913
0 0.5754509922116995 0.3971709664911032 0.026451777666807175 0.04920149967074394
0 0.2601118478924036 0.36342092975974083 0.034244704991579056 0.07044749706983566
0 0.2643047450110316 0.37966386415064335 0.028002357110381126 0.05321689322590828
0 0.11433922220021486 0.3796220179647207 0.030871743336319923 0.05880565568804741
