0 0.5155214257538319 0.5614032447338104 0.03929624706506729 0.14378678798675537
0 0.14749343506991863 0.6869642212986946 0.05118532106280327 0.17571021616458893
0 0.013258354738354683 0.6668375581502914 0.026516709476709366 0.08913370966911316
0 0.31320241652429104 0.4866166114807129 0.041420649737119675 0.08921271562576294
0 0.4431804418563843 0.5759589821100235 0.04458498954772949 0.14237526059150696
0 0.219782292842865 0.5500912480056286 0.03458130359649658 0.07695134729146957
0 0.2555116917937994 0.505069475620985 0.026870202273130417 0.09680785983800888
0 0.3694497589021921 0.6671679690480232 0.04143731668591499 0.1752779632806778
0 0.11920276656746864 0.6119049713015556 0.05564194172620773 0.13672493398189545
0 0.1304238922894001 0.5450445078313351 0.04408397525548935 0.08511059731245041
0 0.42020189203321934 0.5119485966861248 0.020016241818666458 0.04740431159734726
0 0.3722543716430664 0.5899502635002136 0.039070725440979004 0.0937570333480835
0 0.38938009180128574 0.5272151008248329 0.029604483395814896 0.06845338642597198
0 0.23463003896176815 0.50110780633986 0.017423581331968307 0.04164551571011543
