0 0.803162969648838 0.6983615309000015 0.06433792412281036 0.324491411447525
0 0.8585544936358929 0.5356361865997314 0.04539003223180771 0.22447365522384644
0 0.46204787492752075 0.7026462107896805 0.0783848762512207 0.2870953381061554
0 0.8996756188571453 0.5496401637792587 0.042751215398311615 0.23000898957252502
0 0.5738979354500771 0.6942562907934189 0.09047313034534454 0.32706329226493835
0 0.3486739881336689 0.34472909197211266 0.03753874450922012 0.08376138657331467
0 0.6319016925990582 0.5898804664611816 0.047055624425411224 0.21237623691558838
0 0.5586961749941111 0.37335827574133873 0.03160696104168892 0.11555688828229904
0 0.6798768881708384 0.3728611245751381 0.03638320043683052 0.12641413509845734
0 0.6530042411759496 0.3754367008805275 0.02757873572409153 0.11692900955677032
0 0.3921560999006033 0.33653785288333893 0.03799481317400932 0.09671857953071594
0 0.5051628239452839 0.4078689143061638 0.03824339061975479 0.13849352300167084
0 0.4570544185116887 0.3195088617503643 0.01611175574362278 0.04976310580968857
0 0.48192065954208374 0.37187912687659264 0.027586698532104492 0.0799260064959526
0 0.42274072766304016 0.3225780948996544 0.02573084831237793 0.0783638209104538
0 0.4987470032647252 0.3049073554575443 0.028788471594452858 0.06313491612672806
0 0.4991581793874502 0.3435835614800453 0.029176902025938034 0.06639637053012848
0 0.5130638955160975 0.3488854430615902 0.024412965402007103 0.06970613449811935
