0 0.036968029802665114 0.6245609298348427 0.07301803678274155 0.17494960129261017
0 0.15836260095238686 0.8003791123628616 0.09482584148645401 0.3031518757343292
0 0.3455951102077961 0.7512926757335663 0.05019412189722061 0.275564968585968
0 0.2622588388621807 0.6700844913721085 0.058942221105098724 0.2183021605014801
0 0.43006681837141514 0.6770592629909515 0.04532747343182564 0.24133068323135376
0 0.3984894994646311 0.7014322355389595 0.03861873224377632 0.2354140430688858
0 0.1130712740123272 0.5693316534161568 0.0418027862906456 0.1711040884256363
0 0.30547211691737175 0.686619445681572 0.04215802997350693 0.2539205253124237
0 0.2474253848195076 0.5347863361239433 0.06894440948963165 0.13003705441951752
0 0.1815821584314108 0.5805231332778931 0.05228216573596001 0.18969887495040894
0 0.1411912590265274 0.5737541019916534 0.029381513595581055 0.10212737321853638
0 0.1834246665239334 0.4935929160565138 0.02295917272567749 0.06239217147231102
0 0.2414759872481227 0.47858677990734577 0.017048215493559837 0.038093481212854385
0 0.1468886435031891 0.5059009101241827 0.015693068504333496 0.057870905846357346
