0 0.5614558458328247 0.7632888406515121 0.06975388526916504 0.47061821818351746
0 0.32312191650271416 0.7155233323574066 0.07824363559484482 0.3086358904838562
0 0.41741128638386726 0.5228012949228287 0.04953918606042862 0.1648367941379547
0 0.8629164341837168 0.3714051581919193 0.03181104734539986 0.09894157201051712
0 0.6100887302309275 0.6329537332057953 0.04199032858014107 0.23297470808029175
0 0.27818045020103455 0.3655382804572582 0.03206479549407959 0.08937462419271469
0 0.3452929798513651 0.46319184452295303 0.04651014879345894 0.125740185379982
0 0.7747987266629934 0.3575742170214653 0.036308955401182175 0.07836352288722992
0 0.20838420651853085 0.3479321375489235 0.025209080427885056 0.09022451937198639
0 0.9387905243784189 0.3557587303221226 0.037893105298280716 0.09133387356996536
0 0.909651767462492 0.3705502860248089 0.0406278595328331 0.08449526876211166
0 0.7831701757386327 0.45582759380340576 0.030231142416596413 0.10440665483474731
0 0.3232397921383381 0.41884448751807213 0.03163490444421768 0.12132691591978073
0 0.3715099338442087 0.33552427031099796 0.023975778371095657 0.060718197375535965
0 0.14693553186953068 0.3223694786429405 0.03045104816555977 0.06699733436107635
0 0.34136601723730564 0.3343438170850277 0.017018724232912064 0.0644332692027092
0 0.17242559231817722 0.3200237136334181 0.02669321373105049 0.05644535645842552
0 0.1613798774778843 0.33100716583430767 0.04853711277246475 0.05555387958884239
0 0.15024080500006676 0.30714465118944645 0.03668268769979477 0.041407544165849686
0 0.36174588184803724 0.297611721791327 0.011459087952971458 0.0241441298276186
