0 0.4375448226928711 0.7008426934480667 0.053424835205078125 0.2114727795124054
0 0.6981928832828999 0.7152095511555672 0.12002144008874893 0.24470724165439606
0 0.24924138188362122 0.42261478304862976 0.06006968021392822 0.11764657497406006
0 0.15757310390472412 0.3952370248734951 0.048753559589385986 0.06899058073759079
0 0.9614481925964355 0.8078662753105164 0.0771036148071289 0.18479537963867188
0 0.9525129795074463 0.8871780335903168 0.09497404098510742 0.22368520498275757
0 0.3714548107236624 0.4297979548573494 0.04321284219622612 0.07618798315525055
0 0.10199717804789543 0.40284813940525055 0.04151395708322525 0.08349338173866272
0 0.35009874030947685 0.5723540708422661 0.055867575109004974 0.156852588057518
0 0.5900541786104441 0.3943729102611542 0.030632782727479935 0.07747459411621094
0 0.554690420627594 0.42077894508838654 0.034613847732543945 0.07815983891487122
0 0.2975107915699482 0.40497853234410286 0.052826978266239166 0.103448785841465
0 0.5767318122088909 0.502137616276741 0.049843691289424896 0.12105157971382141
0 0.3292372040450573 0.471091166138649 0.04643275588750839 0.08525136113166809
0 0.6161959646269679 0.36823759973049164 0.03049287758767605 0.06424567103385925
0 0.6354863289743662 0.40257468447089195 0.026693392544984818 0.05290370434522629
0 0.3339340277016163 0.49696020409464836 0.03869292885065079 0.08907224982976913
