0 0.601572323590517 0.6869829148054123 0.10897240787744522 0.21418067812919617
0 0.3691693190485239 0.6801784113049507 0.04425542429089546 0.21035601198673248
0 0.8821939677000046 0.8695420026779175 0.12559470534324646 0.25679314136505127
0 0.5536113865673542 0.40735163539648056 0.03878817707300186 0.07036183774471283
0 0.20263935066759586 0.43226346746087074 0.05646174028515816 0.0877680853009224
0 0.5766384359449148 0.49620043486356735 0.037497710436582565 0.12429843842983246
0 0.9210041277110577 0.8575403541326523 0.12108936160802841 0.2794017493724823
0 0.3292609043419361 0.423881608992815 0.04488418251276016 0.08243904262781143
0 0.22526737488806248 0.38553790748119354 0.037551093846559525 0.06281200051307678
0 0.6021265741437674 0.38950879871845245 0.03299899026751518 0.08229401707649231
0 0.8209023699164391 0.9437314122915268 0.06272201240062714 0.11073634028434753
0 0.2990381233394146 0.5522545203566551 0.04472389072179794 0.14962832629680634
0 0.271522993221879 0.39013443142175674 0.04112200811505318 0.09035743772983551
0 0.6431548353284597 0.36787281930446625 0.03587384149432182 0.07561060786247253
0 0.07849645428359509 0.3881060667335987 0.04064522311091423 0.06272599846124649
0 0.2920528408139944 0.46387986838817596 0.048706959933042526 0.11230900883674622
0 0.12904228642582893 0.38334815949201584 0.041137732565402985 0.05588315427303314
0 0.23247566260397434 0.4102576691657305 0.024903345853090286 0.05932498350739479
