0 0.8001816160976887 0.7635072022676468 0.06888208538293839 0.36618390679359436
0 0.4290493130683899 0.7428298443555832 0.08484482765197754 0.35639092326164246
0 0.8629716150462627 0.5586322098970413 0.04756917804479599 0.24615338444709778
0 0.609255313873291 0.64947509765625 0.048055171966552734 0.2904547452926636
0 0.9115952141582966 0.5747997760772705 0.05213365703821182 0.25271326303482056
0 0.5574053302407265 0.7413855493068695 0.06997223198413849 0.3618575930595398
0 0.3197106532752514 0.3605220951139927 0.0408950075507164 0.096187062561512
0 0.654891561716795 0.38828248530626297 0.035567425191402435 0.13223089277744293
0 0.537965465337038 0.3933470919728279 0.03411469608545303 0.12747664749622345
0 0.43615896068513393 0.325362678617239 0.017901849001646042 0.07914941757917404
0 0.5172667689621449 0.6973623633384705 0.04629645496606827 0.2744021415710449
0 0.48545626923441887 0.4049861207604408 0.040739916265010834 0.15432722866535187
0 0.6304788710549474 0.3903076723217964 0.027920866385102272 0.12305988371372223
0 0.37284991703927517 0.34311993047595024 0.04182727262377739 0.10206510871648788
0 0.4618946425616741 0.38776570558547974 0.034890316426754 0.09633797407150269
0 0.4755254862830043 0.30907000601291656 0.026726340875029564 0.056102901697158813
0 0.3995530130341649 0.3320896066725254 0.02519061602652073 0.07295519858598709
0 0.4734960738569498 0.3290302846580744 0.023691702634096146 0.0529419369995594
