0 0.9665303602814674 0.6999006271362305 0.06666727364063263 0.2993652820587158
0 0.7186014764010906 0.9230489879846573 0.06012143939733505 0.1539018452167511
0 0.20690405927598476 0.4315464645624161 0.05381638929247856 0.12229076027870178
0 0.4713031891733408 0.4771251156926155 0.03819446638226509 0.16448046267032623
0 0.49837955832481384 0.8444776386022568 0.06358194351196289 0.3110447824001312
0 0.563132107257843 0.4813591241836548 0.06343626976013184 0.1737041473388672
0 0.2751256860792637 0.9029463902115822 0.06964633613824844 0.19364793598651886
0 0.413727093487978 0.8768904358148575 0.07808873802423477 0.24567964673042297
0 0.37839384004473686 0.5008500069379807 0.040604375302791595 0.17752304673194885
0 0.35294504184275866 0.3823498450219631 0.01891508139669895 0.09843873232603073
0 0.2660139389336109 0.41060417145490646 0.03634808212518692 0.08421330153942108
0 0.3685771469026804 0.8688626885414124 0.06051962450146675 0.25993812084198
0 0.9845035318285227 0.42011554539203644 0.030989933758974075 0.09806713461875916
0 0.41823083721101284 0.4446108415722847 0.03172774240374565 0.11202515661716461
0 0.3953578360378742 0.37350109964609146 0.03242073208093643 0.07376255095005035
0 0.3094339370727539 0.3932826705276966 0.047226786613464355 0.12142715603113174
0 0.2930342797189951 0.3982413001358509 0.02892284467816353 0.07917497307062149
0 0.38184651732444763 0.4424883648753166 0.04343557357788086 0.09065060317516327
0 0.3966381251811981 0.44392215833067894 0.03502202033996582 0.09797876328229904
0 0.2839190773665905 0.38534756004810333 0.0318618044257164 0.08956006169319153
