0 0.020903442054986954 0.6707898676395416 0.04180688410997391 0.16929787397384644
0 0.12410370074212551 0.8496159315109253 0.06152911111712456 0.2939448356628418
0 0.2140735499560833 0.5606278106570244 0.05987723916769028 0.16796539723873138
0 0.35500431060791016 0.7505691945552826 0.04061996936798096 0.25534409284591675
0 0.3920169956982136 0.7190793454647064 0.047707535326480865 0.2844521403312683
0 0.29141729325056076 0.7534380406141281 0.07012312114238739 0.32275649905204773
0 0.15125587582588196 0.6084577739238739 0.04343372583389282 0.16386502981185913
0 0.25367532297968864 0.6938835009932518 0.056177280843257904 0.20222167670726776
0 0.08132784813642502 0.5911036431789398 0.05050751566886902 0.16072505712509155
0 0.11183704808354378 0.587139829993248 0.04083723574876785 0.15136286616325378
0 0.1383381662890315 0.5764193497598171 0.030171310529112816 0.06446384638547897
0 0.13910138048231602 0.5479273162782192 0.03037213161587715 0.09874903410673141
