0 0.3792387545108795 0.6187910884618759 0.04055464267730713 0.19179043173789978
0 0.6384735107421875 0.7573726922273636 0.0653083324432373 0.2543175518512726
0 0.27605423890054226 0.5835935771465302 0.04183823987841606 0.1931949257850647
0 0.710020650178194 0.7942983955144882 0.06982193142175674 0.284652441740036
0 0.4651206322014332 0.8701228052377701 0.06347689777612686 0.2589280903339386
0 0.6864565135911107 0.3810776062309742 0.031077289953827858 0.09359512478113174
0 0.23311411403119564 0.46642957627773285 0.041184257715940475 0.17188182473182678
0 0.14083231799304485 0.39314543828368187 0.03493685647845268 0.09552084654569626
0 0.6201907638460398 0.3879527896642685 0.02518944814801216 0.09249421954154968
0 0.2700333893299103 0.3583416976034641 0.031432390213012695 0.08350039273500443
0 0.7474894765764475 0.35720716416835785 0.03900270536541939 0.07878288626670837
0 0.10452762059867382 0.35853393375873566 0.029260318726301193 0.06817010045051575
0 0.6256702542304993 0.4541075937449932 0.027495861053466797 0.1038939580321312
0 0.06893663853406906 0.3547443076968193 0.03791343420743942 0.06397925317287445
0 0.22881732881069183 0.35143268294632435 0.02160465717315674 0.059125665575265884
0 0.2254277290776372 0.37211985141038895 0.028920555487275124 0.054425135254859924
0 0.2339089959859848 0.3901333212852478 0.046822190284729004 0.06723624467849731
0 0.24641242902725935 0.40500422939658165 0.025497889146208763 0.04710917919874191
