0 0.7580632567405701 0.7709180265665054 0.11176371574401855 0.23868730664253235
0 0.9185339696705341 0.7623388394713402 0.10428009182214737 0.2278074473142624
0 0.5773769393563271 0.6429788172245026 0.064236119389534 0.17345088720321655
0 0.6481426004320383 0.5648564547300339 0.05118732526898384 0.12866732478141785
0 0.2305956594645977 0.44066086411476135 0.03516664355993271 0.08454102277755737
0 0.4152402691543102 0.4530944675207138 0.0476318821310997 0.10436871647834778
0 0.9776050206273794 0.7137567847967148 0.044789981096982956 0.13775083422660828
0 0.4858423229306936 0.4896995350718498 0.05989570543169975 0.13709686696529388
0 0.3465495593845844 0.4489384554326534 0.03360257297754288 0.09148966521024704
0 0.3793962486088276 0.45017029345035553 0.03604743629693985 0.10578367114067078
0 0.28303864039480686 0.4322819672524929 0.031188655644655228 0.06725489348173141
0 0.04530574753880501 0.5053559429943562 0.036612678319215775 0.07477471977472305
0 0.5728598944842815 0.46240587159991264 0.0561765655875206 0.1069546565413475
0 0.579577874392271 0.43617647513747215 0.03847756236791611 0.07923846691846848
0 0.01807020790874958 0.4558448828756809 0.023198379203677177 0.05024922639131546
0 0.3654282451607287 0.415058009326458 0.015612435527145863 0.037070974707603455
0 0.010459667661379513 0.5009521283209324 0.02091914787888527 0.0697028711438179
0 0.5641933791339397 0.42137061804533005 0.040892742574214935 0.0626705139875412
