0 0.41610921546816826 0.6503985524177551 0.05322697013616562 0.2123323678970337
0 0.6821544170379639 0.8129885494709015 0.08565187454223633 0.3114507794380188
0 0.7626527659595013 0.8441245853900909 0.10626735538244247 0.302115261554718
0 0.2797965295612812 0.6105643957853317 0.04202697426080704 0.20962104201316833
0 0.5408294200897217 0.8985923081636429 0.07113862037658691 0.20154359936714172
0 0.6576525447890162 0.3747455067932606 0.030292129144072533 0.08733836561441422
0 0.14015644416213036 0.4177634082734585 0.04271575063467026 0.1085432693362236
0 0.2312870230525732 0.47638996690511703 0.04285259172320366 0.19662098586559296
0 0.2588378582149744 0.3592682331800461 0.03736226633191109 0.0775516927242279
0 0.5986982826143503 0.4632579982280731 0.028487253934144974 0.1251075267791748
0 0.5926669957116246 0.38537948206067085 0.027162695303559303 0.07723680883646011
0 0.10230905935168266 0.36708930507302284 0.03333485871553421 0.07071030884981155
0 0.7147892229259014 0.3603486455976963 0.03637256473302841 0.09079409390687943
0 0.06183268874883652 0.36578505858778954 0.03861692547798157 0.06485354155302048
0 0.2144083734601736 0.3646209388971329 0.021144341677427292 0.06333872675895691
0 0.2534465454518795 0.40545270778238773 0.03283049911260605 0.05747218802571297
0 0.12356268428266048 0.3820372596383095 0.020950566977262497 0.0393456369638443
0 0.21487917006015778 0.385498458519578 0.02082836627960205 0.05988549068570137
0 0.23264234326779842 0.39194609969854355 0.028980206698179245 0.041064366698265076
