0 0.13292333111166954 0.5031830444931984 0.06261537224054337 0.14327837526798248
0 0.30088865756988525 0.6285731047391891 0.05143535137176514 0.25151440501213074
0 0.41799531504511833 0.9309815987944603 0.04051151126623154 0.13803677260875702
0 0.52350939437747 0.545769564807415 0.04097285121679306 0.19853578507900238
0 0.43034415878355503 0.5864659249782562 0.04454832151532173 0.20407384634017944
0 0.4884550627321005 0.5664440244436264 0.03643674775958061 0.19071879982948303
0 0.20362293161451817 0.48028799891471863 0.037248242646455765 0.09953498840332031
0 0.3719054339453578 0.5404468700289726 0.029157256707549095 0.1537860482931137
0 0.2664993107318878 0.45854342728853226 0.04015541076660156 0.12762166559696198
0 0.30089874286204576 0.4551531672477722 0.024083519354462624 0.08632910251617432
0 0.332104604691267 0.5161576494574547 0.04434480518102646 0.2294885367155075
0 0.4067750992253423 0.5466305539011955 0.02876892127096653 0.14976756274700165
0 0.23951981402933598 0.4674088805913925 0.04452543333172798 0.09746983647346497
0 0.3182478789240122 0.42426612973213196 0.020018387585878372 0.042545318603515625
0 0.2515090797096491 0.44973135739564896 0.0333663709461689 0.08174820244312286
0 0.2294526882469654 0.4468446895480156 0.03761789947748184 0.1152251809835434
