0 0.36251847073435783 0.5900489985942841 0.039232634007930756 0.1723751425743103
0 0.6732266433537006 0.7153141796588898 0.05408153682947159 0.22600716352462769
0 0.6049843318760395 0.7412558048963547 0.06320319324731827 0.27534255385398865
0 0.27890309132635593 0.5255747139453888 0.04638032987713814 0.14254289865493774
0 0.787971556186676 0.35424893349409103 0.05017518997192383 0.0828549712896347
0 0.7259661667048931 0.37292803451418877 0.03143563121557236 0.08886083215475082
0 0.4003748819231987 0.8512651771306992 0.06477777659893036 0.29746243357658386
0 0.6570617677643895 0.3757883533835411 0.024969005957245827 0.09256212413311005
0 0.15485251508653164 0.39306434616446495 0.028004001826047897 0.08222030848264694
0 0.2901471499353647 0.34436070173978806 0.02704792097210884 0.0752752274274826
0 0.23830915987491608 0.39360467717051506 0.04190099239349365 0.08909805864095688
0 0.6588943842798471 0.46195776388049126 0.027231741696596146 0.08932342380285263
0 0.24855639971792698 0.46830931305885315 0.030294228345155716 0.08169174194335938
0 0.08352538384497166 0.3408637307584286 0.03533615544438362 0.05931239575147629
0 0.252685752697289 0.34215293265879154 0.021104121580719948 0.06056876853108406
0 0.789800476282835 0.9483273960649967 0.041464708745479584 0.10136837512254715
0 0.1193590210750699 0.34304932691156864 0.029666149988770485 0.0591939277946949
0 0.14623657427728176 0.3497721254825592 0.018367301672697067 0.034798622131347656
0 0.12588506657630205 0.3542259130626917 0.02939167059957981 0.04803021624684334
0 0.24607060477137566 0.3678571544587612 0.03319945186376572 0.06616615504026413
