0 0.866335891187191 0.7688157632946968 0.11860303580760956 0.2289520651102066
0 0.6781668290495872 0.6360142529010773 0.08050446212291718 0.2074480652809143
0 0.9420055039227009 0.774589017033577 0.11135778576135635 0.2195548117160797
0 0.28377173468470573 0.45551417768001556 0.04161717742681503 0.07309260964393616
0 0.49167369678616524 0.5148852877318859 0.04706154018640518 0.10184546560049057
0 0.05361325293779373 0.5952241346240044 0.06785129755735397 0.20049379765987396
0 0.18581617809832096 0.5299721732735634 0.05467008426785469 0.12766028940677643
0 0.1267543826252222 0.6411679685115814 0.053383875638246536 0.1604495644569397
0 0.14172797463834286 0.5105963461101055 0.04682273790240288 0.0933847650885582
0 0.9525896534323692 0.7065287828445435 0.08579854667186737 0.16074693202972412
0 0.43386579118669033 0.48509951680898666 0.0418054573237896 0.0905635803937912
0 0.344806307926774 0.4528926722705364 0.03441493585705757 0.07474526017904282
0 0.5204263441264629 0.47223151475191116 0.03354945033788681 0.07409341633319855
0 0.3699748395010829 0.46356232836842537 0.026694511994719505 0.06675521284341812
0 0.48443832993507385 0.45543893799185753 0.025645732879638672 0.0696667954325676
0 0.3980653826147318 0.48936866223812103 0.03582267835736275 0.10435536503791809
0 0.41012197732925415 0.44450150057673454 0.01810169219970703 0.047469161450862885
0 0.907659899443388 0.667803805321455 0.04340972751379013 0.08234413713216782
0 0.49432094022631645 0.4479962848126888 0.04131808131933212 0.06966166943311691
