0 0.1837793104350567 0.8687272667884827 0.060394905507564545 0.2580939531326294
0 0.16347895935177803 0.7522726878523827 0.06279460340738297 0.24067823588848114
0 0.1459883116185665 0.5891919434070587 0.04157378524541855 0.133006751537323
0 0.3297941330820322 0.6970201730728149 0.05421559885144234 0.21000289916992188
0 0.06346242502331734 0.7062743306159973 0.09526349604129791 0.27801191806793213
0 0.19643061980605125 0.5766823478043079 0.047553859651088715 0.12017754465341568
0 0.23902294598519802 0.67513158172369 0.04660196229815483 0.17166273295879364
0 0.030794214108027518 0.6295546144247055 0.060073744505643845 0.12976345419883728
0 0.26414407044649124 0.7290979847311974 0.07339330017566681 0.2407246083021164
0 0.28334460221230984 0.602449094876647 0.01821763440966606 0.050543975085020065
