0 0.4967089891433716 0.6304446384310722 0.06551814079284668 0.1832864135503769
0 0.8595719113945961 0.7066038548946381 0.09465380012989044 0.17678171396255493
0 0.6439450979232788 0.7644369080662727 0.09862232208251953 0.24952079355716705
0 0.4402132146060467 0.49892687425017357 0.05593671649694443 0.10409634560346603
0 0.6183922775089741 0.5393634475767612 0.046477653086185455 0.12470579892396927
0 0.4447636008262634 0.43762120977044106 0.032544851303100586 0.07309252768754959
0 0.3188289515674114 0.4393833242356777 0.04090156406164169 0.09715168923139572
0 0.24230033159255981 0.41709016636013985 0.03607475757598877 0.07645539194345474
0 0.18871162831783295 0.41468024998903275 0.04563373327255249 0.07988514006137848
0 0.9895832296460867 0.6945699006319046 0.020831774920225143 0.06703045964241028
0 0.368619441986084 0.43922293558716774 0.06857442855834961 0.11509687453508377
0 0.5627919789403677 0.44825733080506325 0.04376549646258354 0.09719068557024002
0 0.6090779304504395 0.42048488184809685 0.019289016723632812 0.04962988942861557
0 0.5710333343595266 0.4172414280474186 0.04120583459734917 0.07836002856492996
0 0.5787471178919077 0.43370096385478973 0.02784280851483345 0.06023326516151428
0 0.4739635409787297 0.5650319680571556 0.020705128088593483 0.05474798381328583
