0 0.3210262134671211 0.7107882797718048 0.07631583511829376 0.28118354082107544
0 0.5771262645721436 0.7627879828214645 0.10022950172424316 0.47293850779533386
0 0.4090684000402689 0.5252867788076401 0.049372006207704544 0.16107991337776184
0 0.27149744611233473 0.3705182150006294 0.0306608434766531 0.10036720335483551
0 0.7646823767572641 0.36115486919879913 0.0363801009953022 0.09260579943656921
0 0.8481414560228586 0.37236151471734047 0.03237562254071236 0.09481824189424515
0 0.770401120185852 0.4498594217002392 0.02858424186706543 0.0941518172621727
0 0.20169909298419952 0.35355283692479134 0.026397228240966797 0.09155044704675674
0 0.3624765872955322 0.33469207398593426 0.022687315940856934 0.053119149059057236
0 0.9255788922309875 0.36216989904642105 0.03489208221435547 0.050465479493141174
0 0.3376817163079977 0.4608854800462723 0.04587693139910698 0.12633666396141052
0 0.8941460009664297 0.3529249560087919 0.03043336793780327 0.0548916719853878
0 0.3336008433252573 0.3317101188004017 0.021371889859437943 0.07150427252054214
0 0.1665491284802556 0.32165255583822727 0.026881659403443336 0.057170379906892776
0 0.31235529761761427 0.40477078780531883 0.028989767655730247 0.0892062708735466
0 0.9220648054033518 0.34462397545576096 0.03790311887860298 0.07256446778774261
0 0.1412359420210123 0.3291673865169287 0.02442030981183052 0.04560856148600578
0 0.3518353346735239 0.2980868173763156 0.017136145383119583 0.025411775335669518
0 0.13850508350878954 0.31499001011252403 0.029523933306336403 0.05378299206495285
