0 0.42550491727888584 0.5369473323225975 0.05249195173382759 0.20943205058574677
0 0.4938803128898144 0.5344804376363754 0.050868891179561615 0.2503049075603485
0 0.4126479271799326 0.32448821142315865 0.031342197209596634 0.08240697532892227
0 0.35632571019232273 0.32343173772096634 0.02365713194012642 0.08888645470142365
0 0.5455180760473013 0.38441062718629837 0.03122730180621147 0.10258765518665314
0 0.3122101128101349 0.2960219718515873 0.027024388313293457 0.06506998091936111
0 0.530596780590713 0.3128473460674286 0.025124406442046165 0.05546349287033081
0 0.5716682560741901 0.4475846365094185 0.03824768215417862 0.2126997858285904
0 0.12478744424879551 0.305520985275507 0.018119681626558304 0.07047343999147415
0 0.5042153242975473 0.3051097635179758 0.021143246442079544 0.05730419233441353
0 0.15091997385025024 0.3016633689403534 0.02786034345626831 0.06420707702636719
0 0.2007220983505249 0.2842031270265579 0.01345604658126831 0.049162715673446655
0 0.17966500483453274 0.2803298570215702 0.024744760245084763 0.04751057177782059
0 0.1676618903875351 0.29239892959594727 0.027395129203796387 0.05043059587478638
0 0.5178119419142604 0.277230859734118 0.012580012902617455 0.029974641278386116
0 0.1446955082938075 0.282219422981143 0.014271652325987816 0.04568716511130333
