0 0.587787639349699 0.48588767275214195 0.03439822047948837 0.11258082836866379
0 0.44559940695762634 0.5274248346686363 0.05192899703979492 0.18431387841701508
0 0.3905905243009329 0.3283326104283333 0.0176362507045269 0.08359302580356598
0 0.3487353026866913 0.292087035253644 0.02515721321105957 0.05223742499947548
0 0.44768971763551235 0.32360971346497536 0.020293425768613815 0.07704681903123856
0 0.17554707545787096 0.3011770248413086 0.023076260462403297 0.07339131832122803
0 0.5615003826096654 0.30425286665558815 0.026300812140107155 0.06977123767137527
0 0.5365829346701503 0.30341157130897045 0.02077302895486355 0.05864107236266136
0 0.6189874289557338 0.3986181728541851 0.030011748895049095 0.10610678046941757
0 0.5948569532483816 0.3884197659790516 0.02969808503985405 0.10107574611902237
0 0.42537535447627306 0.30741459876298904 0.019710922613739967 0.06045748293399811
0 0.20191213488578796 0.30242624320089817 0.02184659242630005 0.05612992122769356
0 0.504897128790617 0.4838466979563236 0.035831354558467865 0.09326083213090897
0 0.2590056359767914 0.27163929119706154 0.024816036224365234 0.06410274654626846
0 0.22475846391171217 0.2805130034685135 0.02083740197122097 0.06485697627067566
0 0.5201699975878 0.42766809090971947 0.01590137556195259 0.053985171020030975
0 0.20426502265036106 0.31875857524573803 0.01755451038479805 0.05177968367934227
0 0.21482163667678833 0.2859141267836094 0.022977471351623535 0.050031132996082306
0 0.4776436034590006 0.46640461683273315 0.0242338664829731 0.06944024562835693
0 0.5519655109383166 0.28567433916032314 0.011660528369247913 0.037469398230314255
