0 0.7371325977146626 0.65997414290905 0.05869469791650772 0.1818741261959076
0 0.8848633542656898 0.7030340731143951 0.06780166923999786 0.19773584604263306
0 0.02738860435783863 0.5660352408885956 0.03264237195253372 0.13548046350479126
0 0.7563544884324074 0.6032757386565208 0.069837287068367 0.14024417102336884
0 0.2153901681303978 0.659089632332325 0.06447519361972809 0.17935265600681305
0 0.9561413526535034 0.7122520953416824 0.08720922470092773 0.2068740427494049
0 0.5397051218897104 0.5263271369040012 0.029720116406679153 0.11755413562059402
0 0.29514619149267673 0.6367255598306656 0.03784196451306343 0.10929349064826965
0 0.41022813878953457 0.43804188445210457 0.03604681417346001 0.05917833000421524
0 0.3240237534046173 0.5411474406719208 0.027296781539916992 0.13692957162857056
0 0.20077968016266823 0.5720322467386723 0.03356347233057022 0.10025889426469803
0 0.49797044321894646 0.4874674789607525 0.03488912433385849 0.11155226081609726
0 0.5768373124301434 0.4659600630402565 0.04005756229162216 0.08216942846775055
0 0.24341261945664883 0.5943824723362923 0.048914384096860886 0.14519406855106354
0 0.44876374676823616 0.48509562760591507 0.03278312832117081 0.13026763498783112
0 0.47430158220231533 0.4946800395846367 0.03658409044146538 0.09740231931209564
0 0.5383010618388653 0.4469315893948078 0.04743947833776474 0.10806206613779068
0 0.2981980023905635 0.5122962240129709 0.025259708985686302 0.03859185054898262
0 0.2951283399015665 0.557600311934948 0.04003875330090523 0.06616054475307465
0 0.9429476018995047 0.6346110589802265 0.04230136796832085 0.0818401351571083
0 0.5493852254003286 0.46353355795145035 0.041913699358701706 0.07693316042423248
