0 0.5257873423397541 0.6260449588298798 0.07260928303003311 0.25660592317581177
0 0.8050363305956125 0.6251024007797241 0.0575743205845356 0.2733774781227112
0 0.8976853843778372 0.5104782208800316 0.038765620440244675 0.2042199820280075
0 0.8604561202228069 0.4992953762412071 0.03875245898962021 0.1921577900648117
0 0.6127709746360779 0.6307336091995239 0.08151769638061523 0.28625768423080444
0 0.6893188236281276 0.3549612686038017 0.027115439996123314 0.10552768409252167
0 0.540220070630312 0.37585313618183136 0.03296265751123428 0.10854610800743103
0 0.5945160388946533 0.36533353477716446 0.02402639389038086 0.0917176753282547
0 0.7170011047273874 0.3543821685016155 0.03328876569867134 0.1196492537856102
0 0.6707752589136362 0.5474441647529602 0.05166177824139595 0.17822909355163574
0 0.4911904754117131 0.30808348022401333 0.018038654699921608 0.04709197208285332
0 0.5212368723005056 0.3510742038488388 0.035562705248594284 0.07440933585166931
0 0.45694504398852587 0.3083410672843456 0.02193584479391575 0.05821170657873154
0 0.5257703782990575 0.29803887009620667 0.026654386892914772 0.047704994678497314
0 0.5810085656121373 0.3349849581718445 0.026290321722626686 0.08002150058746338
0 0.38842851482331753 0.3366813138127327 0.035590123385190964 0.06360901892185211
0 0.43714470230042934 0.31385041400790215 0.02773303911089897 0.06450941413640976
0 0.49863662756979465 0.2790236473083496 0.017903614789247513 0.028490066528320312
0 0.41555449925363064 0.32343650981783867 0.030777882784605026 0.07824524492025375
