0 0.7970325723290443 0.7972856163978577 0.07882185280323029 0.38734114170074463
0 0.4016757607460022 0.8002688586711884 0.09620189666748047 0.38919681310653687
0 0.8681748863309622 0.5771265923976898 0.04845304414629936 0.2569817304611206
0 0.925371814519167 0.5955812633037567 0.05504045635461807 0.2673303484916687
0 0.5259560719132423 0.7747246026992798 0.1043374091386795 0.40382635593414307
0 0.30368701182305813 0.3684804290533066 0.04273385927081108 0.10144439339637756
0 0.5959294438362122 0.6628558933734894 0.04810047149658203 0.2685398459434509
0 0.5291934721171856 0.40023428946733475 0.036731623113155365 0.13310016691684723
0 0.4698380585759878 0.4274432212114334 0.036136578768491745 0.1858983337879181
0 0.42420541029423475 0.33177315816283226 0.017742013558745384 0.0793919488787651
0 0.6184989688917994 0.39954236149787903 0.030871247872710228 0.13117355108261108
0 0.6418532375246286 0.3979085311293602 0.03765587881207466 0.13222573697566986
0 0.44750867411494255 0.3988783732056618 0.032128237187862396 0.08711393177509308
0 0.46356379985809326 0.3307473249733448 0.022156476974487305 0.05613229423761368
0 0.38738654833287 0.33834589645266533 0.026079749688506126 0.07004394382238388
0 0.3573518507182598 0.3573753461241722 0.03799011558294296 0.07040731608867645
0 0.6210733652114868 0.3569816928356886 0.03619670867919922 0.05344545468688011
