0 0.5745234489440918 0.6912089139223099 0.05216550827026367 0.25622931122779846
0 0.63540143892169 0.6639978066086769 0.04262246936559677 0.21364004909992218
0 0.34551166370511055 0.7827535718679428 0.07316706329584122 0.2827335298061371
0 0.373183686286211 0.5528359711170197 0.04730663448572159 0.15429407358169556
0 0.30112552642822266 0.4974483847618103 0.04504096508026123 0.14060109853744507
0 0.17643234692513943 0.37496256455779076 0.03288121148943901 0.09493564814329147
0 0.2731620669364929 0.4327204078435898 0.029266715049743652 0.12682422995567322
0 0.10654337890446186 0.33764442801475525 0.0383843369781971 0.0809711217880249
0 0.781265377998352 0.37244126945734024 0.031690120697021484 0.0994081050157547
0 0.7062575817108154 0.4452294707298279 0.026342391967773438 0.07695931196212769
0 0.7057053092867136 0.3794800266623497 0.02701859548687935 0.07186637818813324
0 0.24824510142207146 0.3843020871281624 0.0335782989859581 0.09555335342884064
0 0.13936271239072084 0.33403583243489265 0.02935894764959812 0.05874565988779068
0 0.8425108194351196 0.34759312495589256 0.05294370651245117 0.07670044153928757
0 0.3231069687753916 0.34309322014451027 0.02422337606549263 0.05334705859422684
0 0.28891187347471714 0.3418297413736582 0.01909499242901802 0.04695938900113106
0 0.32183255534619093 0.32180434465408325 0.022051548585295677 0.06007927656173706
0 0.3247259799391031 0.35765109583735466 0.029045630246400833 0.038564108312129974
