0 0.9630701914429665 0.7051302343606949 0.06840915977954865 0.3199041187763214
0 0.5015209503471851 0.8394913673400879 0.061673976480960846 0.319136381149292
0 0.7244032621383667 0.9174150303006172 0.064788818359375 0.1641789823770523
0 0.2771630957722664 0.8949752151966095 0.0714622288942337 0.20863062143325806
0 0.2094005700200796 0.4284587763249874 0.05397213622927666 0.12053125351667404
0 0.47302997671067715 0.4717295914888382 0.0385097973048687 0.15613356232643127
0 0.9844455718994141 0.4234062358736992 0.031108856201171875 0.1065395325422287
0 0.41557760909199715 0.8766040951013565 0.08231017738580704 0.2467917501926422
0 0.3827706463634968 0.5021058320999146 0.042083121836185455 0.22252625226974487
0 0.35564093571156263 0.37953585758805275 0.02049384079873562 0.09624243527650833
0 0.5658394582569599 0.47847215831279755 0.06346235424280167 0.17550238966941833
0 0.41856101155281067 0.45249753445386887 0.028731584548950195 0.12628822028636932
0 0.3975986950099468 0.3735378719866276 0.032071374356746674 0.07852370291948318
0 0.3748716004192829 0.8649768829345703 0.06019733101129532 0.2653694152832031
0 0.2681806683540344 0.4067697115242481 0.03485977649688721 0.08214632421731949
0 0.31511768139898777 0.39052801579236984 0.03745870664715767 0.11880908906459808
0 0.29200900811702013 0.3881204389035702 0.02758636511862278 0.09615438431501389
0 0.5626649856567383 0.40581024810671806 0.01734185218811035 0.05383910983800888
0 0.2998561020940542 0.40155381336808205 0.03649718686938286 0.0915646031498909
0 0.39588465727865696 0.43106111139059067 0.025431085377931595 0.07684491574764252
