0 0.5997453220188618 0.5043815448880196 0.03526578098535538 0.12896563112735748
0 0.4155264971777797 0.3300437740981579 0.018450116738677025 0.08819391578435898
0 0.37516550440341234 0.30060701072216034 0.02172532118856907 0.07028654217720032
0 0.47898754477500916 0.5261838734149933 0.08786582946777344 0.20584708452224731
0 0.6326706521213055 0.4022856205701828 0.033617399632930756 0.14346995949745178
0 0.21578561048954725 0.2999893017113209 0.02835557423532009 0.07413826137781143
0 0.654170704074204 0.41162385791540146 0.028255844488739967 0.13165096938610077
0 0.47049702424556017 0.328654695302248 0.0207993034273386 0.06510952860116959
0 0.5613718153908849 0.30514113418757915 0.019776487722992897 0.06128385290503502
0 0.4417117955163121 0.30323687568306923 0.01853003539144993 0.049037106335163116
0 0.5870711449533701 0.31569691374897957 0.023229647427797318 0.05037621408700943
0 0.5279004573822021 0.47561225295066833 0.03178048133850098 0.14433610439300537
0 0.24097262043505907 0.30728550627827644 0.024081135168671608 0.06616780906915665
0 0.3026224849745631 0.2760201282799244 0.02768418751657009 0.04212532192468643
0 0.26675711292773485 0.28196173161268234 0.023994112387299538 0.06481511890888214
0 0.5837031845003366 0.3003701828420162 0.028555680066347122 0.06654667109251022
0 0.25798035878688097 0.2816377952694893 0.02022078074514866 0.059447839856147766
