0 0.7019262425601482 0.6579756587743759 0.09935178607702255 0.26010069251060486
0 0.16209697350859642 0.644093319773674 0.05257298797369003 0.17664405703544617
0 0.21772277355194092 0.5240030139684677 0.0374874472618103 0.1054622232913971
0 0.06097995862364769 0.5845875814557076 0.036788664758205414 0.14893163740634918
0 0.17642707005143166 0.5090848840773106 0.04394993931055069 0.09477276355028152
0 0.09881040267646313 0.5751480683684349 0.045930903404951096 0.1622743457555771
0 0.5006059352308512 0.5267343372106552 0.04855065420269966 0.1051771342754364
0 0.8726727962493896 0.7294541746377945 0.09134244918823242 0.1823766529560089
0 0.3096576686948538 0.45301517099142075 0.04084272310137749 0.08151279389858246
0 0.954101849347353 0.6748687885701656 0.087255097925663 0.10891681164503098
0 0.5241605993360281 0.4558675177395344 0.03699798509478569 0.0697837844491005
0 0.4356245640665293 0.4956396631896496 0.03921370580792427 0.09462996572256088
0 0.9456346407532692 0.7469112202525139 0.09388847649097443 0.18539665639400482
0 0.3585232738405466 0.44921231269836426 0.02934258058667183 0.054559409618377686
0 0.4099528081715107 0.4907263033092022 0.03991065174341202 0.11878051608800888
0 0.49008892849087715 0.4549853019416332 0.036722756922245026 0.10348578542470932
0 0.38637595158070326 0.4836681541055441 0.02486560307443142 0.05282927677035332
0 0.38218590058386326 0.4713365435600281 0.020605850964784622 0.07258546352386475
