0 0.08176861703395844 0.5718976408243179 0.07049601525068283 0.17795303463935852
0 0.24010822921991348 0.7166095077991486 0.07088641822338104 0.28027504682540894
0 0.29629034362733364 0.5998593792319298 0.04530758783221245 0.1911972016096115
0 0.4759041965007782 0.6114238649606705 0.0466158390045166 0.23198166489601135
0 0.3912064675241709 0.6584023386240005 0.04659466817975044 0.21758762001991272
0 0.3433967474848032 0.6328988000750542 0.04437582567334175 0.23754023015499115
0 0.4436666425317526 0.6312268301844597 0.03833026811480522 0.2178271859884262
0 0.1557623390108347 0.5233238041400909 0.04082535579800606 0.16994285583496094
0 0.22727316245436668 0.5386660806834698 0.038269780576229095 0.09851463884115219
0 0.18527330085635185 0.5237805917859077 0.03567381948232651 0.10119403898715973
0 0.2642080523073673 0.49830804765224457 0.03199634701013565 0.0897047221660614
0 0.2809462007135153 0.47586723789572716 0.028236698359251022 0.08858006447553635
0 0.2115839086472988 0.4818771928548813 0.03588702529668808 0.05120167136192322
0 0.23200411163270473 0.4698895290493965 0.01890690252184868 0.05716980993747711
0 0.187846508808434 0.45657392404973507 0.01785888709127903 0.03996501490473747
0 0.19889413192868233 0.5297398380935192 0.044926442205905914 0.08802100270986557
0 0.22136536240577698 0.4426868110895157 0.015796899795532227 0.05008015036582947
0 0.14238752145320177 0.5272054560482502 0.03005220927298069 0.08495233207941055
