0 0.24917472153902054 0.7636010125279427 0.0634194165468216 0.2086552530527115
0 0.4067347403615713 0.6165611669421196 0.03668041154742241 0.15738461911678314
0 0.22298740968108177 0.541149340569973 0.03796067088842392 0.10247616469860077
0 0.07676079124212265 0.6307306736707687 0.052646540105342865 0.15991923213005066
0 0.3422770258039236 0.6248580142855644 0.06045336648821831 0.15142224729061127
0 0.11106305569410324 0.6802229061722755 0.08333833515644073 0.17248471081256866
0 0.1473049893975258 0.5837358571588993 0.059180617332458496 0.09844691306352615
0 0.25419207476079464 0.6436988525092602 0.059631895273923874 0.12176259607076645
0 0.29649836383759975 0.5810250788927078 0.038323115557432175 0.10834994912147522
0 0.2712024748325348 0.5245540291070938 0.04158651828765869 0.09900423884391785
0 0.347550880163908 0.5672486275434494 0.05077352374792099 0.09969410300254822
0 0.13903004117310047 0.6045391410589218 0.04732947424054146 0.07400152087211609
0 0.27149208821356297 0.5549297146499157 0.039304304867982864 0.07955940812826157
