0 0.7871666662395 0.8215529471635818 0.10690297931432724 0.35603955388069153
0 0.8793066628277302 0.5958295911550522 0.05099496990442276 0.2572462856769562
0 0.381403136998415 0.8140737861394882 0.09734556823968887 0.37018975615501404
0 0.9531913883984089 0.6254851520061493 0.05769500881433487 0.28389400243759155
0 0.28310025855898857 0.3796612247824669 0.04546811431646347 0.10981439054012299
0 0.5780755635350943 0.7053139507770538 0.05352611467242241 0.3008882403373718
0 0.513701319694519 0.8015756160020828 0.07955670356750488 0.39290526509284973
0 0.5147885140031576 0.41221969574689865 0.035701703280210495 0.12776659429073334
0 0.4486338905990124 0.43521442264318466 0.05610527843236923 0.1833595484495163
0 0.626925528049469 0.40981749445199966 0.03737831115722656 0.14356257021427155
0 0.4059858024120331 0.34680123068392277 0.01680779457092285 0.05531914904713631
0 0.6030080914497375 0.41537974774837494 0.033239126205444336 0.13033118844032288
0 0.4743277784436941 0.7302272915840149 0.0512356273829937 0.2621415853500366
0 0.44851153530180454 0.3455049470067024 0.023006010800600052 0.0680328756570816
0 0.3289583921432495 0.37099539488554 0.023314595222473145 0.08211080729961395
0 0.3524693250656128 0.3680311590433121 0.035077452659606934 0.09198835492134094
0 0.3748336909338832 0.35013389587402344 0.015975570306181908 0.06677407026290894
0 0.43056128546595573 0.40742359310388565 0.034673355519771576 0.0791717916727066
0 0.3544721491634846 0.335615660995245 0.03203568607568741 0.06830429285764694
