0 0.031210563640343025 0.6526511535048485 0.0620044581592083 0.19411925971508026
0 0.3299758080393076 0.770904153585434 0.05422930791974068 0.26088088750839233
0 0.1553049497306347 0.7761348187923431 0.06418748944997787 0.3212968707084656
0 0.2387663908302784 0.5392848961055279 0.06859634071588516 0.11426832526922226
0 0.4008643701672554 0.7136510834097862 0.07558412849903107 0.2300829142332077
0 0.26072074845433235 0.6684211492538452 0.04956243187189102 0.19466662406921387
0 0.29875966347754 0.6911978870630264 0.04516582563519478 0.250861793756485
0 0.1715806070715189 0.5757797583937645 0.04844735935330391 0.15278039872646332
0 0.1287129484117031 0.5663000643253326 0.03363987058401108 0.1618548035621643
0 0.10105196386575699 0.5976122356951237 0.042001575231552124 0.11569506675004959
0 0.15924425050616264 0.5534586943686008 0.03532209247350693 0.06921721249818802
0 0.17023280262947083 0.5052299238741398 0.023760855197906494 0.0679011419415474
0 0.1730637140572071 0.6263491213321686 0.04502914100885391 0.13924938440322876
0 0.31181093491613865 0.7264036387205124 0.06175987794995308 0.18352147936820984
