0 0.6685470454394817 0.7795059233903885 0.10676851123571396 0.2657596170902252
0 0.8777204751968384 0.7378455176949501 0.09909248352050781 0.22890086472034454
0 0.5135388001799583 0.6142299473285675 0.06307272613048553 0.15309947729110718
0 0.2531662080436945 0.4229317083954811 0.03619663789868355 0.07212795317173004
0 0.6227627880871296 0.543892003595829 0.04586062580347061 0.12643678486347198
0 0.19571286998689175 0.42506998032331467 0.03928638622164726 0.09602652490139008
0 0.3250083215534687 0.44784002751111984 0.03943965584039688 0.1034238189458847
0 0.5645142793655396 0.46113772317767143 0.05172300338745117 0.10607054084539413
0 0.4535315092653036 0.5057829096913338 0.05726499482989311 0.10813607275485992
0 0.9891680954024196 0.7104866988956928 0.021663760766386986 0.09384308010339737
0 0.6059451699256897 0.42949103936553 0.021082639694213867 0.057115428149700165
0 0.38915427401661873 0.4689575657248497 0.04707369953393936 0.0805051177740097
0 0.35477512516081333 0.42509134486317635 0.031026292592287064 0.08705393224954605
0 0.5758684165775776 0.40982070565223694 0.039205171167850494 0.06104469299316406
0 0.4510949067771435 0.44694695621728897 0.037827394902706146 0.07451654970645905
0 0.3826075308024883 0.44307151436805725 0.046877048909664154 0.09639167785644531
0 0.3648341055959463 0.4183258041739464 0.021744441241025925 0.05318044126033783
0 0.3582121077924967 0.45208028331398964 0.023518968373537064 0.06408072263002396
0 0.5744867324829102 0.39091955684125423 0.041109323501586914 0.0587371401488781
0 0.5657650716602802 0.4220687113702297 0.040529824793338776 0.04353480786085129
