0 0.6663868669420481 0.5134602785110474 0.05647687986493111 0.17538964748382568
0 0.5345190521329641 0.3341951221227646 0.019642066210508347 0.08385196328163147
0 0.7536121252924204 0.4278898164629936 0.02538590505719185 0.15588955581188202
0 0.4453025637194514 0.30766746774315834 0.021034574136137962 0.07744360715150833
0 0.7288512587547302 0.4193771183490753 0.034233808517456055 0.14269602298736572
0 0.4780346751213074 0.35344358161091805 0.0196225643157959 0.07772884517908096
0 0.5125764422118664 0.531333290040493 0.07095231860876083 0.204762265086174
0 0.5537437573075294 0.5455992072820663 0.07047362625598907 0.1983853280544281
0 0.6396166794002056 0.3231942132115364 0.04769005626440048 0.0960327535867691
0 0.4930663164705038 0.322036299854517 0.025460433214902878 0.06578201800584793
0 0.418731433339417 0.28183357790112495 0.022215986624360085 0.04313305765390396
0 0.3157512731850147 0.3149026893079281 0.042200542986392975 0.05820005387067795
0 0.5812964681535959 0.45916253700852394 0.046419430524110794 0.09256155043840408
0 0.4261722923256457 0.2566534848883748 0.011250448413193226 0.02715706266462803
0 0.3470255434513092 0.29349096678197384 0.023705363273620605 0.03999362513422966
0 0.5378252025693655 0.46663953363895416 0.0379147045314312 0.07640054821968079
