0 0.7838427312672138 0.5884092375636101 0.06308946758508682 0.24221406877040863
0 0.5397157445549965 0.5816242694854736 0.0705840140581131 0.22375810146331787
0 0.5939371343702078 0.35739580914378166 0.022542428225278854 0.07702001184225082
0 0.7162594441324472 0.3560827821493149 0.032472897320985794 0.07745912671089172
0 0.8394839055836201 0.49660245329141617 0.036670781672000885 0.12957437336444855
0 0.6894582752138376 0.3456658385694027 0.029167938977479935 0.09933137148618698
0 0.8725860472768545 0.4912980794906616 0.036788176745176315 0.20372390747070312
0 0.5398654816672206 0.3674418777227402 0.029470300301909447 0.102373868227005
0 0.6259981151670218 0.606799989938736 0.05640215799212456 0.2592066526412964
0 0.6688587069511414 0.514846496284008 0.048181772232055664 0.1550208181142807
0 0.38778121396899223 0.3217630162835121 0.031811974942684174 0.07024253904819489
0 0.48371350206434727 0.30265190452337265 0.018039274960756302 0.04754076898097992
0 0.5720519544556737 0.33489562943577766 0.018861198797822 0.06926528364419937
0 0.516730117611587 0.3378683254122734 0.029639100655913353 0.06679897010326385
0 0.40748374443501234 0.31968601047992706 0.027823781594634056 0.07511851191520691
0 0.5952161550521851 0.5897245183587074 0.05081892013549805 0.2075328379869461
0 0.45197652000933886 0.301324924454093 0.018353605642914772 0.05878071114420891
0 0.43535405956208706 0.300005778670311 0.020487260073423386 0.06723102927207947
0 0.7077172873541713 0.30627525597810745 0.01617131195962429 0.038235560059547424
0 0.5165909174829721 0.2919415384531021 0.018686819821596146 0.043503910303115845
0 0.49016912560909986 0.2743259109556675 0.011150693520903587 0.02681935578584671
0 0.8495818851515651 0.4116699080914259 0.017490005120635033 0.049660321325063705
0 0.4280712427571416 0.31089993193745613 0.023968840017914772 0.04782292991876602
