0 0.7927290424704552 0.5882696360349655 0.06367139518260956 0.23981162905693054
0 0.5383925326168537 0.5862317085266113 0.07228861004114151 0.24105334281921387
0 0.8475517630577087 0.48549631983041763 0.038172245025634766 0.18288417160511017
0 0.8828032128512859 0.49139367789030075 0.03752603381872177 0.19482074677944183
0 0.5407890919595957 0.37311629951000214 0.028074074536561966 0.11092010140419006
0 0.5961260199546814 0.35226912051439285 0.022858381271362305 0.09173454344272614
0 0.6716161724179983 0.5256748870015144 0.048423003405332565 0.1603366881608963
0 0.7212840793654323 0.35944581404328346 0.0284408088773489 0.0762953832745552
0 0.6162853017449379 0.6107949167490005 0.08033175766468048 0.26869168877601624
0 0.5772178173065186 0.32932260259985924 0.018319129943847656 0.07764451950788498
0 0.52039291895926 0.34213345870375633 0.02951507642865181 0.0706586167216301
0 0.693738054484129 0.34567174315452576 0.031255148351192474 0.09571713209152222
0 0.39053720235824585 0.3221973441541195 0.030551671981811523 0.074863962829113
0 0.4887169599533081 0.3029456865042448 0.019949674606323242 0.051190461963415146
0 0.5212994338944554 0.29165682569146156 0.020035648718476295 0.04598087817430496
0 0.41189395170658827 0.321793295443058 0.029454683884978294 0.0781058818101883
0 0.43613346852362156 0.30586791783571243 0.02876262739300728 0.06526650488376617
0 0.4563358183950186 0.3037349320948124 0.019647788256406784 0.056737370789051056
0 0.012151387520134449 0.33310144394636154 0.024302775040268898 0.07148115336894989
0 0.4945283532142639 0.2744640139862895 0.012027263641357422 0.026328807696700096
0 0.7101009367033839 0.30990354157984257 0.017844533547759056 0.036732036620378494
0 0.5235424283891916 0.31921992637217045 0.03164177015423775 0.06083007529377937
