0 0.11154744774103165 0.819126807153225 0.09281747043132782 0.24560432136058807
0 0.2203751690685749 0.8053084760904312 0.08004043251276016 0.38828590512275696
0 0.3401085436344147 0.7392373085021973 0.04805147647857666 0.25609588623046875
0 0.14900660142302513 0.5993002206087112 0.03148218244314194 0.14370587468147278
0 0.18967902101576328 0.5969430804252625 0.04552065208554268 0.16070175170898438
0 0.07503640651702881 0.6883540973067284 0.06531797349452972 0.24456410109996796
0 0.28327617421746254 0.7837313711643219 0.06954560428857803 0.26150864362716675
0 0.03298076125793159 0.6427049040794373 0.05964984372258186 0.17554986476898193
0 0.09086847491562366 0.5850564539432526 0.04063241556286812 0.05636817216873169
0 0.25449302047491074 0.7564179748296738 0.07854123413562775 0.2960631549358368
