0 0.3321012072265148 0.6716989502310753 0.043535374104976654 0.22403018176555634
0 0.5259676799178123 0.6495857238769531 0.07443027198314667 0.1800086498260498
0 0.7237939722836018 0.9276812821626663 0.06437812000513077 0.1429448425769806
0 0.2741128019988537 0.5384868457913399 0.047319911420345306 0.15858252346515656
0 0.8158910274505615 0.8598223179578781 0.12037897109985352 0.28033480048179626
0 0.5762237906455994 0.4838290959596634 0.04069209098815918 0.11755231022834778
0 0.17499778792262077 0.43134550377726555 0.05516155809164047 0.11581137031316757
0 0.8801024705171585 0.846478596329689 0.12556591629981995 0.2607133686542511
0 0.6202979329973459 0.382170882076025 0.030302811414003372 0.06701081246137619
0 0.5628710631281137 0.3983805254101753 0.03431062772870064 0.07993091642856598
0 0.0709354318678379 0.377194058150053 0.039951033890247345 0.06451263278722763
0 0.21695827320218086 0.3948488309979439 0.03833691030740738 0.08372940123081207
0 0.1174715906381607 0.375259630382061 0.03769868612289429 0.06459496915340424
0 0.26775611005723476 0.43390652537345886 0.03990120813250542 0.07045614719390869
0 0.665879737585783 0.36805442720651627 0.03241720050573349 0.07622136175632477
0 0.2725549042224884 0.38835692778229713 0.03744518756866455 0.04733509570360184
0 0.3006190303713083 0.4144703485071659 0.03283970430493355 0.04831356555223465
0 0.26905579306185246 0.4603906162083149 0.03877835348248482 0.09149674326181412
