0 0.02043485502031217 0.6786066107451916 0.04086679965257645 0.1188863143324852
0 0.5743832113221288 0.5211961530148983 0.02749171294271946 0.1207074448466301
0 0.42845506593585014 0.6062499061226845 0.043369196355342865 0.1469152718782425
0 0.2551423665136099 0.5198858752846718 0.03609425947070122 0.10803849995136261
0 0.5029404759407043 0.5421609356999397 0.027747392654418945 0.14670206606388092
0 0.15238456800580025 0.6635072454810143 0.060013748705387115 0.16448800265789032
0 0.3252134080976248 0.4512101151049137 0.019991707056760788 0.08491087704896927
0 0.2890872061252594 0.49037886410951614 0.022632360458374023 0.06549699604511261
0 0.12964724749326706 0.6133867725729942 0.05916649103164673 0.15944688022136688
0 0.47704694885760546 0.4734532982110977 0.02359595336019993 0.05997958779335022
0 0.18243323639035225 0.5358764082193375 0.05067584663629532 0.09942486882209778
0 0.44265882298350334 0.4889008514583111 0.035161636769771576 0.09337272495031357
0 0.42660652473568916 0.5549854636192322 0.042458392679691315 0.07529962062835693
0 0.2997574210166931 0.4447295181453228 0.01336216926574707 0.041434310376644135
0 0.14976789336651564 0.55895303376019 0.030417179688811302 0.05429479852318764
0 0.45550588984042406 0.4578932709991932 0.014089012518525124 0.03497657924890518
