0 0.808416211977601 0.6343711763620377 0.055384207516908646 0.2802182137966156
0 0.5216790549457073 0.644636869430542 0.07648982852697372 0.23311936855316162
0 0.9007136579602957 0.5184326097369194 0.039537619799375534 0.21085594594478607
0 0.8638959638774395 0.507948026061058 0.04006948322057724 0.20773276686668396
0 0.6873195767402649 0.3561144880950451 0.02682662010192871 0.10055478662252426
0 0.715335238724947 0.3539310544729233 0.033419229090213776 0.10845419764518738
0 0.6119462475180626 0.6412770003080368 0.08716587722301483 0.29834845662117004
0 0.6704114563763142 0.5564403235912323 0.05262813717126846 0.20145124197006226
0 0.5365779753774405 0.38182223588228226 0.03098292276263237 0.11482484638690948
0 0.38558799028396606 0.33202584087848663 0.035384178161621094 0.07821735739707947
0 0.5928120613098145 0.371719378978014 0.024852514266967773 0.08539388328790665
0 0.45642497576773167 0.311786025762558 0.021400023251771927 0.06244152784347534
0 0.4885237757116556 0.3074601460248232 0.018467236310243607 0.04444685950875282
0 0.5163949253037572 0.35194507986307144 0.028840208426117897 0.07103784382343292
0 0.5243967054411769 0.2936762385070324 0.028438186272978783 0.0625506266951561
0 0.5804720874875784 0.3378753401339054 0.024332713335752487 0.06917906552553177
0 0.43429726362228394 0.3142841048538685 0.026586532592773438 0.07484207302331924
0 0.411012863740325 0.3313567787408829 0.03285081312060356 0.07441440224647522
0 0.4181668935343623 0.31014634668827057 0.03069148026406765 0.06744715571403503
0 0.492620050907135 0.29712101072072983 0.023155927658081055 0.0579942911863327
0 0.5364060997962952 0.31356467865407467 0.012693405151367188 0.031849902123212814
0 0.6086915731430054 0.5421521067619324 0.022589445114135742 0.07522833347320557
0 0.5231770519167185 0.3283790312707424 0.034694720059633255 0.05878656357526779
0 0.5265616178512573 0.34894996136426926 0.03712606430053711 0.060564443469047546
