0 0.2904381509870291 0.6372608914971352 0.0395931713283062 0.22162611782550812
0 0.43980046547949314 0.6403705701231956 0.050570059567689896 0.18781165778636932
0 0.5855420827865601 0.9018060714006424 0.07048273086547852 0.1951407492160797
0 0.7136095277965069 0.8086059540510178 0.09130468219518661 0.2774922549724579
0 0.6474732644855976 0.38107360154390335 0.03405771404504776 0.08514268696308136
0 0.7861606106162071 0.8178060501813889 0.09110860526561737 0.23979446291923523
0 0.14688554592430592 0.41139068081974983 0.044320929795503616 0.1015109196305275
0 0.5893795369192958 0.47699566930532455 0.027907228097319603 0.1208035796880722
0 0.22988386452198029 0.45756886899471283 0.0593714714050293 0.25169703364372253
0 0.7034112457185984 0.3637196272611618 0.03339057043194771 0.08240815997123718
0 0.5836274502798915 0.3937748074531555 0.026656722649931908 0.08510172367095947
0 0.06389131024479866 0.3699132055044174 0.03958284854888916 0.06955483555793762
0 0.10131482314318419 0.3633215203881264 0.02988043986260891 0.06587208807468414
0 0.2593706902116537 0.3659290075302124 0.038938235491514206 0.0730164647102356
0 0.26544639840722084 0.41882335022091866 0.03542599827051163 0.07039324194192886
0 0.0987776331603527 0.3770653735846281 0.0439731702208519 0.0572333000600338
