0 0.49912056885659695 0.5628854408860207 0.0452997200191021 0.23029442131519318
0 0.41436184011399746 0.5178646445274353 0.05269665643572807 0.17162424325942993
0 0.568056832998991 0.479360394179821 0.03436126559972763 0.16082940995693207
0 0.29661868792027235 0.2998392656445503 0.029270505532622337 0.06875158846378326
0 0.3415663782507181 0.3253832496702671 0.023924995213747025 0.08599860221147537
0 0.40122408885508776 0.3283897414803505 0.026200080290436745 0.0826876312494278
0 0.43530575558543205 0.5841410607099533 0.03632082790136337 0.1688220202922821
0 0.5143290515989065 0.3125150576233864 0.025461625307798386 0.05522371828556061
0 0.10116461478173733 0.3089369162917137 0.019498180598020554 0.07316724956035614
0 0.4892260432243347 0.30554373934865 0.019524574279785156 0.0637432113289833
0 0.17548386193811893 0.28243756480515003 0.017473984509706497 0.058281008154153824
0 0.5213037254288793 0.3939293846487999 0.030684376135468483 0.07400928437709808
0 0.5475308783352375 0.4026307873427868 0.035141803324222565 0.1099913939833641
0 0.13057935796678066 0.32994205690920353 0.024342548102140427 0.060303349047899246
0 0.12655322533100843 0.3059115298092365 0.028633570298552513 0.056111909449100494
0 0.14286309760063887 0.2881751302629709 0.02953646145761013 0.04058055952191353
0 0.5288294078782201 0.35023175925016403 0.014267349615693092 0.04200051724910736
0 0.1494183661416173 0.28258716128766537 0.01687701977789402 0.04572264477610588
