0 0.11135687679052353 0.8183748722076416 0.0732298344373703 0.24679625034332275
0 0.3822637852281332 0.7217997461557388 0.04389221593737602 0.25827279686927795
0 0.3393885977566242 0.761539414525032 0.04068741947412491 0.2447698414325714
0 0.27975818514823914 0.8006781935691833 0.055582523345947266 0.391560435295105
0 0.1339378822594881 0.6349900886416435 0.0461304672062397 0.19232653081417084
0 0.20560417510569096 0.5690984576940536 0.05355410650372505 0.15558746457099915
0 0.014182823710143566 0.6583180725574493 0.028365647420287132 0.11323577165603638
0 0.23858823999762535 0.6932702884078026 0.07543506473302841 0.20249180495738983
0 0.07113512419164181 0.6093477979302406 0.05690161511301994 0.1672700196504593
0 0.110007019713521 0.5959916785359383 0.057664234191179276 0.1665659099817276
0 0.26586145907640457 0.6968035772442818 0.08473066985607147 0.20416535437107086
0 0.18797213956713676 0.5753930956125259 0.03137078136205673 0.08482912182807922
0 0.008496366364852292 0.6781734749674797 0.016958603635430336 0.15364371240139008
0 0.2997637866064906 0.6299977134913206 0.0194989200681448 0.05637117847800255
