0 0.5914298053830862 0.49164315313100815 0.0340392105281353 0.13642518222332
0 0.45227886363863945 0.5236083641648293 0.055411241948604584 0.20367635786533356
0 0.3590088365599513 0.2993197925388813 0.025486087426543236 0.0689840093255043
0 0.18963105976581573 0.3012946806848049 0.022663354873657227 0.07385944575071335
0 0.4000889118760824 0.32744600996375084 0.01844770833849907 0.08721207827329636
0 0.6188940405845642 0.3959859870374203 0.05289626121520996 0.10944508761167526
0 0.4850558154284954 0.5303544327616692 0.04684438556432724 0.19752739369869232
0 0.45626852475106716 0.32260625809431076 0.018807362765073776 0.07308368384838104
0 0.2738431338220835 0.2785837631672621 0.02355806902050972 0.05619233474135399
0 0.4311094703152776 0.3143856283277273 0.021053696051239967 0.045664023607969284
0 0.21562120877206326 0.3000898566097021 0.022991608828306198 0.06000963971018791
0 0.571953559294343 0.30816908553242683 0.021261025220155716 0.03997669368982315
0 0.525525045581162 0.4316179882735014 0.017969274893403053 0.05470665916800499
0 0.2392482701689005 0.28125220723450184 0.0240127332508564 0.061548296362161636
0 0.5468956474214792 0.317523593083024 0.020494747906923294 0.06229763105511665
0 0.5148200271651149 0.4942552447319031 0.02686748467385769 0.08466118574142456
0 0.2405194342136383 0.2596695525571704 0.0213470458984375 0.028000852093100548
0 0.5497006652876735 0.2851868253201246 0.02889571152627468 0.036427732557058334
