0 0.3425383325666189 0.679551787674427 0.048096250742673874 0.19483841955661774
0 0.18228375352919102 0.8691346943378448 0.05958019569516182 0.2587234377861023
0 0.17824817076325417 0.6955940872430801 0.05214247852563858 0.19651642441749573
0 0.16294524632394314 0.5738402344286442 0.043647121638059616 0.11550433188676834
0 0.2109508402645588 0.573551420122385 0.05139247328042984 0.12152434140443802
0 0.28221032582223415 0.6739992499351501 0.05587024614214897 0.22473013401031494
0 0.24861712753772736 0.6432265937328339 0.04509711265563965 0.15261179208755493
0 0.06017112359404564 0.6984196603298187 0.07562193274497986 0.17374378442764282
0 0.036322441534139216 0.6511747986078262 0.06925227493047714 0.16305723786354065
0 0.10723122209310532 0.5794458240270615 0.023492097854614258 0.04446110129356384
0 0.2860243618488312 0.5834759548306465 0.018989920616149902 0.04711426794528961
0 0.0932813510298729 0.6187324151396751 0.029228806495666504 0.06979255378246307
