0 0.5683444514870644 0.6827691718935966 0.09798260033130646 0.21311281621456146
0 0.35397120751440525 0.6560720279812813 0.048273373395204544 0.18166126310825348
0 0.1899831648916006 0.4344191439449787 0.05472434684634209 0.11071459203958511
0 0.8585938662290573 0.8682846277952194 0.13230428099632263 0.2619095742702484
0 0.31827697716653347 0.418176993727684 0.03933150693774223 0.0634067952632904
0 0.9023258835077286 0.866138219833374 0.13084307312965393 0.26311230659484863
0 0.12242931127548218 0.3858002983033657 0.03884577751159668 0.058801524341106415
0 0.28539301082491875 0.5328279361128807 0.04117872565984726 0.13695310056209564
0 0.2216680943965912 0.3909616321325302 0.04206585884094238 0.06729397177696228
0 0.556015407666564 0.4052507244050503 0.0355650894343853 0.07917200773954391
0 0.7696747779846191 0.9439802207052708 0.05666041374206543 0.1115279272198677
0 0.650546956807375 0.366125900298357 0.03157792240381241 0.07995376735925674
0 0.5782550219446421 0.48430389910936356 0.04428534582257271 0.136199489235878
0 0.6085896845906973 0.3848979026079178 0.03215475007891655 0.08011075854301453
0 0.2679482139647007 0.37621934711933136 0.03869221359491348 0.0714351236820221
0 0.28488579392433167 0.46965086832642555 0.039556145668029785 0.07590306550264359
0 0.07439279183745384 0.38094543293118477 0.039470769464969635 0.06525031477212906
