0 0.7018880248069763 0.7022576332092285 0.10152506828308105 0.2254173755645752
0 0.45541848987340927 0.7186136320233345 0.06365852057933807 0.24641241133213043
0 0.35754730738699436 0.5741795301437378 0.05445902422070503 0.14015698432922363
0 0.5870101097971201 0.5168663784861565 0.050574351102113724 0.13167135417461395
0 0.9615034833550453 0.7924975231289864 0.076886847615242 0.174751415848732
0 0.10893934592604637 0.40381304919719696 0.04523686319589615 0.08091846108436584
0 0.37669434025883675 0.42789945751428604 0.04355309158563614 0.07516063749790192
0 0.554060434922576 0.41652650758624077 0.0344974510371685 0.07352926582098007
0 0.957172192633152 0.8893986344337463 0.08563347160816193 0.22094345092773438
0 0.29839262925088406 0.40396053344011307 0.0456286184489727 0.09354044497013092
0 0.590130627155304 0.38967370241880417 0.034894704818725586 0.06405995786190033
0 0.2593701370060444 0.43996356055140495 0.06484494358301163 0.08846130222082138
0 0.16183609887957573 0.3913497645407915 0.048098884522914886 0.06228548660874367
0 0.33559467270970345 0.4867975749075413 0.044528938829898834 0.12316805869340897
0 0.24952998757362366 0.3969978205859661 0.04200541973114014 0.0668344721198082
0 0.616441547870636 0.3811306767165661 0.028048992156982422 0.048048995435237885
0 0.6336735729128122 0.4053385481238365 0.02432398870587349 0.043151602149009705
0 0.6114655015990138 0.3702048361301422 0.027207231149077415 0.05721217393875122
