0 0.33850960060954094 0.6783478558063507 0.04389741271734238 0.23089498281478882
0 0.5412391796708107 0.6510509923100471 0.08318586647510529 0.17503763735294342
0 0.27703987434506416 0.537035807967186 0.04326830059289932 0.15299072861671448
0 0.8297887817025185 0.863634929060936 0.12266393005847931 0.27088817954063416
0 0.744126308709383 0.9328816011548042 0.06824479252099991 0.13423682749271393
0 0.8813112154603004 0.8578522354364395 0.11530037224292755 0.2739788591861725
0 0.6162818316370249 0.38301216438412666 0.03291468694806099 0.07050225883722305
0 0.6606003288179636 0.36629629507660866 0.033188868314027786 0.0791063979268074
0 0.18123183771967888 0.4275272637605667 0.05774321407079697 0.10602590441703796
0 0.21834762394428253 0.3928396739065647 0.040615081787109375 0.0767209604382515
0 0.26649210415780544 0.3789013475179672 0.03867359086871147 0.07761743664741516
0 0.30577487871050835 0.4110073782503605 0.041838668286800385 0.06532049924135208
0 0.5771797075867653 0.4466757997870445 0.07458896934986115 0.179360494017601
0 0.11751925013959408 0.3754032552242279 0.034691523760557175 0.05728977918624878
0 0.07231438532471657 0.3758762702345848 0.03997572511434555 0.06464551389217377
0 0.2748942021280527 0.45153823867440224 0.03411238268017769 0.05898518115282059
0 0.2702686134725809 0.4294752925634384 0.043596673756837845 0.07078573107719421
0 0.26665415428578854 0.40632979944348335 0.03838295862078667 0.05607316642999649
