0 0.5853512287139893 0.7456907406449318 0.07559347152709961 0.24834425747394562
0 0.8267878070473671 0.7213338017463684 0.10553427040576935 0.2132251262664795
0 0.16428442299365997 0.4178870879113674 0.04177194833755493 0.09376733750104904
0 0.41580504179000854 0.5067350938916206 0.05465507507324219 0.12812025845050812
0 0.2207102533429861 0.41314292699098587 0.03699178621172905 0.06646181643009186
0 0.6090592630207539 0.5300191566348076 0.04301510006189346 0.12596575915813446
0 0.30154327116906643 0.4284167066216469 0.04179639741778374 0.09365387260913849
0 0.5565678235143423 0.4413198120892048 0.03996725007891655 0.08085343986749649
0 0.9853910682722926 0.7225938141345978 0.029217815026640892 0.08870095014572144
0 0.43377717211842537 0.4403499513864517 0.035924769937992096 0.0676029622554779
0 0.3386962115764618 0.40395288169384 0.03683280944824219 0.06763216853141785
0 0.6162472125142813 0.4083821550011635 0.02514190599322319 0.06611116230487823
0 0.3577099144458771 0.4638318046927452 0.04015803337097168 0.07857237756252289
0 0.4562315698713064 0.5926236808300018 0.06116290017962456 0.14575105905532837
0 0.5762746576219797 0.41491082683205605 0.02482633665204048 0.05400259047746658
0 0.580412482842803 0.3953408692032099 0.03454918786883354 0.04964061453938484
0 0.4380000289529562 0.4544808343052864 0.03116125985980034 0.05241610109806061
0 0.569083571434021 0.4024427030235529 0.034188270568847656 0.06005795672535896
0 0.5591362360864878 0.3958970531821251 0.02461080625653267 0.04947255551815033
0 0.5843919515609741 0.3793000038713217 0.026117801666259766 0.0504877083003521
