0 0.6359603051096201 0.5144068524241447 0.05240349844098091 0.16106240451335907
0 0.5095489267259836 0.3309042677283287 0.020865965634584427 0.08027975261211395
0 0.6894821412861347 0.4122133255004883 0.033576108515262604 0.1512587070465088
0 0.5189107283949852 0.5253599062561989 0.11315612494945526 0.2494450956583023
0 0.45431311149150133 0.33471665531396866 0.02013840712606907 0.09278221428394318
0 0.41783240996301174 0.3073973134160042 0.02124948427081108 0.07510204613208771
0 0.7136997692286968 0.4185062646865845 0.031500957906246185 0.14301830530166626
0 0.3772964831441641 0.27689135633409023 0.020653676241636276 0.04761077091097832
0 0.623900699429214 0.31160464882850647 0.03115258179605007 0.08388835191726685
0 0.4730278132483363 0.3151330444961786 0.016663407906889915 0.05732407048344612
0 0.6021204832941294 0.3278536759316921 0.02221398428082466 0.06387286633253098
0 0.354658842086792 0.2838357649743557 0.013640046119689941 0.04272513836622238
0 0.27178566437214613 0.3114306516945362 0.027527904137969017 0.055583275854587555
0 0.6288131950423121 0.3284720852971077 0.031244849786162376 0.06477279961109161
0 0.3282259404659271 0.28571612760424614 0.022135257720947266 0.049791716039180756
0 0.5637701749801636 0.4378942660987377 0.023590087890625 0.07658233493566513
0 0.35876848734915257 0.2730118464678526 0.019077587872743607 0.05298769101500511
0 0.5204372517764568 0.46798114478588104 0.03745856136083603 0.06230083107948303
0 0.30274138413369656 0.29840132780373096 0.03247363492846489 0.050579432398080826
