0 0.13314993493258953 0.6754851043224335 0.05656237527728081 0.1994428038597107
0 0.9074008353054523 0.7369881272315979 0.0918332114815712 0.21456968784332275
0 0.7329494711011648 0.583398524671793 0.06105537340044975 0.11543727666139603
0 0.9568574652075768 0.7351060658693314 0.08621244132518768 0.16958656907081604
0 0.1515453578904271 0.5861070230603218 0.029667938128113747 0.14454294741153717
0 0.5551461465656757 0.4678007885813713 0.05100259929895401 0.08581356704235077
0 0.25328174233436584 0.6218384206295013 0.039629220962524414 0.16059845685958862
0 0.30571705661714077 0.5335938632488251 0.03346748277544975 0.1377112865447998
0 0.5321859829127789 0.5146081559360027 0.04003491252660751 0.10165884345769882
0 0.20440784096717834 0.5813006088137627 0.04707449674606323 0.19398151338100433
0 0.38168420270085335 0.4533475339412689 0.03493473678827286 0.08700782060623169
0 0.26795109547674656 0.5152429640293121 0.03435926511883736 0.10022866725921631
0 0.9684592597186565 0.6662413664162159 0.06297578662633896 0.11469200998544693
0 0.47164924815297127 0.5041242800652981 0.046213485300540924 0.07945369929075241
0 0.5201888084411621 0.4429728016257286 0.029537200927734375 0.06446020305156708
0 0.42914703488349915 0.506144393235445 0.022908926010131836 0.07663247734308243
0 0.4514140607789159 0.49995115026831627 0.023083114996552467 0.07300715893507004
0 0.4146121321246028 0.44673497788608074 0.028496121987700462 0.0614071749150753
0 0.4458411755040288 0.45074430853128433 0.015858078375458717 0.03566195070743561
