0 0.23740405216813087 0.784333698451519 0.0699755921959877 0.2133258432149887
0 0.39936434105038643 0.6318536847829819 0.036529041826725006 0.15634605288505554
0 0.21686634048819542 0.5461728498339653 0.039766572415828705 0.09285871684551239
0 0.1099226251244545 0.6753335073590279 0.08714959025382996 0.20872391760349274
0 0.07328109256923199 0.6313887909054756 0.05231506749987602 0.15960027277469635
0 0.3328933175653219 0.6352580562233925 0.05629558488726616 0.16966433823108673
0 0.14926273934543133 0.5832036323845387 0.05193967744708061 0.10009888559579849
0 0.25037711299955845 0.6144991517066956 0.05723457410931587 0.16089117527008057
0 0.26826548017561436 0.527051854878664 0.04578607156872749 0.0798851028084755
0 0.2910447008907795 0.5760331191122532 0.03608451038599014 0.09213901311159134
0 0.26426007226109505 0.5508544221520424 0.037653423845767975 0.08497102558612823
0 0.3426059540361166 0.5393277667462826 0.018367242068052292 0.05306261032819748
0 0.08824606612324715 0.6545876786112785 0.06696897000074387 0.11449728906154633
