0 0.5637103691697121 0.7592530995607376 0.08446426689624786 0.26681771874427795
0 0.8027738220989704 0.6980833783745766 0.09725842624902725 0.19581206142902374
0 0.43728260323405266 0.6034860610961914 0.0601896271109581 0.17457640171051025
0 0.1546290311962366 0.4117296375334263 0.04918341711163521 0.07974667102098465
0 0.2078937329351902 0.40695950388908386 0.04206303507089615 0.07408493757247925
0 0.6024602893739939 0.5069134049117565 0.03957514837384224 0.08614828437566757
0 0.3964195605367422 0.48578375950455666 0.047635745257139206 0.09403873234987259
0 0.9825723879039288 0.7245583720505238 0.03485526889562607 0.09535721689462662
0 0.6206132173538208 0.3996764160692692 0.026820659637451172 0.06285739690065384
0 0.5543465130031109 0.4285760000348091 0.036955974996089935 0.07617683708667755
0 0.3353637233376503 0.4336087852716446 0.0647178441286087 0.12625423073768616
0 0.28903251327574253 0.4168381243944168 0.04195230081677437 0.08359226584434509
0 0.5792836658656597 0.4163132682442665 0.03827180713415146 0.08314217627048492
0 0.42506340704858303 0.4408911429345608 0.03981442376971245 0.08267229050397873
0 0.5897243497893214 0.37890620715916157 0.026299333199858665 0.059471044689416885
0 0.5947888735681772 0.3995928578078747 0.023956824094057083 0.04467620700597763
