0 0.8028127774596214 0.7199444025754929 0.06592731177806854 0.3477672040462494
0 0.454593975096941 0.7223934531211853 0.07398209720849991 0.3044015169143677
0 0.5650536417961121 0.706415593624115 0.09346938133239746 0.3452599048614502
0 0.6263170354068279 0.6025299206376076 0.04618944972753525 0.23006422817707062
0 0.8583063967525959 0.5328376367688179 0.04412899166345596 0.21724946796894073
0 0.9008939974009991 0.5548863410949707 0.048442743718624115 0.2339455485343933
0 0.5532936807721853 0.37600095570087433 0.032498549669981 0.11642816662788391
0 0.6726072188466787 0.37274783477187157 0.03462262079119682 0.11321216076612473
0 0.3405351396650076 0.3476187437772751 0.03783233091235161 0.08650317788124084
0 0.6457188250496984 0.3803221248090267 0.026924991980195045 0.11444585770368576
0 0.45104609709233046 0.3195742852985859 0.016440486535429955 0.07659051567316055
0 0.5001068413257599 0.4030277505517006 0.037927865982055664 0.13697321712970734
0 0.4759972570464015 0.3749796561896801 0.02902517281472683 0.07752736657857895
0 0.3863094262778759 0.3468589447438717 0.034515880048274994 0.07410227507352829
0 0.4171938542276621 0.3247532472014427 0.0235322006046772 0.0774797648191452
0 0.49204605259001255 0.30590125173330307 0.029620695859193802 0.05903254449367523
0 0.496583903208375 0.35239141806960106 0.029912520200014114 0.07458394020795822
0 0.40830373764038086 0.3275197111070156 0.02914726734161377 0.0748661682009697
0 0.5047807516530156 0.34801026061177254 0.026070738211274147 0.06565789133310318
