0 0.6188390031456947 0.6649722680449486 0.08839912712574005 0.17499355971813202
0 0.3949994929134846 0.7212326377630234 0.06253788620233536 0.2485581338405609
0 0.9193541780114174 0.8791169747710228 0.15599413216114044 0.24176602065563202
0 0.31580502912402153 0.5687675178050995 0.05153527110815048 0.16786223649978638
0 0.5973022934049368 0.3884088918566704 0.03589768335223198 0.06779579818248749
0 0.9399868622422218 0.815807580947876 0.11502428352832794 0.19810926914215088
0 0.08438183180987835 0.39342672005295753 0.04048613831400871 0.07364565879106522
0 0.13704555109143257 0.3822992630302906 0.04145071655511856 0.05676773935556412
0 0.33744984306395054 0.4203461594879627 0.04617612436413765 0.08167139440774918
0 0.6349445581436157 0.3739369958639145 0.03753829002380371 0.07717755436897278
0 0.21158271469175816 0.4327048733830452 0.05442159250378609 0.10567910969257355
0 0.5539514776319265 0.4153512753546238 0.04138011857867241 0.0892500951886177
0 0.3015978876501322 0.4689889885485172 0.04370837286114693 0.1204148605465889
0 0.5764633528888226 0.49827536940574646 0.035033129155635834 0.12657809257507324
0 0.28492968156933784 0.4013809356838465 0.033173538744449615 0.04902203753590584
0 0.23296038433909416 0.3846867363899946 0.03679230064153671 0.06148647889494896
0 0.26367328129708767 0.36819757148623466 0.017253946512937546 0.0374276265501976
0 0.22638331912457943 0.4569259323179722 0.03803260251879692 0.06780917197465897
