0 0.8013205304741859 0.7296745628118515 0.06822510063648224 0.3568858802318573
0 0.4440273866057396 0.7427187860012054 0.07839278876781464 0.3647332787513733
0 0.8590239994227886 0.5439906120300293 0.044487856328487396 0.22886425256729126
0 0.6208715438842773 0.6291338056325912 0.0469822883605957 0.25978371500968933
0 0.5572772733867168 0.7378991097211838 0.09308495372533798 0.3911827504634857
0 0.9038616418838501 0.5521990433335304 0.04990196228027344 0.23048223555088043
0 0.6655156016349792 0.38212233036756516 0.034178972244262695 0.1296747773885727
0 0.5480838175863028 0.38211020082235336 0.03430147096514702 0.12029395997524261
0 0.33298697508871555 0.3510175421833992 0.03901474550366402 0.08790870010852814
0 0.6399667616933584 0.38253145664930344 0.0292329303920269 0.11501733958721161
0 0.49104198813438416 0.43368521705269814 0.03496694564819336 0.09636790305376053
0 0.44589107017964125 0.3206227272748947 0.017664289101958275 0.07721021771430969
0 0.3827080186456442 0.3377016447484493 0.037740420550107956 0.08809744566679001
0 0.467102182097733 0.37024201080203056 0.024917984381318092 0.0548877939581871
0 0.40913895331323147 0.3259053975343704 0.025505375117063522 0.07671430706977844
0 0.4959751721471548 0.35793739184737206 0.03656263276934624 0.07829045504331589
0 0.48648105282336473 0.30936434864997864 0.028541946783661842 0.065055251121521
