0 0.36018021777272224 0.6717115491628647 0.04665527492761612 0.19560572504997253
0 0.192902609705925 0.8373461663722992 0.06359821557998657 0.2559444308280945
0 0.17887083813548088 0.5866895876824856 0.04854872077703476 0.1196892186999321
0 0.04649155121296644 0.621188223361969 0.07330091297626495 0.130964994430542
0 0.08331359177827835 0.6943473815917969 0.10173876583576202 0.2581442594528198
0 0.2922150790691376 0.6750734373927116 0.051851511001586914 0.24181781709194183
0 0.19230085983872414 0.7065089195966721 0.04712531715631485 0.16943129897117615
0 0.22557523846626282 0.5468216799199581 0.04639720916748047 0.09881006926298141
0 0.2590911891311407 0.6478381678462029 0.04129428789019585 0.19322870671749115
0 0.11546628177165985 0.6121315881609917 0.046706318855285645 0.10766957700252533
0 0.21625719591975212 0.5970626622438431 0.03569736331701279 0.08967259526252747
