0 0.9350375887006521 0.454561248421669 0.04026288911700249 0.14288410544395447
0 0.4561829213052988 0.6286082714796066 0.04000287130475044 0.18087837100028992
0 0.3859729655086994 0.5722483992576599 0.05478642135858536 0.230197012424469
0 0.3700329605489969 0.32762664929032326 0.02897338941693306 0.08026737719774246
0 0.5402292832732201 0.5455620586872101 0.07343082129955292 0.28972041606903076
0 0.3060998860746622 0.32974330335855484 0.01832263544201851 0.0842529684305191
0 0.2607388701289892 0.301884688436985 0.03114623948931694 0.06770284473896027
0 0.9643593542277813 0.37008194997906685 0.031757257878780365 0.10756746679544449
0 0.48214080929756165 0.3989109694957733 0.04440951347351074 0.0961751937866211
0 0.47509785927832127 0.30344291403889656 0.026666928082704544 0.07072988897562027
0 0.11076768208295107 0.2925925552845001 0.023762160912156105 0.060433387756347656
0 0.45594465732574463 0.3068794161081314 0.02064347267150879 0.06250593066215515
0 0.04306460916996002 0.31474581733345985 0.022256121039390564 0.07431871443986893
0 0.0703976983204484 0.33632053062319756 0.024434829130768776 0.0642475113272667
0 0.4627684950828552 0.375239972025156 0.03269076347351074 0.07719660550355911
0 0.09140908718109131 0.29066319204866886 0.027036815881729126 0.055710453540086746
0 0.06018477771431208 0.28441449627280235 0.01805892027914524 0.037597231566905975
0 0.10003697406500578 0.2964594420045614 0.025686508044600487 0.0548558346927166
0 0.07187695987522602 0.29851642064750195 0.019128870218992233 0.03356897458434105
