0 0.7515304796397686 0.555921345949173 0.06250085681676865 0.21957778930664062
0 0.5352778322994709 0.5655140653252602 0.06591258198022842 0.24332614243030548
0 0.8422231674194336 0.45866917818784714 0.03696918487548828 0.178680881857872
0 0.5988365411758423 0.577556811273098 0.07887911796569824 0.2280769795179367
0 0.7001886013895273 0.33434175327420235 0.0349917896091938 0.10410872846841812
0 0.8098412156105042 0.47479426860809326 0.03388166427612305 0.125388503074646
0 0.6496972553431988 0.5178855806589127 0.04697050899267197 0.17082837224006653
0 0.5791378738358617 0.34671173989772797 0.022023821249604225 0.07994100451469421
0 0.5245684385299683 0.36462293192744255 0.024718284606933594 0.11268141120672226
0 0.37140339612960815 0.31397465988993645 0.02914297580718994 0.07254286855459213
0 0.6782352570444345 0.335281316190958 0.03307466581463814 0.0917862132191658
0 0.5029035033658147 0.3292631469666958 0.030934715643525124 0.08219044655561447
0 0.4632717249915004 0.2951010838150978 0.01529679261147976 0.04138268530368805
0 0.5532646654173732 0.3172787092626095 0.015757417306303978 0.06265657395124435
0 0.3889899253845215 0.31288839876651764 0.027314186096191406 0.069318026304245
0 0.49580328445881605 0.2838599719107151 0.021285390481352806 0.05079121142625809
0 0.4142775358632207 0.2982489690184593 0.03059258498251438 0.06834129989147186
0 0.8308590650558472 0.3985129166394472 0.034008026123046875 0.05797598138451576
0 0.3974280832335353 0.30815935507416725 0.030660366639494896 0.05749303847551346
0 0.43452919088304043 0.2944416143000126 0.018725823611021042 0.06381619721651077
0 0.4712330996990204 0.26807649340480566 0.012274980545043945 0.02512308768928051
