0 0.36084143444895744 0.5818876400589943 0.039955995976924896 0.17549599707126617
0 0.2842510752379894 0.5352062284946442 0.04288806766271591 0.16186654567718506
0 0.3872559480369091 0.8423385322093964 0.06293966621160507 0.31346648931503296
0 0.5985814686864614 0.7201843559741974 0.05995960161089897 0.274064838886261
0 0.6644784212112427 0.7296909391880035 0.05438089370727539 0.2674410939216614
0 0.7376040099188685 0.3780405968427658 0.030235623940825462 0.09812751412391663
0 0.29649326764047146 0.34526174142956734 0.027876567095518112 0.07812682539224625
0 0.1576430620625615 0.3774728402495384 0.03057112731039524 0.09347604215145111
0 0.6669647693634033 0.3782777488231659 0.027284622192382812 0.09299057722091675
0 0.7644740827381611 0.9442908503115177 0.04250345379114151 0.11085612326860428
0 0.6680959463119507 0.4527255520224571 0.026332855224609375 0.11537395417690277
0 0.2532678274437785 0.44812827557325363 0.028422093018889427 0.15162281692028046
0 0.08837852254509926 0.34019352681934834 0.03520072251558304 0.060635779052972794
0 0.7980392929166555 0.3564846720546484 0.0488099567592144 0.05788425728678703
0 0.23722173273563385 0.39024243876338005 0.035127997398376465 0.08829786628484726
0 0.2591264992952347 0.3558285403996706 0.019278526306152344 0.060841772705316544
0 0.12262220494449139 0.3420446738600731 0.028662871569395065 0.07006941735744476
0 0.14048585295677185 0.35192240215837955 0.024539411067962646 0.04755367711186409
0 0.25672072172164917 0.3214279133826494 0.014311432838439941 0.026941362768411636
