0 0.4168344922363758 0.8623907715082169 0.06275520473718643 0.2752118408679962
0 0.3651015516370535 0.6070433482527733 0.03986246511340141 0.1918279379606247
0 0.6851924546062946 0.718588761985302 0.059406377375125885 0.20042262971401215
0 0.6121060606092215 0.7782885879278183 0.061373185366392136 0.3152695596218109
0 0.6481236219406128 0.4130091965198517 0.027857303619384766 0.16643595695495605
0 0.2772195693105459 0.5318561568856239 0.04379577562212944 0.14817292988300323
0 0.7147246357053518 0.3662573881447315 0.030098389834165573 0.08018968254327774
0 0.15380804240703583 0.40282613039016724 0.030281782150268555 0.07896393537521362
0 0.817686116322875 0.9532224535942078 0.04272718355059624 0.09286558628082275
0 0.7765462044626474 0.3554841987788677 0.04606037214398384 0.08981742709875107
0 0.2848586793988943 0.35754795372486115 0.023981641978025436 0.062215954065322876
0 0.12155888602137566 0.35137220099568367 0.04080847650766373 0.059494949877262115
0 0.07959371246397495 0.3465417083352804 0.03501467779278755 0.05735350772738457
0 0.24397899582982063 0.466903418302536 0.03293297439813614 0.13906800746917725
0 0.2338913269340992 0.3979879096150398 0.03698334842920303 0.07559992372989655
0 0.2738749263808131 0.32356889359652996 0.01146385632455349 0.032872285693883896
0 0.23643426597118378 0.3780496846884489 0.03841543197631836 0.06137188896536827
0 0.24603075347840786 0.37014831975102425 0.023387502878904343 0.06335727125406265
0 0.2454419881105423 0.3488707635551691 0.021765947341918945 0.060479480773210526
