0 0.5584038021042943 0.5391751155257225 0.029044056311249733 0.13617800176143646
0 0.01843111589550972 0.6669986136257648 0.03686223179101944 0.1182456985116005
0 0.1566265970468521 0.6760048493742943 0.05445396900177002 0.17528609931468964
0 0.41291094943881035 0.6270691603422165 0.041809938848018646 0.16334804892539978
0 0.4901103498414159 0.53871039301157 0.029621029272675514 0.1543571501970291
0 0.3303110655397177 0.4595251493155956 0.026717495173215866 0.07276090234518051
0 0.12834611535072327 0.6016580387949944 0.06132429838180542 0.14561890065670013
0 0.2502876929938793 0.519381694495678 0.042380236089229584 0.11013297736644745
0 0.16077348589897156 0.535535428673029 0.059516191482543945 0.08849538117647171
0 0.2820911519229412 0.47848933190107346 0.03205420821905136 0.09283553063869476
0 0.4619426252320409 0.4830949045717716 0.024902725592255592 0.07367367297410965
0 0.42717711348086596 0.5053270533680916 0.02963891066610813 0.042053475975990295
0 0.4092480894178152 0.5557631812989712 0.03347427770495415 0.08009075373411179
0 0.44113328494131565 0.47368726693093777 0.016842413693666458 0.038323890417814255
0 0.27040429785847664 0.4941732659935951 0.04332385212182999 0.0733012706041336
