0 0.4291692618280649 0.6473984494805336 0.04783444479107857 0.2140769511461258
0 0.28591683506965637 0.6253717094659805 0.041771769523620605 0.22049322724342346
0 0.5669190175831318 0.8989048525691032 0.06905946880578995 0.20218895375728607
0 0.6504655592143536 0.3800649344921112 0.033034227788448334 0.08924257755279541
0 0.7018209919333458 0.8143893778324127 0.09220676124095917 0.30853742361068726
0 0.7748226150870323 0.8445276170969009 0.10101418197154999 0.3054981529712677
0 0.144243773072958 0.41678858175873756 0.04312916845083237 0.1086239293217659
0 0.5877003911882639 0.3916652873158455 0.02668457105755806 0.0813569575548172
0 0.2586897909641266 0.3626755066215992 0.03829300403594971 0.07321260124444962
0 0.06332634761929512 0.3693264164030552 0.04036252945661545 0.07253534346818924
0 0.2299912329763174 0.4594043791294098 0.056919168680906296 0.25446563959121704
0 0.7079103942960501 0.35734931752085686 0.03228039667010307 0.07434209436178207
0 0.10199086740612984 0.36501483619213104 0.03202516585588455 0.07202985882759094
0 0.26173947378993034 0.420525386929512 0.0380416139960289 0.07206043601036072
0 0.0984610989689827 0.3784068897366524 0.04612293839454651 0.05129362642765045
0 0.08106915652751923 0.3763066306710243 0.06586180627346039 0.06398381292819977
0 0.25772268138825893 0.3863457012921572 0.03926129266619682 0.05841878429055214
