0 0.960539948195219 0.4467145949602127 0.040244005620479584 0.1326340138912201
0 0.39481257274746895 0.5238978639245033 0.05407867580652237 0.15393812954425812
0 0.4483023174107075 0.6222436875104904 0.03671608120203018 0.20449337363243103
0 0.3798013748601079 0.3336824029684067 0.024403953924775124 0.09115961194038391
0 0.9905967470258474 0.3661452680826187 0.018805216997861862 0.10746404528617859
0 0.2708284556865692 0.2997051700949669 0.02913033962249756 0.06730370223522186
0 0.31816296000033617 0.3267390802502632 0.0214094165712595 0.0827883630990982
0 0.08619544934481382 0.3173991069197655 0.028671687468886375 0.09464465081691742
0 0.5261738374829292 0.5566651597619057 0.066571906208992 0.2462529093027115
0 0.4971882104873657 0.4029531702399254 0.05577540397644043 0.10275880992412567
0 0.5447805039584637 0.5157897472381592 0.04564394801855087 0.16546720266342163
0 0.133219750598073 0.2908227685838938 0.024110186845064163 0.0602717287838459
0 0.4679388403892517 0.3089129291474819 0.025127887725830078 0.07353805750608444
0 0.48773480020463467 0.31117803044617176 0.02162475511431694 0.05261111631989479
0 0.061351070180535316 0.31351372227072716 0.01839534565806389 0.07648425549268723
0 0.55261573754251 0.4734705239534378 0.034021567553281784 0.14151504635810852
0 0.11420304886996746 0.29968937672674656 0.0227171890437603 0.05302600935101509
0 0.10878935921937227 0.2892916239798069 0.028013164177536964 0.04666817933320999
0 0.10036963503807783 0.2691652812063694 0.0132125373929739 0.024763233959674835
