0 0.31842462345957756 0.659979835152626 0.04330267757177353 0.21676436066627502
0 0.5026471726596355 0.6679907441139221 0.07565560191869736 0.21722030639648438
0 0.6807391159236431 0.9206617996096611 0.06384982913732529 0.1583719104528427
0 0.7907113917171955 0.8511222451925278 0.11873779445886612 0.2951013743877411
0 0.166325306519866 0.4349411390721798 0.05072272941470146 0.1163129135966301
0 0.5673809759318829 0.397169753909111 0.0317172035574913 0.07572343945503235
0 0.8530268892645836 0.8580857366323471 0.11958746612071991 0.2838223874568939
0 0.26477664709091187 0.5364492982625961 0.04719102382659912 0.16099658608436584
0 0.5789722092449665 0.4852570928633213 0.03782329708337784 0.12482405453920364
0 0.628229534253478 0.38510434329509735 0.02993626520037651 0.08262965083122253
0 0.6755306720733643 0.3665224686264992 0.03181624412536621 0.08454151451587677
0 0.06918964721262455 0.37780241668224335 0.041282135993242264 0.06603792309761047
0 0.11325505003333092 0.3788568153977394 0.04030723124742508 0.07394523918628693
0 0.21410089172422886 0.3792996797710657 0.02914189174771309 0.04854770377278328
0 0.29198058880865574 0.42460448667407036 0.04241685941815376 0.08900871127843857
0 0.25850561261177063 0.4263960048556328 0.03944575786590576 0.07469402253627777
0 0.2632157802581787 0.36607551202178 0.04022932052612305 0.06407564133405685
0 0.2650348749011755 0.4512406103312969 0.03908951207995415 0.061436377465724945
0 0.148552474565804 0.395521255210042 0.014612996950745583 0.03701693192124367
0 0.21697141788899899 0.3964476753026247 0.027347993105649948 0.058189306408166885
