0 0.5567671302706003 0.5409858152270317 0.029496241360902786 0.1403125375509262
0 0.01863677427172661 0.6661318428814411 0.03727354854345322 0.11851844936609268
0 0.15953466668725014 0.5357693880796432 0.05725214630365372 0.08858540654182434
0 0.3305942416191101 0.4621526598930359 0.026760220527648926 0.061359703540802
0 0.1556775327771902 0.6710434406995773 0.052743565291166306 0.1863914430141449
0 0.27237674593925476 0.48066114634275436 0.044124722480773926 0.09403775632381439
0 0.45898257475346327 0.48466045409440994 0.025198793038725853 0.07820858061313629
0 0.48688237089663744 0.5509433075785637 0.0296646598726511 0.12755487859249115
0 0.1272201333194971 0.6026640683412552 0.05894045904278755 0.14532127976417542
0 0.24925229884684086 0.5259780809283257 0.04355363920331001 0.12307201325893402
0 0.4092753641307354 0.6145903691649437 0.04209449142217636 0.18376748263835907
0 0.43093380331993103 0.4977433532476425 0.026702880859375 0.08752712607383728
0 0.40830286778509617 0.5431231074035168 0.03701596334576607 0.10906609147787094
0 0.4889055732637644 0.4987330660223961 0.024944115430116653 0.07544742524623871
0 0.42540178820490837 0.5185442753136158 0.03549470752477646 0.0692128911614418
