0 0.5570644363760948 0.6446438655257225 0.0733058899641037 0.18108002841472626
0 0.7226710915565491 0.7739408910274506 0.10344219207763672 0.25203055143356323
0 0.9010756835341454 0.7303579077124596 0.08793096244335175 0.20768801867961884
0 0.024726221337914467 0.5102701857686043 0.049452442675828934 0.08558578789234161
0 0.6403689868748188 0.5468063428997993 0.05273089557886124 0.12393595278263092
0 0.9811325911432505 0.7239622250199318 0.03773479536175728 0.15818007290363312
0 0.21945909783244133 0.4247504845261574 0.0368356928229332 0.08001251518726349
0 0.4797293432056904 0.5103550888597965 0.051422931253910065 0.10573268681764603
0 0.27328718826174736 0.4339698627591133 0.036457084119319916 0.08857692778110504
0 0.4074792377650738 0.44764145463705063 0.048749469220638275 0.1029273122549057
0 0.3404289595782757 0.4389452077448368 0.03538908809423447 0.07871801406145096
0 0.5651099197566509 0.4577375017106533 0.04107799381017685 0.0961226150393486
0 0.46538202837109566 0.44518905878067017 0.03298363834619522 0.06422233581542969
0 0.3710366189479828 0.4463166184723377 0.038075923919677734 0.10647193342447281
0 0.5948765035718679 0.4310339633375406 0.020091962069272995 0.05000000074505806
0 0.46742349304258823 0.46976842544972897 0.027985859662294388 0.05885760113596916
