0 0.7642838470637798 0.5575090199708939 0.06281676143407822 0.2180359661579132
0 0.539100706577301 0.5781242251396179 0.06837081909179688 0.24732470512390137
0 0.8550087101757526 0.4693544879555702 0.04662761837244034 0.19638939201831818
0 0.6053338646888733 0.5795589089393616 0.07948708534240723 0.24343341588974
0 0.8202050440013409 0.48301760107278824 0.034172914922237396 0.11988033354282379
0 0.5845347996801138 0.3490549363195896 0.02129049226641655 0.08173132687807083
0 0.7062570806592703 0.3336053639650345 0.03334994241595268 0.08743241429328918
0 0.6824384685605764 0.33986620604991913 0.03247947618365288 0.09765294194221497
0 0.5300432089716196 0.36821550503373146 0.027607250958681107 0.11487079411745071
0 0.6570397727191448 0.5182618573307991 0.0433894619345665 0.16337259113788605
0 0.5077655911445618 0.3339659869670868 0.031482696533203125 0.07633936405181885
0 0.47120071668177843 0.3000239245593548 0.01605691947042942 0.04917337745428085
0 0.5600393060594797 0.3230398967862129 0.017125654965639114 0.06964607536792755
0 0.8452970143407583 0.40192280150949955 0.04237718507647514 0.06074680760502815
0 0.37805882655084133 0.3187985382974148 0.03149814531207085 0.07336413115262985
0 0.5032899137586355 0.28652448393404484 0.017791222780942917 0.04135831072926521
0 0.4192142132669687 0.3092022966593504 0.029276419430971146 0.05171724781394005
0 0.40040018036961555 0.3167691193521023 0.03818509727716446 0.07351582497358322
0 0.44096897821873426 0.29512184485793114 0.020850753411650658 0.06473373621702194
0 0.4271881226450205 0.30369069799780846 0.021944571286439896 0.06514763087034225
0 0.4795678975060582 0.26918798964470625 0.01569833792746067 0.027059322223067284
0 0.508551275357604 0.29892248287796974 0.027823876589536667 0.04939062148332596
