0 0.7323920018970966 0.6523307859897614 0.0532899871468544 0.1669955849647522
0 0.8758166059851646 0.7085144072771072 0.07291631400585175 0.1962602436542511
0 0.760431993752718 0.5929576456546783 0.05736193805932999 0.12904387712478638
0 0.04946911707520485 0.55282261967659 0.03400614112615585 0.12083053588867188
0 0.585016667842865 0.47481122612953186 0.033890485763549805 0.09265518188476562
0 0.9457499384880066 0.7354998663067818 0.08711528778076172 0.2060791403055191
0 0.9512385614216328 0.6701543480157852 0.09054813534021378 0.1582200825214386
0 0.543474149890244 0.5264719277620316 0.027480745688080788 0.0736759603023529
0 0.24170531705021858 0.626424752175808 0.07071468979120255 0.19171921908855438
0 0.3331144452095032 0.532080452889204 0.02152705192565918 0.12131126970052719
0 0.4251787066459656 0.4544203281402588 0.03986835479736328 0.07660806179046631
0 0.48169819079339504 0.5084571279585361 0.027927827090024948 0.08501286059617996
0 0.31346969678997993 0.636901244521141 0.036597467958927155 0.11851069331169128
0 0.25808143243193626 0.5913896486163139 0.05562248080968857 0.2019784301519394
0 0.4647656921297312 0.5074550360441208 0.03889446333050728 0.08377978205680847
0 0.5067720115184784 0.4875902235507965 0.03583264350891113 0.09702080488204956
0 0.5560304876416922 0.4520915001630783 0.01997346803545952 0.08054652810096741
0 0.45414685644209385 0.4978025518357754 0.027237702161073685 0.07518725842237473
0 0.46170762181282043 0.4596291072666645 0.02988600730895996 0.041982270777225494
0 0.5361703876405954 0.446203101426363 0.02928166463971138 0.0814921036362648
0 0.5436243657022715 0.4736216366291046 0.02867727354168892 0.05989646911621094
