0 0.7321741096675396 0.6795626580715179 0.08782758563756943 0.18699806928634644
0 0.4887584149837494 0.7441653162240982 0.07451391220092773 0.2575218975543976
0 0.12073382548987865 0.4022543169558048 0.04370717331767082 0.08437109738588333
0 0.9667247533798218 0.8548742234706879 0.0661015510559082 0.2884595990180969
0 0.3802480883896351 0.5848225876688957 0.05149254947900772 0.16156671941280365
0 0.39490722492337227 0.425418209284544 0.04171166568994522 0.06878539174795151
0 0.5902617685496807 0.5064262561500072 0.03911104053258896 0.10367783159017563
0 0.5526400208473206 0.42710646614432335 0.03739166259765625 0.09624116867780685
0 0.311552906408906 0.40238404273986816 0.04598527029156685 0.08328759670257568
0 0.17715292796492577 0.3916790336370468 0.03907736390829086 0.05492320656776428
0 0.2769615240395069 0.4167965427041054 0.05462989956140518 0.08968056738376617
0 0.3560640625655651 0.48619885742664337 0.0452820286154747 0.1200496256351471
0 0.5875285863876343 0.3963708318769932 0.0386202335357666 0.0742112472653389
0 0.629662549123168 0.4017084836959839 0.0221681110560894 0.04641371965408325
0 0.6092656012624502 0.38583118841052055 0.025094222277402878 0.04303237050771713
0 0.6247933031991124 0.3873794209212065 0.0292831901460886 0.06022241339087486
0 0.6066551096737385 0.3716699182987213 0.03131566196680069 0.05788165330886841
0 0.6014825580641627 0.38642744719982147 0.028537606820464134 0.05009189248085022
