0 0.1485199648886919 0.686689555644989 0.05594586208462715 0.16786444187164307
0 0.22105230391025543 0.5280318707227707 0.04388701915740967 0.12161716818809509
0 0.02080235257744789 0.7061888016760349 0.04160470515489578 0.12276089936494827
0 0.2820348683744669 0.49763890355825424 0.03486042097210884 0.10497479140758514
0 0.638539457693696 0.5076575130224228 0.026307392865419388 0.1393837034702301
0 0.12497724033892155 0.6214777305722237 0.05478077009320259 0.1595335155725479
0 0.520392787642777 0.5628936663269997 0.029700184240937233 0.1385032683610916
0 0.3358003254979849 0.4429061971604824 0.030767392367124557 0.08679728955030441
0 0.3685036953538656 0.41528647765517235 0.027769755572080612 0.07788395136594772
0 0.5590260867029428 0.5233829356729984 0.021972227841615677 0.10646451264619827
0 0.47184085845947266 0.5142687782645226 0.023594379425048828 0.11904941499233246
0 0.48788143415004015 0.4461129643023014 0.026495838537812233 0.060158200562000275
0 0.5126656889915466 0.44714193418622017 0.015967130661010742 0.06724730879068375
0 0.5666884183883667 0.44133251160383224 0.017907142639160156 0.07641486823558807
