0 0.41841183975338936 0.6146947145462036 0.040268756449222565 0.17375051975250244
0 0.16775419749319553 0.5829753950238228 0.04346071556210518 0.11624361574649811
0 0.27699331007897854 0.5268112905323505 0.03642566129565239 0.113561250269413
0 0.35628505796194077 0.6170672848820686 0.06415347754955292 0.1772475391626358
0 0.26954082027077675 0.7366308346390724 0.06537625938653946 0.1937592774629593
0 0.23309259675443172 0.5466430746018887 0.03909463807940483 0.11846118420362473
0 0.11565086618065834 0.7034802585840225 0.0612434521317482 0.18977728486061096
0 0.0840748380869627 0.5973017625510693 0.049002040177583694 0.1231810674071312
0 0.30716791190207005 0.5677623674273491 0.03946273401379585 0.11509548127651215
0 0.10765082389116287 0.618997685611248 0.08787845075130463 0.12173877656459808
0 0.2793268747627735 0.6285854205489159 0.07162032276391983 0.17821328341960907
