0 0.15645184740424156 0.6461162343621254 0.054752133786678314 0.1796625405550003
0 0.7069488875567913 0.687546044588089 0.0878237709403038 0.19046562910079956
0 0.8694193586707115 0.7306700274348259 0.09021453559398651 0.17894838750362396
0 0.6775335315614939 0.5829835906624794 0.056559134274721146 0.10847778618335724
0 0.9435067400336266 0.7379484176635742 0.09337882697582245 0.16036343574523926
0 0.9514994733035564 0.6751201935112476 0.0897001251578331 0.11115960031747818
0 0.3045819643884897 0.45921432599425316 0.044382501393556595 0.08979945629835129
0 0.49838503636419773 0.5190804786980152 0.04951052740216255 0.0965983048081398
0 0.2107946127653122 0.5230318009853363 0.04134488105773926 0.11372023820877075
0 0.07569105178117752 0.5821652412414551 0.07937192916870117 0.163985013961792
0 0.5217917207628489 0.4560999199748039 0.037966061383485794 0.07114575803279877
0 0.17665423825383186 0.5227129682898521 0.03239557892084122 0.06403867900371552
0 0.38377000112086535 0.4874956104904413 0.02321031130850315 0.05314632132649422
0 0.4091474115848541 0.49240897968411446 0.043148040771484375 0.12047729641199112
0 0.43236187659204006 0.489282701164484 0.0435456745326519 0.10174382477998734
0 0.3549980763345957 0.4527786709368229 0.029942680150270462 0.06357837468385696
0 0.48893171548843384 0.4575040936470032 0.03317594528198242 0.09999406337738037
0 0.15495234727859497 0.47858190163969994 0.013450920581817627 0.03788744658231735
0 0.369998836889863 0.45136415399610996 0.0203658826649189 0.04367111995816231
