0 0.09264347329735756 0.6685557216405869 0.051079921424388885 0.1829650104045868
0 0.2340211272239685 0.6303313449025154 0.0399395227432251 0.18035222589969635
0 0.732678484171629 0.6583384275436401 0.08381404727697372 0.2608534097671509
0 0.12710551358759403 0.5823639556765556 0.033671487122774124 0.14214693009853363
0 0.36421163752675056 0.4502696990966797 0.03469691425561905 0.08284920454025269
0 0.8997787348926067 0.7228608503937721 0.0796913132071495 0.19742901623249054
0 0.17694573663175106 0.5669921413064003 0.038162004202604294 0.15680135786533356
0 0.5298175103962421 0.5248021371662617 0.03412017971277237 0.0887940302491188
0 0.2890835106372833 0.5328875593841076 0.03705918788909912 0.12403395026922226
0 0.9619868509471416 0.7283081337809563 0.07602634280920029 0.17072652280330658
0 0.5453778747469187 0.46253784000873566 0.04664163663983345 0.09025052189826965
0 0.2500378042459488 0.5182060748338699 0.02805006504058838 0.06444570422172546
0 0.5114479484036565 0.44448119029402733 0.026293182745575905 0.1091342493891716
0 0.3993299715220928 0.4501842316240072 0.039642833173274994 0.05573607608675957
0 0.42061647772789 0.49859068915247917 0.02568817138671875 0.07165022939443588
0 0.465170556679368 0.5009729526937008 0.02966027334332466 0.09232186526060104
0 0.9403115026652813 0.6575227454304695 0.050121210515499115 0.06800426542758942
0 0.4430198073387146 0.4543094653636217 0.02620220184326172 0.04469621554017067
0 0.4397980086505413 0.5071110725402832 0.03492846339941025 0.08718651533126831
0 0.23508272785693407 0.47434842586517334 0.014657163992524147 0.03819465637207031
