0 0.4091666527092457 0.650483526289463 0.051542140543460846 0.22046716511249542
0 0.6740805506706238 0.828460305929184 0.08627176284790039 0.33759862184524536
0 0.27665023878216743 0.5936321765184402 0.04169151932001114 0.2023964822292328
0 0.7440047636628151 0.8273673206567764 0.08812017738819122 0.27712467312812805
0 0.6622130386531353 0.3761493042111397 0.03163328021764755 0.08729834854602814
0 0.2335584368556738 0.48069313913583755 0.03342790529131889 0.1521831899881363
0 0.5969260688871145 0.38705262914299965 0.02496309205889702 0.08754897862672806
0 0.7188628315925598 0.3598087802529335 0.03367948532104492 0.09132058918476105
0 0.13888460025191307 0.41466017067432404 0.04159822314977646 0.10784861445426941
0 0.5268534719944 0.896246574819088 0.0716557502746582 0.206929013133049
0 0.6059403661638498 0.468931395560503 0.03699903562664986 0.09949294477701187
0 0.06617989018559456 0.37158791348338127 0.04934350401163101 0.08258446305990219
0 0.2629008023068309 0.3653558325022459 0.02638993225991726 0.05026384815573692
0 0.10359954461455345 0.3681219071149826 0.03625953942537308 0.07135030627250671
0 0.21585051156580448 0.3718135990202427 0.020408082753419876 0.07494360953569412
0 0.25308583304286003 0.41549889743328094 0.03137554973363876 0.06434080004692078
0 0.24776839604601264 0.33687024004757404 0.01304237823933363 0.03751138225197792
0 0.22961927019059658 0.42876897752285004 0.03392345830798149 0.06289210915565491
0 0.12007925193756819 0.37815052457153797 0.026570534333586693 0.04302889481186867
