0 0.6170541532337666 0.505921021103859 0.04444132000207901 0.13107749819755554
0 0.4896630346775055 0.3273756317794323 0.01988983154296875 0.08142348378896713
0 0.6592042557895184 0.3990442156791687 0.03130926936864853 0.12662917375564575
0 0.43348170537501574 0.3328845947980881 0.01918783225119114 0.08030429482460022
0 0.3961374815553427 0.3026999980211258 0.02168090268969536 0.06868764758110046
0 0.6831720592454076 0.40902484953403473 0.02393474616110325 0.08727535605430603
0 0.4569614650681615 0.31401751562952995 0.017761850729584694 0.053347013890743256
0 0.5422223806381226 0.47995276004076004 0.032851457595825195 0.1487194448709488
0 0.34385317005217075 0.27589913457632065 0.022358465939760208 0.0439978688955307
0 0.4908049404621124 0.5310766398906708 0.08344006538391113 0.2034030556678772
0 0.24260609410703182 0.31073049269616604 0.024962376803159714 0.052366744726896286
0 0.5805321335792542 0.311938114464283 0.02198052406311035 0.07734508812427521
0 0.6049614064395428 0.30984969809651375 0.031575821340084076 0.07645765691995621
0 0.32471888698637486 0.2751158382743597 0.015721727162599564 0.05535922572016716
0 0.5251576788723469 0.49351872503757477 0.049018241465091705 0.12147924304008484
0 0.265349805355072 0.30551479011774063 0.02324843406677246 0.06844545900821686
0 0.3039221107028425 0.25719040259718895 0.012098479084670544 0.025209151208400726
0 0.49489940982311964 0.4531773626804352 0.021143531426787376 0.06449919939041138
0 0.2921055378392339 0.2868913598358631 0.028996968641877174 0.0474458709359169
