0 0.10951035469770432 0.8468782156705856 0.08506806194782257 0.30459555983543396
0 0.3498213402926922 0.7247778102755547 0.04855670779943466 0.23730693757534027
0 0.18925678730010986 0.5911836326122284 0.036255836486816406 0.13970714807510376
0 0.30208757519721985 0.7557376250624657 0.05193483829498291 0.20667140185832977
0 0.03762549348175526 0.6362987831234932 0.05948382616043091 0.1654219776391983
0 0.2223869450390339 0.8556964695453644 0.06461695581674576 0.28852540254592896
0 0.15926043689250946 0.5778813660144806 0.03442728519439697 0.12849587202072144
0 0.0786648839712143 0.6834284961223602 0.06273303180932999 0.23533600568771362
0 0.22720222175121307 0.6828519627451897 0.07838749885559082 0.13875995576381683
0 0.09206739813089371 0.57134267129004 0.03780969977378845 0.05725555494427681
0 0.26852968893945217 0.7153671607375145 0.05251343175768852 0.22592036426067352
