0 0.4348400291055441 0.6424998044967651 0.04837365075945854 0.20820045471191406
0 0.2875615172088146 0.6292956247925758 0.04061570018529892 0.20691676437854767
0 0.7794264778494835 0.829289123415947 0.0912816971540451 0.27423354983329773
0 0.7082359082996845 0.8070084303617477 0.09331236034631729 0.2833985984325409
0 0.5747679956257343 0.901263877749443 0.06763181835412979 0.19747230410575867
0 0.5908125042915344 0.4748762436211109 0.027427196502685547 0.12126032263040543
0 0.7050571199506521 0.3612757585942745 0.032781314104795456 0.0791129395365715
0 0.6483402848243713 0.3782830871641636 0.03280234336853027 0.08550340682268143
0 0.5854046223685145 0.3895871788263321 0.02839670144021511 0.07701918482780457
0 0.24215815588831902 0.5232481211423874 0.0327853187918663 0.10903659462928772
0 0.14662159234285355 0.4145863987505436 0.04641813039779663 0.10702807456254959
0 0.1021003071218729 0.3639529421925545 0.03175153210759163 0.06909836828708649
0 0.062112802639603615 0.3702162988483906 0.04045164957642555 0.07351682335138321
0 0.23967960849404335 0.4365036226809025 0.0331256166100502 0.07957632094621658
0 0.2593485452234745 0.3697192519903183 0.040223099291324615 0.08330169320106506
0 0.21390158869326115 0.36276153288781643 0.026162195950746536 0.05846710130572319
0 0.26188941299915314 0.3985096178948879 0.04243898391723633 0.11633192747831345
0 0.2177100656554103 0.39765111915767193 0.024711227044463158 0.04619988426566124
