0 0.7743495814502239 0.5740944817662239 0.06241454929113388 0.22535641491413116
0 0.8636094089597464 0.48581892997026443 0.036063384264707565 0.2052973061800003
0 0.5406648516654968 0.5881403088569641 0.07140946388244629 0.23967230319976807
0 0.606898557394743 0.6005350649356842 0.08292069286108017 0.26933813095092773
0 0.8322744611650705 0.469226598739624 0.03882627561688423 0.17729246616363525
0 0.7109814044088125 0.3372352570295334 0.035971831530332565 0.09746697545051575
0 0.686710249632597 0.3390887789428234 0.03249063342809677 0.08816375583410263
0 0.5898482920601964 0.35548320785164833 0.02176203764975071 0.09829527884721756
0 0.5354688167572021 0.36920681968331337 0.028148412704467773 0.11967767030000687
0 0.6633756998926401 0.5122207924723625 0.046015311032533646 0.14960776269435883
0 0.5098809180781245 0.33869829773902893 0.025704002007842064 0.0683208703994751
0 0.4771529082208872 0.30099688470363617 0.017078209668397903 0.048730701208114624
0 0.5667124036699533 0.3285689912736416 0.018090058118104935 0.0701206848025322
0 0.3835844285786152 0.31917543336749077 0.03256580978631973 0.07095404714345932
0 0.012010996772005456 0.3327569216489792 0.024000966921448708 0.07180169224739075
0 0.5096934083849192 0.2884164433926344 0.01609067991375923 0.04302620515227318
0 0.40300018806010485 0.31861918419599533 0.02564098872244358 0.07430432736873627
0 0.425938343629241 0.29880065098404884 0.028602074831724167 0.06880290061235428
0 0.44583343248814344 0.29875922203063965 0.019050216302275658 0.06507331132888794
0 0.486100691370666 0.2711908249184489 0.0156081672757864 0.027786975726485252
0 0.6471545472741127 0.5247605964541435 0.06492824852466583 0.11695675551891327
0 0.5235193492844701 0.316487081348896 0.01389303244650364 0.056958749890327454
0 0.5996952056884766 0.5168267339468002 0.029987096786499023 0.06708225607872009
0 0.5145214442163706 0.29425435699522495 0.02548246458172798 0.04124687984585762
0 0.4167278651148081 0.3115883059799671 0.034178782254457474 0.06455609947443008
