0 0.33919060230255127 0.6949092298746109 0.05600440502166748 0.18238559365272522
0 0.48191697522997856 0.5777100175619125 0.04551329463720322 0.14123305678367615
0 0.207243075594306 0.5404926426708698 0.04357863590121269 0.09424684196710587
0 0.1395975910127163 0.6872404664754868 0.053894542157649994 0.17423781752586365
0 0.4114534966647625 0.5940901041030884 0.051564835011959076 0.1464017629623413
0 0.28274168353527784 0.50571259111166 0.030025815591216087 0.06716512143611908
0 0.25201583839952946 0.5127684287726879 0.02470271661877632 0.08966734260320663
0 0.4014424327760935 0.5176760479807854 0.028539467602968216 0.08800731599330902
0 0.11720067076385021 0.5662338957190514 0.04868323728442192 0.09077207744121552
0 0.34390768967568874 0.574957363307476 0.051991891115903854 0.1408688873052597
0 0.11846127361059189 0.6417635977268219 0.054327964782714844 0.099345862865448
0 0.3652686234563589 0.5241055302321911 0.03847045823931694 0.07727660983800888
0 0.13986171782016754 0.5786109734326601 0.022985756397247314 0.060482535511255264
0 0.3619107659906149 0.5475058071315289 0.03329784795641899 0.08400251716375351
