0 0.4698420353233814 0.5875210911035538 0.04833874851465225 0.1582423746585846
0 0.13688461668789387 0.6949598863720894 0.05414002016186714 0.1914682537317276
0 0.3295239098370075 0.7069107890129089 0.057366348803043365 0.19848179817199707
0 0.20434649847447872 0.5593449547886848 0.051100801676511765 0.11825837194919586
0 0.39912237599492073 0.6130307614803314 0.058413244783878326 0.16848093271255493
0 0.27943186834454536 0.5029608085751534 0.0319506898522377 0.09409870207309723
0 0.25060384906828403 0.5233055464923382 0.027161527425050735 0.10641797631978989
0 0.11901253089308739 0.6130060702562332 0.06546010822057724 0.13613298535346985
0 0.11097859404981136 0.5667748525738716 0.04843331500887871 0.08904160559177399
0 0.3948279144242406 0.5205124877393246 0.02956213988363743 0.07946484535932541
0 0.3562746290117502 0.533921055495739 0.040027786046266556 0.09480319917201996
0 0.32749487087130547 0.6120812334120274 0.04380478709936142 0.11810506135225296
0 0.1295642964541912 0.554595373570919 0.03204808384180069 0.06782536208629608
