0 0.18213734589517117 0.45261089503765106 0.05928720161318779 0.12124142050743103
0 0.46582917124032974 0.8791630640625954 0.07065673172473907 0.2413627654314041
0 0.2171325981616974 0.9412249960005283 0.05823606252670288 0.11753607541322708
0 0.4554968122392893 0.5075249820947647 0.04366593435406685 0.17341193556785583
0 0.5450577847659588 0.5041694268584251 0.06963004916906357 0.1685270518064499
0 0.37651729583740234 0.40531280636787415 0.03835761547088623 0.09815919399261475
0 0.24929662607610226 0.43090886250138283 0.0385485403239727 0.08289510756731033
0 0.335046136751771 0.4018012769520283 0.02044539526104927 0.10674122720956802
0 0.40301976818591356 0.48916132748126984 0.028031134977936745 0.0665154755115509
0 0.35592580400407314 0.5495011806488037 0.04557974264025688 0.20428526401519775
0 0.3172283470630646 0.9069727808237076 0.04811561107635498 0.18493881821632385
0 0.300208181142807 0.42086077108979225 0.03425776958465576 0.1156846359372139
0 0.9874915955588222 0.7393805831670761 0.024272536858916283 0.28842172026634216
0 0.38020265102386475 0.9203029647469521 0.04632079601287842 0.15938492119312286
0 0.3626573923975229 0.4823242872953415 0.038805413991212845 0.08866259455680847
0 0.9896989110857248 0.4442259147763252 0.020592976361513138 0.1341450959444046
0 0.31739475205540657 0.4134070836007595 0.035139299929142 0.10335015505552292
0 0.27116579934954643 0.4156530871987343 0.03220679610967636 0.11129726469516754
0 0.2837783396244049 0.418234471231699 0.045181989669799805 0.10661489516496658
0 0.546191263012588 0.4371759295463562 0.02127656899392605 0.06125831604003906
