0 0.47313213907182217 0.6153630688786507 0.059752654284238815 0.16593696177005768
0 0.8460184447467327 0.7297022864222527 0.1085750088095665 0.22686181962490082
0 0.6146600004285574 0.5439897403120995 0.047681521624326706 0.12544123828411102
0 0.6095240116119385 0.7360050976276398 0.08113765716552734 0.22188526391983032
0 0.17536115273833275 0.415737871080637 0.044292889535427094 0.0753798559308052
0 0.23032129369676113 0.4134666807949543 0.042375992983579636 0.06837043911218643
0 0.42303283140063286 0.48027947172522545 0.049606822431087494 0.0829765722155571
0 0.30588265135884285 0.4248709939420223 0.036908961832523346 0.08742951601743698
0 0.5582847595214844 0.4434673972427845 0.03987526893615723 0.086786188185215
0 0.9881696458905935 0.6970899477601051 0.02366037294268608 0.06857986748218536
0 0.4407680630683899 0.438970934599638 0.03201723098754883 0.0733347162604332
0 0.35775185748934746 0.45370322093367577 0.06097545474767685 0.09826015681028366
0 0.6152607798576355 0.42644171975553036 0.02589583396911621 0.05472568795084953
0 0.34529392793774605 0.41043445840477943 0.03669009357690811 0.06602872163057327
0 0.571804154664278 0.4038362018764019 0.03615150600671768 0.05563392490148544
0 0.5867066383361816 0.3988764863461256 0.021045207977294922 0.043719228357076645
0 0.5770774725824594 0.420280035585165 0.034737396985292435 0.06558024138212204
0 0.6055169580504298 0.38990136608481407 0.0119613166898489 0.0278049036860466
