0 0.46987441182136536 0.7287503257393837 0.06585526466369629 0.24818475544452667
0 0.7142977938055992 0.6829982548952103 0.0892060250043869 0.20453372597694397
0 0.11539625935256481 0.4116976708173752 0.050220441073179245 0.09221509099006653
0 0.3705028351396322 0.5804998800158501 0.056886982172727585 0.15048836171627045
0 0.9658216722309589 0.8920438513159752 0.06835661083459854 0.21395306289196014
0 0.3074407819658518 0.41070374846458435 0.05469219759106636 0.09696638584136963
0 0.3853803984820843 0.4265535920858383 0.04101719707250595 0.07437112927436829
0 0.586467195302248 0.5178103670477867 0.03994045406579971 0.12525461614131927
0 0.16947056911885738 0.38976431265473366 0.04098339006304741 0.05983937531709671
0 0.5540471561253071 0.4205659031867981 0.03619442135095596 0.08430832624435425
0 0.9656306989490986 0.7934215366840363 0.06873855739831924 0.17208248376846313
0 0.5892200712114573 0.40003853291273117 0.03436999395489693 0.07636235654354095
0 0.25703280232846737 0.3992244452238083 0.037225913256406784 0.06658855080604553
0 0.27373138070106506 0.44524236768484116 0.06949341297149658 0.11108945310115814
0 0.35027651861310005 0.4843337684869766 0.035337187349796295 0.06820598244667053
0 0.6274783853441477 0.39236515015363693 0.0324895866215229 0.06798015534877777
0 0.6145377159118652 0.3837843853980303 0.027750253677368164 0.04927516356110573
0 0.6075433250516653 0.3708164654672146 0.028470944613218307 0.05693738907575607
