0 0.783757708966732 0.7119656577706337 0.10521750152111053 0.21854574978351593
0 0.4180206060409546 0.597078949213028 0.06619727611541748 0.15721362829208374
0 0.5295582357794046 0.7166210785508156 0.06184558942914009 0.2070973664522171
0 0.9792373180389404 0.7459940984845161 0.04152536392211914 0.12524689733982086
0 0.6022603269666433 0.532222107052803 0.04814929887652397 0.13367852568626404
0 0.4153474513441324 0.4334947280585766 0.041631389409303665 0.06873168796300888
0 0.14298506453633308 0.40620099008083344 0.04928223043680191 0.06564119458198547
0 0.38087741658091545 0.47805340588092804 0.046098493039608 0.08380559086799622
0 0.1959555707871914 0.3990073036402464 0.04498007148504257 0.05996843799948692
0 0.5529831051826477 0.43318185955286026 0.04039812088012695 0.08899463713169098
0 0.6246812222525477 0.39883144199848175 0.028231477364897728 0.06209644675254822
0 0.31447888165712357 0.4428134150803089 0.06317885220050812 0.08079812675714493
0 0.5834639314562082 0.413114745169878 0.03741197660565376 0.08967713266611099
0 0.28203014098107815 0.4089469239115715 0.04062147065997124 0.07491789758205414
0 0.3329677823930979 0.42640315368771553 0.03330116346478462 0.06757698208093643
0 0.30622850079089403 0.39638237468898296 0.028287792578339577 0.05339249595999718
0 0.5996016021817923 0.3921192027628422 0.024658869951963425 0.048490650951862335
0 0.3259072545915842 0.4123503044247627 0.03949432447552681 0.05361230671405792
