0 0.21980171650648117 0.7820351272821426 0.06464914977550507 0.19551578164100647
0 0.3870521429926157 0.64002775400877 0.037799883633852005 0.15993724763393402
0 0.06475054286420345 0.6120389960706234 0.055034030228853226 0.12027447670698166
0 0.2028062306344509 0.572655938565731 0.041991911828517914 0.12404386699199677
0 0.3181775454431772 0.6575294882059097 0.05509548261761665 0.2041713297367096
0 0.2205778956413269 0.6622388884425163 0.06230175495147705 0.17139099538326263
0 0.2778135184198618 0.6062667220830917 0.038720060139894485 0.14506158232688904
0 0.14410509541630745 0.6036966107785702 0.03932436555624008 0.11200731247663498
0 0.09842075034976006 0.6943958848714828 0.08430612832307816 0.251723974943161
0 0.24777388013899326 0.5624693967401981 0.03064732626080513 0.06510335952043533
0 0.126459751278162 0.6134886629879475 0.04113421589136124 0.0891929641366005
0 0.2669093133881688 0.5076924692839384 0.020503545179963112 0.04091593250632286
0 0.3215306047350168 0.5960467457771301 0.04762010648846626 0.12625384330749512
