0 0.3956231828778982 0.5232186391949654 0.05519444867968559 0.16310514509677887
0 0.9648766275495291 0.4466322436928749 0.04302329942584038 0.1383204609155655
0 0.4464952889829874 0.6253012046217918 0.037383366376161575 0.20871560275554657
0 0.3194456398487091 0.3256988413631916 0.021693944931030273 0.08482829481363297
0 0.27194681763648987 0.3008737377822399 0.0291062593460083 0.06983479112386703
0 0.3811245206743479 0.3306427113711834 0.022525716572999954 0.08868857473134995
0 0.5306511297821999 0.5380342453718185 0.07855720818042755 0.27094486355781555
0 0.0642565619200468 0.3145854324102402 0.01873902603983879 0.07622644305229187
0 0.5078214760869741 0.41995983198285103 0.03859062120318413 0.11946932226419449
0 0.0889153378084302 0.3144979812204838 0.03001081384718418 0.08611441403627396
0 0.4897190211340785 0.3043512590229511 0.023599958047270775 0.07048062235116959
0 0.9934958694502711 0.35817163437604904 0.013006305322051048 0.0952024906873703
0 0.46872388757765293 0.3083770088851452 0.02416710928082466 0.07234736531972885
0 0.4833231810480356 0.3947874680161476 0.028576184064149857 0.09026260673999786
0 0.13672800082713366 0.29020289331674576 0.02157440222799778 0.05701567232608795
0 0.11589987017214298 0.30010904744267464 0.02214609459042549 0.05478189140558243
0 0.1034881784580648 0.2690453538671136 0.011666852049529552 0.023774506524205208
0 0.5202340725809336 0.46391770616173744 0.026436854153871536 0.0755886510014534
