0 0.3766320403665304 0.6222571060061455 0.039522718638181686 0.19182752072811127
0 0.27578561939299107 0.5860225781798363 0.04197268560528755 0.1993926614522934
0 0.634290836751461 0.7615801393985748 0.0627012699842453 0.27605098485946655
0 0.7116398327052593 0.8027097582817078 0.0764404758810997 0.29558491706848145
0 0.6893040183931589 0.37727373093366623 0.02883176878094673 0.08881859481334686
0 0.14302679896354675 0.3944075293838978 0.03266626596450806 0.09817884117364883
0 0.62740533426404 0.43403833359479904 0.03230319172143936 0.19077913463115692
0 0.7492743618786335 0.3573514223098755 0.04312930256128311 0.08004248142242432
0 0.07146734744310379 0.36335547268390656 0.04029729962348938 0.07603123784065247
0 0.10839730128645897 0.3582289181649685 0.03209521621465683 0.06856339424848557
0 0.2333227191120386 0.46734175831079483 0.042502451688051224 0.16889949142932892
0 0.2740622516721487 0.3683535233139992 0.02677745744585991 0.06749625504016876
0 0.2612574934028089 0.33152817841619253 0.011156606487929821 0.029562992975115776
0 0.23099824786186218 0.35053043626248837 0.022834420204162598 0.0414641909301281
0 0.22596545796841383 0.3790203370153904 0.028023814782500267 0.04446393996477127
0 0.2372176256030798 0.3991480451077223 0.04200870916247368 0.050911542028188705
0 0.22900241892784834 0.36550438962876797 0.026973461732268333 0.05510760471224785
0 0.8718029502779245 0.9749247506260872 0.03999071195721626 0.050033822655677795
