0 0.9780819304287434 0.7621968239545822 0.043662168085575104 0.3802872598171234
0 0.19353248178958893 0.44393055886030197 0.05598127841949463 0.1277932971715927
0 0.4626038670539856 0.49401142448186874 0.04070901870727539 0.17248712480068207
0 0.4802559018135071 0.8596440851688385 0.06761026382446289 0.2789672017097473
0 0.7015394568443298 0.9473091401159763 0.0472416877746582 0.10419286042451859
0 0.5636515021324158 0.4834160581231117 0.04411196708679199 0.17505963146686554
0 0.3697114810347557 0.8923529088497162 0.11595658957958221 0.21403545141220093
0 0.5377279631793499 0.49420731514692307 0.03553619235754013 0.17517946660518646
0 0.25700411573052406 0.9322484210133553 0.054593659937381744 0.13550211489200592
0 0.36973708868026733 0.5103408247232437 0.047734856605529785 0.22063866257667542
0 0.3430408714339137 0.3934934064745903 0.01963517628610134 0.10433493554592133
0 0.40986580215394497 0.47374480217695236 0.026781748980283737 0.1405801624059677
0 0.30676099099218845 0.4113774597644806 0.03720908239483833 0.11665403842926025
0 0.3846714738756418 0.3843240551650524 0.03631250932812691 0.07153167575597763
0 0.2575674541294575 0.4272260367870331 0.03796849399805069 0.08784294128417969
0 0.9879185315221548 0.4239002615213394 0.024162959307432175 0.10442903637886047
0 0.27887350879609585 0.41499651223421097 0.028538774698972702 0.08320774137973785
0 0.38697407860308886 0.42712837643921375 0.02403869666159153 0.05059183016419411
