0 0.752403698861599 0.7788743898272514 0.11258916556835175 0.23955510556697845
0 0.5742656476795673 0.6330266892910004 0.0656960979104042 0.15562158823013306
0 0.9157750606536865 0.7583140134811401 0.09950494766235352 0.22194600105285645
0 0.6444271206855774 0.56192597001791 0.04816484451293945 0.12959162890911102
0 0.03199070901609957 0.48911478370428085 0.06036680191755295 0.11327145993709564
0 0.9775777570903301 0.7166637480258942 0.044844530522823334 0.134685218334198
0 0.22782683931291103 0.43338844925165176 0.033420395106077194 0.08273471891880035
0 0.28266383334994316 0.43154554069042206 0.03419008105993271 0.0635199248790741
0 0.34575756825506687 0.4494039788842201 0.034577298909425735 0.09102596342563629
0 0.41455199755728245 0.4493590109050274 0.046707797795534134 0.09968092292547226
0 0.4863089919090271 0.4920661821961403 0.06079745292663574 0.1404905468225479
0 0.5749055035412312 0.4644571840763092 0.05893073230981827 0.112956702709198
0 0.379494434222579 0.45676886662840843 0.029869507998228073 0.07812207192182541
0 0.5799987558275461 0.43353399634361267 0.03591899946331978 0.07921409606933594
0 0.36449251184239984 0.41618176363408566 0.015591693110764027 0.04080204293131828
