0 0.8106817118823528 0.7811015546321869 0.12286724895238876 0.25639230012893677
0 0.6200246810913086 0.6394227668642998 0.06485533714294434 0.13830731809139252
0 0.6542680021375418 0.5795858576893806 0.04937715455889702 0.13814879953861237
0 0.9266929738223553 0.7724881768226624 0.10299529880285263 0.22099041938781738
0 0.01634832874458425 0.6459191106259823 0.03269435092806816 0.11457400768995285
0 0.09690374322235584 0.4938661456108093 0.04809014871716499 0.104267418384552
0 0.4974581841379404 0.5027235820889473 0.06224494054913521 0.15796174108982086
0 0.9687216877937317 0.7031166106462479 0.06232452392578125 0.12206950783729553
0 0.3109474666416645 0.44461579620838165 0.045852161943912506 0.07875463366508484
0 0.24797047674655914 0.4452586844563484 0.03333842754364014 0.09292657673358917
0 0.04063643142580986 0.491965401917696 0.049265868961811066 0.09322348982095718
0 0.4296247065067291 0.4584905095398426 0.042464256286621094 0.10052172094583511
0 0.3947216160595417 0.4520835801959038 0.045516110956668854 0.09324942529201508
0 0.35991597175598145 0.4561202749609947 0.03452146053314209 0.08736203610897064
0 0.5666440613567829 0.4705790802836418 0.0524357333779335 0.1346897929906845
0 0.5351065993309021 0.4359039105474949 0.022388219833374023 0.07746297866106033
