0 0.3670773506164551 0.5780219957232475 0.0437244176864624 0.1774415820837021
0 0.5819909814745188 0.7217343300580978 0.05340414121747017 0.2832162082195282
0 0.6456929091364145 0.6919944286346436 0.04556875303387642 0.22182536125183105
0 0.36101115494966507 0.8337420076131821 0.07499058544635773 0.3273756206035614
0 0.29512612149119377 0.519931435585022 0.04310276359319687 0.15848451852798462
0 0.7204032428562641 0.9215247482061386 0.0602174773812294 0.15685805678367615
0 0.766433572396636 0.3597711846232414 0.029663991183042526 0.08017294108867645
0 0.6919000623747706 0.43379367887973785 0.0278914924710989 0.11709383130073547
0 0.2778480527922511 0.3472115695476532 0.019939636811614037 0.07429921627044678
0 0.31374611891806126 0.3388499803841114 0.027341175824403763 0.08521423488855362
0 0.1021091379225254 0.3459397777915001 0.04072681814432144 0.07113240659236908
0 0.2643351797014475 0.4483523331582546 0.02984027937054634 0.10685717314481735
0 0.17050784453749657 0.37731729075312614 0.03200950473546982 0.08554526418447495
0 0.6913399696350098 0.37486565113067627 0.02639603614807129 0.06977307796478271
0 0.24437790550291538 0.39203254878520966 0.03612415865063667 0.08836796879768372
0 0.8248865846544504 0.3619735985994339 0.04895906522870064 0.07300105690956116
0 0.13427035231143236 0.34135241992771626 0.027312958613038063 0.05513468757271767
0 0.8285242673009634 0.3408490866422653 0.04017133638262749 0.06776413321495056
0 0.25556103605777025 0.3809574022889137 0.02315511740744114 0.06084336340427399
