0 0.49780236929655075 0.668751947581768 0.07614760100841522 0.21194694936275482
0 0.314306627959013 0.6562282517552376 0.04364302009344101 0.23821605741977692
0 0.6701512113213539 0.9228204488754272 0.06369419395923615 0.15435147285461426
0 0.7805090434849262 0.8501579314470291 0.11138234287500381 0.29531314969062805
0 0.16402581334114075 0.4245118983089924 0.048237740993499756 0.09602449089288712
0 0.8450675122439861 0.8610590100288391 0.11364497989416122 0.2770136594772339
0 0.6299521327018738 0.3827853500843048 0.03324747085571289 0.08706188201904297
0 0.5685901045799255 0.39969490468502045 0.03181338310241699 0.08253970742225647
0 0.6786457784473896 0.36244015023112297 0.03405175358057022 0.0771239623427391
0 0.5787474159151316 0.4778151623904705 0.03395228460431099 0.11540891975164413
0 0.2597702033817768 0.5258512645959854 0.042013980448246 0.15339508652687073
0 0.2134872917085886 0.3885529115796089 0.028228867799043655 0.06701083481311798
0 0.11100991256535053 0.37835418060421944 0.03724478557705879 0.07130328565835953
0 0.26141685619950294 0.3699685297906399 0.039423443377017975 0.07794969528913498
0 0.06815029680728912 0.3765161372721195 0.038403041660785675 0.0662837103009224
0 0.2589196749031544 0.43585043773055077 0.043013907968997955 0.08642374724149704
0 0.2872559782117605 0.42220087349414825 0.04923279210925102 0.07927724719047546
0 0.2606206238269806 0.4661397933959961 0.04364311695098877 0.06421792507171631
0 0.3189330454915762 0.568856755271554 0.015682410448789597 0.060571033507585526
