0 0.36669548228383064 0.7073987871408463 0.049721695482730865 0.23223045468330383
0 0.05450514703989029 0.609330914914608 0.07559502124786377 0.18882255256175995
0 0.20140932500362396 0.7716716974973679 0.06682908535003662 0.29700371623039246
0 0.2800887171179056 0.6497454568743706 0.04999833181500435 0.22263310849666595
0 0.4492626544088125 0.6571241915225983 0.044159602373838425 0.25475603342056274
0 0.25974925234913826 0.5135649368166924 0.05935034900903702 0.14578883349895477
0 0.3219060003757477 0.6486704647541046 0.03904092311859131 0.23002535104751587
0 0.1267940253019333 0.5545317009091377 0.04145777225494385 0.09315456449985504
0 0.15893508214503527 0.5351049527525902 0.028140271082520485 0.14304445683956146
0 0.4188529308885336 0.6696468740701675 0.036431264132261276 0.2284347116947174
0 0.20541313849389553 0.559187076985836 0.04027188941836357 0.13970349729061127
0 0.18949179910123348 0.516260776668787 0.037472378462553024 0.061984844505786896
0 0.20030926447361708 0.47303200140595436 0.023329054936766624 0.049782223999500275
0 0.21309232711791992 0.49919815361499786 0.019601821899414062 0.056641727685928345
0 0.193751385435462 0.5000783782452345 0.04164470359683037 0.06216299161314964
0 0.13908121269196272 0.4943388160318136 0.0151198860257864 0.05013800784945488
