0 0.26966738142073154 0.4980294853448868 0.034209538251161575 0.10270741581916809
0 0.20771410502493382 0.5247467719018459 0.0381501205265522 0.10977863520383835
0 0.022298607975244522 0.710976205766201 0.044597215950489044 0.16549436748027802
0 0.1541098766028881 0.6934317573904991 0.05776151269674301 0.1897989958524704
0 0.12805050238966942 0.6155944839119911 0.04830745607614517 0.14957745373249054
0 0.6236641649156809 0.5128994733095169 0.02539520338177681 0.13120600581169128
0 0.31682999059557915 0.4526752755045891 0.03468170017004013 0.08449016511440277
0 0.4991232752799988 0.5715012922883034 0.02951216697692871 0.13826806843280792
0 0.35071500577032566 0.41716238483786583 0.025980282574892044 0.07782834023237228
0 0.5447153802961111 0.5283345729112625 0.02154536172747612 0.1160760223865509
0 0.4643561067059636 0.5231529772281647 0.022858286276459694 0.13155215978622437
0 0.5057744206860662 0.4563036076724529 0.017535829916596413 0.06854154914617538
0 0.48119287472218275 0.45799000188708305 0.023930644616484642 0.07629784196615219
0 0.5587589265778661 0.46085766702890396 0.018754148855805397 0.06750382483005524
0 0.487912654876709 0.47528089955449104 0.032221317291259766 0.05204293876886368
