0 0.799087643623352 0.6090560406446457 0.059812068939208984 0.2552182376384735
0 0.5341562144458294 0.6071604639291763 0.0723668560385704 0.26732829213142395
0 0.8891172520816326 0.4956410303711891 0.04332771152257919 0.20007528364658356
0 0.8547022342681885 0.4865651950240135 0.03642129898071289 0.17984114587306976
0 0.6739385835826397 0.5462326109409332 0.05174507945775986 0.180342435836792
0 0.6160631664097309 0.6083712577819824 0.0832742229104042 0.24847131967544556
0 0.694090616889298 0.3523153029382229 0.029657745733857155 0.10120605677366257
0 0.5960864899680018 0.35379184409976006 0.02299509011209011 0.08243437856435776
0 0.7224881891161203 0.36038101091980934 0.027681637555360794 0.06970895081758499
0 0.5416170712560415 0.37496693432331085 0.03070349618792534 0.11572214961051941
0 0.519377994351089 0.350090853869915 0.028026437386870384 0.07439462840557098
0 0.49194579757750034 0.3055451177060604 0.019914913922548294 0.05247168987989426
0 0.4585019648075104 0.30746589228510857 0.01948261260986328 0.055223189294338226
0 0.5815337300300598 0.33588121086359024 0.024457454681396484 0.08451928198337555
0 0.3890451965853572 0.33055487647652626 0.029442762956023216 0.0628514364361763
0 0.4126352071762085 0.32381708174943924 0.030098795890808105 0.07588250935077667
0 0.43781126104295254 0.31181685999035835 0.027821969240903854 0.052410103380680084
0 0.5245738746598363 0.2945718839764595 0.02237858809530735 0.05034758150577545
0 0.49702327232807875 0.2761198813095689 0.013145780190825462 0.027735816314816475
0 0.7122078184038401 0.3109612260013819 0.019724655896425247 0.037427861243486404
0 0.537639451213181 0.3106685867533088 0.01126565970480442 0.028766272589564323
