0 0.02205028384923935 0.6794588752090931 0.0441005676984787 0.11726752668619156
0 0.15429759956896305 0.6730041652917862 0.05520092323422432 0.1733187735080719
0 0.1989999059587717 0.5432519726455212 0.04079030826687813 0.12494667619466782
0 0.2577747218310833 0.5119779296219349 0.038660310208797455 0.10237876325845718
0 0.12910776399075985 0.6129134371876717 0.05003495141863823 0.1499471813440323
0 0.5997568611055613 0.5181124061346054 0.02515869215130806 0.14312705397605896
0 0.49416781682521105 0.47648790292441845 0.01794877089560032 0.05965101346373558
0 0.5266233924776316 0.529219463467598 0.03228621557354927 0.14907386898994446
0 0.3130144663155079 0.4624900184571743 0.04727468639612198 0.09947513788938522
0 0.4569561071693897 0.5842574238777161 0.04944811016321182 0.14678823947906494
0 0.4645141903311014 0.4747379906475544 0.03241925314068794 0.08131370693445206
0 0.5340801598504186 0.4721651878207922 0.020621920004487038 0.04585651680827141
0 0.45620791986584663 0.5151069238781929 0.04633031040430069 0.12148912250995636
