0 0.3983898274600506 0.5266115143895149 0.053156159818172455 0.17201627790927887
0 0.971286129206419 0.4452308639883995 0.04038562625646591 0.13503359258174896
0 0.3232191503047943 0.32662708312273026 0.022945880889892578 0.08578671514987946
0 0.4441620949655771 0.6094779893755913 0.039415646344423294 0.18346892297267914
0 0.2757530752569437 0.3013257421553135 0.030373502522706985 0.06776053458452225
0 0.38380109053105116 0.3260014280676842 0.023308610543608665 0.08829502761363983
0 0.4713305588811636 0.3118603974580765 0.02409191057085991 0.073415607213974
0 0.5553078651428223 0.47815069556236267 0.0353853702545166 0.15415340662002563
0 0.4930280325934291 0.3089581113308668 0.023840999230742455 0.0511893592774868
0 0.5114078521728516 0.5619778484106064 0.044565677642822266 0.18937072157859802
0 0.4904291210696101 0.37404121831059456 0.02886066399514675 0.07409790903329849
0 0.5120953675359488 0.4253722280263901 0.044287871569395065 0.1362685263156891
0 0.07000534422695637 0.3118230141699314 0.01953919604420662 0.07171709090471268
0 0.5314179304987192 0.5073035359382629 0.03709821775555611 0.08645087480545044
0 0.09511453844606876 0.31191252171993256 0.03022639825940132 0.0640282928943634
0 0.12092941999435425 0.2951165959239006 0.020223498344421387 0.0423387736082077
0 0.1431054649874568 0.2905280143022537 0.02129737101495266 0.05837264657020569
0 0.089169108774513 0.279223307967186 0.015115159563720226 0.026812702417373657
0 0.48609566083177924 0.27747944090515375 0.010578918270766735 0.02432793565094471
