0 0.08455680124461651 0.668640062212944 0.05166194960474968 0.18217739462852478
0 0.22984984517097473 0.6353807970881462 0.04178309440612793 0.18709038197994232
0 0.7409602627158165 0.6981772035360336 0.07214979827404022 0.19727346301078796
0 0.7169977314770222 0.5797325186431408 0.05675540119409561 0.10632141679525375
0 0.12193790450692177 0.585617907345295 0.03365049511194229 0.1457381397485733
0 0.9581715352833271 0.7270216643810272 0.08365688472986221 0.16266018152236938
0 0.8971654660999775 0.715391531586647 0.08433017879724503 0.18153753876686096
0 0.2849504593759775 0.541935108602047 0.03880446031689644 0.08270077407360077
0 0.5246497392654419 0.5190797038376331 0.04325437545776367 0.10905901342630386
0 0.3612310402095318 0.4503130204975605 0.037261150777339935 0.08347193151712418
0 0.24598132353276014 0.5210481211543083 0.028212999925017357 0.06528477370738983
0 0.17187689803540707 0.5838853716850281 0.03920985385775566 0.18201345205307007
0 0.44137437269091606 0.4964170977473259 0.03380122035741806 0.12060008943080902
0 0.463722956366837 0.5046559162437916 0.02816333808004856 0.09266594797372818
0 0.542169963940978 0.45889855176210403 0.04955406114459038 0.07753236591815948
0 0.39856467209756374 0.4502499829977751 0.03971130773425102 0.05733659490942955
0 0.2308496804907918 0.47528666630387306 0.01759650744497776 0.04234326630830765
0 0.4104992989450693 0.4737442880868912 0.03424792364239693 0.0749904215335846
0 0.9581464044749737 0.6810406744480133 0.08370723575353622 0.10364371538162231
0 0.41644963063299656 0.49175097048282623 0.02719740942120552 0.07975658774375916
0 0.9534002067521214 0.648511691018939 0.026380443945527077 0.057361092418432236
0 0.5098463892936707 0.4277727045118809 0.0257720947265625 0.07805455476045609
0 0.5116622801870108 0.4537648558616638 0.024565409868955612 0.08805084228515625
