0 0.1395462155342102 0.7979277819395065 0.07279574871063232 0.24911269545555115
0 0.19881389662623405 0.8736207038164139 0.065699003636837 0.2518520653247833
0 0.275745814666152 0.7347546070814133 0.05344684049487114 0.2727089822292328
0 0.32628097012639046 0.7037362456321716 0.04815266281366348 0.2096647024154663
0 0.1368449367582798 0.5977490991353989 0.042099811136722565 0.14263686537742615
0 0.18910716846585274 0.5774920806288719 0.04615906625986099 0.12039642035961151
0 0.2329493761062622 0.6837842389941216 0.04216122627258301 0.1500476449728012
0 0.06350324302911758 0.7020334750413895 0.08467861264944077 0.2721140682697296
0 0.027409024069811494 0.6237480789422989 0.05481439083814621 0.12715449929237366
0 0.021400876343250275 0.6645160168409348 0.04280175268650055 0.10900256037712097
