0 0.29314110800623894 0.7331479117274284 0.06809892505407333 0.20715557038784027
0 0.4341405276209116 0.6070754751563072 0.04188542440533638 0.16392330825328827
0 0.12513338029384613 0.6702981442213058 0.06571078300476074 0.21786078810691833
0 0.09310595504939556 0.6077357232570648 0.052183132618665695 0.14369040727615356
0 0.18061603978276253 0.5682220458984375 0.05067984014749527 0.11805474758148193
0 0.2779823951423168 0.510637242347002 0.03418531268835068 0.09499994665384293
0 0.24162181001156569 0.5284367129206657 0.031139111146330833 0.09446500241756439
0 0.37204624339938164 0.6116864681243896 0.05487062782049179 0.166037917137146
0 0.3002481460571289 0.6016365140676498 0.05400800704956055 0.15002712607383728
0 0.32709801755845547 0.5485179834067822 0.040786098688840866 0.08724793046712875
0 0.37035670317709446 0.5385464206337929 0.031169701367616653 0.08669306337833405
0 0.38517045974731445 0.5441747009754181 0.030385971069335938 0.09824812412261963
