0 0.7384532913565636 0.6631804406642914 0.06295113265514374 0.18209606409072876
0 0.8889192342758179 0.6975034177303314 0.07403993606567383 0.18631845712661743
0 0.01697368577879388 0.569377675652504 0.033765144646167755 0.14053115248680115
0 0.7521000746637583 0.5984789654612541 0.05741124227643013 0.13810335099697113
0 0.20003551617264748 0.6653394475579262 0.061000265181064606 0.16346104443073273
0 0.2877399679273367 0.6189025565981865 0.037631940096616745 0.16482387483119965
0 0.18877758644521236 0.5676339641213417 0.0393335334956646 0.1077466756105423
0 0.9570497497916222 0.7105492502450943 0.08451442420482635 0.16685906052589417
0 0.539642596617341 0.5168449133634567 0.030262518674135208 0.11262491345405579
0 0.32088295742869377 0.5361308231949806 0.031273387372493744 0.12469448149204254
0 0.406590199097991 0.44868630915880203 0.037711095064878464 0.08755739033222198
0 0.23812423273921013 0.5952329635620117 0.046979449689388275 0.14683210849761963
0 0.5734945051372051 0.4574644938111305 0.03741016238927841 0.07796694338321686
0 0.9662824496626854 0.6685254648327827 0.06743507087230682 0.142280712723732
0 0.4948873408138752 0.4946257323026657 0.040183402597904205 0.1184299886226654
0 0.4728860557079315 0.506102692335844 0.029527902603149414 0.08389159291982651
0 0.29389779549092054 0.5137968473136425 0.024718498811125755 0.0516062006354332
0 0.44344422221183777 0.48055604845285416 0.03056645393371582 0.11918635666370392
0 0.5366061814129353 0.4492533281445503 0.042618848383426666 0.08246417343616486
0 0.4589885529130697 0.4500442147254944 0.018414925783872604 0.041235268115997314
0 0.28876320645213127 0.556849017739296 0.03722503036260605 0.058983951807022095
0 0.2930708946660161 0.49325957894325256 0.0237367395311594 0.06647461652755737
0 0.554774546995759 0.44309791922569275 0.03172354772686958 0.04999512434005737
0 0.22692611534148455 0.5224409997463226 0.025864029303193092 0.07362395524978638
