0 0.10085751488804817 0.6749982237815857 0.052519239485263824 0.18686795234680176
0 0.7336332574486732 0.6574146300554276 0.07834453880786896 0.2545870840549469
0 0.8973365649580956 0.7157500386238098 0.08369235694408417 0.1847928762435913
0 0.2379866000264883 0.622391365468502 0.04036552831530571 0.16899685561656952
0 0.13196962140500546 0.5813069343566895 0.0324753038585186 0.1376171112060547
0 0.5264488216489553 0.5241832509636879 0.0400814525783062 0.10503984987735748
0 0.25403544027358294 0.5165801234543324 0.031122947111725807 0.06549958139657974
0 0.5490694995969534 0.4601610042154789 0.04712338373064995 0.07815314084291458
0 0.9628561027348042 0.726224459707737 0.07420406490564346 0.16200049221515656
0 0.18246866762638092 0.578464962542057 0.041036903858184814 0.18516315519809723
0 0.29363976046442986 0.5362601093947887 0.038182638585567474 0.12190505117177963
0 0.4678293587639928 0.5063419826328754 0.03024878539144993 0.08550707250833511
0 0.3683528359979391 0.4441668763756752 0.03319353982806206 0.06963975727558136
0 0.5151932714506984 0.4456588849425316 0.029306983575224876 0.10679160058498383
0 0.42252780217677355 0.5008680485188961 0.024823332205414772 0.06856875866651535
0 0.4006822817027569 0.45059434324502945 0.040561698377132416 0.05179430544376373
0 0.978084409609437 0.6772047095000744 0.04383115842938423 0.09887441247701645
0 0.2386716096661985 0.4743492230772972 0.011933851055800915 0.03576384484767914
0 0.44538537226617336 0.4907728061079979 0.026317548006772995 0.11257879436016083
0 0.9398669712245464 0.6571905761957169 0.048511408269405365 0.07322481274604797
0 0.5333175901323557 0.45171689987182617 0.032852936536073685 0.06588685512542725
