0 0.22044426575303078 0.5338103547692299 0.04381028562784195 0.1330275684595108
0 0.14756330475211143 0.6806876212358475 0.05200108140707016 0.1604999601840973
0 0.28056356869637966 0.49888989701867104 0.03485603258013725 0.10569865256547928
0 0.12478627823293209 0.6258157715201378 0.05171085521578789 0.1669025868177414
0 0.021551117300987244 0.7260623872280121 0.04310223460197449 0.16459935903549194
0 0.6376199368387461 0.506681963801384 0.02707676962018013 0.14124789834022522
0 0.5193650722503662 0.561388723552227 0.02744770050048828 0.13362155854701996
0 0.33373513258993626 0.44235601648688316 0.03021388128399849 0.08555882424116135
0 0.47141796350479126 0.5104058645665646 0.02482295036315918 0.12067269533872604
0 0.3654243592172861 0.4258174207061529 0.021854806691408157 0.0517180971801281
0 0.558566128835082 0.5315852500498295 0.021205615252256393 0.08297038823366165
0 0.4883378865197301 0.4453042447566986 0.024309301748871803 0.061918556690216064
0 0.5658637760207057 0.43940363079309464 0.01795492134988308 0.07027550041675568
0 0.5121618509292603 0.4473612941801548 0.015685319900512695 0.04582960158586502
