0 0.8010185956954956 0.7316160947084427 0.06785321235656738 0.3437556326389313
0 0.43796899169683456 0.7308030724525452 0.08206503093242645 0.3472409248352051
0 0.8606291301548481 0.5504814758896828 0.045162297785282135 0.23196949064731598
0 0.9060575123876333 0.5600324124097824 0.05265016481280327 0.2416476309299469
0 0.615183163434267 0.6304934769868851 0.04971680790185928 0.2539142668247223
0 0.543929373845458 0.38722729682922363 0.03503723070025444 0.12151497602462769
0 0.32777119241654873 0.35457300767302513 0.03879077360033989 0.0935782715678215
0 0.5562239401042461 0.7305667698383331 0.08444919437170029 0.36366432905197144
0 0.6617787834256887 0.3854767605662346 0.03547520563006401 0.13688914477825165
0 0.6363366721197963 0.3843699283897877 0.027840709313750267 0.1175171509385109
0 0.4424678925424814 0.3209644481539726 0.01869945600628853 0.07718764245510101
0 0.5283674001693726 0.7265946865081787 0.052506446838378906 0.35136163234710693
0 0.3787921965122223 0.3409388139843941 0.03959214687347412 0.09065623581409454
0 0.4884241931140423 0.4247070476412773 0.03750171512365341 0.12763850390911102
0 0.4056536201387644 0.32739197835326195 0.025950241833925247 0.07801073044538498
0 0.48209189157932997 0.31167740374803543 0.028104638680815697 0.06562484800815582
0 0.4685131125152111 0.3814655691385269 0.034386537969112396 0.07713809609413147
0 0.4902836624532938 0.3406662978231907 0.039893198758363724 0.10006881505250931
0 0.4699466172605753 0.3506529740989208 0.03670864179730415 0.10595544427633286
