0 0.47912291437387466 0.6703736484050751 0.06743712723255157 0.2145032286643982
0 0.30568132922053337 0.6266570836305618 0.0429544672369957 0.1951768696308136
0 0.8254866003990173 0.8620888739824295 0.10410261154174805 0.27581217885017395
0 0.7598189488053322 0.8515379279851913 0.11371226608753204 0.29611584544181824
0 0.15701887384057045 0.4246274419128895 0.04519609361886978 0.10275522619485855
0 0.6409748792648315 0.9216153100132942 0.0654001235961914 0.15675939619541168
0 0.6869081370532513 0.3674130402505398 0.03468742221593857 0.08984171599149704
0 0.25586227513849735 0.516395129263401 0.037996698170900345 0.1412080079317093
0 0.5814632652327418 0.46865807473659515 0.031031226739287376 0.11221262812614441
0 0.6386239770799875 0.3923158161342144 0.029587794095277786 0.05737783759832382
0 0.5724226357415318 0.385769747197628 0.03043999709188938 0.06602422893047333
0 0.21345936693251133 0.38616346940398216 0.028519321233034134 0.06634991616010666
0 0.06543352827429771 0.37785377725958824 0.04053247720003128 0.08697687834501266
0 0.10815605521202087 0.3703731968998909 0.033588796854019165 0.05488450825214386
0 0.278963977470994 0.42296865209937096 0.04565410688519478 0.08348511904478073
0 0.2516549378633499 0.44377340748906136 0.04891324043273926 0.08521906286478043
0 0.2632100582122803 0.37184630148112774 0.025828957557678223 0.034698572009801865
0 0.6248806356452405 0.3538918513804674 0.012108850292861462 0.034644488245248795
0 0.24748231749981642 0.346352556720376 0.014837002381682396 0.03498299792408943
