0 0.4249156769365072 0.5362822785973549 0.05380089208483696 0.21232087910175323
0 0.3546617152169347 0.3246002681553364 0.02472367323935032 0.09041968733072281
0 0.4947970751672983 0.5297858715057373 0.0507238395512104 0.23989969491958618
0 0.40968263149261475 0.32514820992946625 0.03060328960418701 0.08405891060829163
0 0.3104592263698578 0.2983982227742672 0.027788162231445312 0.06857889145612717
0 0.5688864476978779 0.44244735687971115 0.04002366214990616 0.1999668926000595
0 0.5416164873167872 0.38427741825580597 0.030922269448637962 0.10146573185920715
0 0.12165480572730303 0.3074272386729717 0.019152605906128883 0.07415582984685898
0 0.5030495766550303 0.30807415023446083 0.022341538220643997 0.06382889300584793
0 0.5276696924120188 0.3132343366742134 0.02480487897992134 0.05571325123310089
0 0.14801275730133057 0.31118448451161385 0.02634584903717041 0.08648804575204849
0 0.19758249539881945 0.2818208932876587 0.015022480860352516 0.055776894092559814
0 0.17024842463433743 0.285331666469574 0.03336675092577934 0.05087214708328247
0 0.16201129276305437 0.28029849007725716 0.022195780649781227 0.05757901817560196
