0 0.41290364786982536 0.5237488746643066 0.05242135375738144 0.17783164978027344
0 0.5666135549545288 0.47828689217567444 0.03285980224609375 0.15863710641860962
0 0.5004811584949493 0.5623603016138077 0.04658818244934082 0.21859046816825867
0 0.4359528310596943 0.5930671542882919 0.03686080127954483 0.18996259570121765
0 0.2961380183696747 0.29935023933649063 0.032723188400268555 0.06856782734394073
0 0.33907305635511875 0.32445841655135155 0.023118186742067337 0.08865117281675339
0 0.3983547631651163 0.3252413086593151 0.023877430707216263 0.0793771967291832
0 0.5114974677562714 0.31311872601509094 0.027432680130004883 0.055349647998809814
0 0.48757678270339966 0.3041711188852787 0.020000457763671875 0.0636744573712349
0 0.5449867732822895 0.39968497306108475 0.03457794338464737 0.1083347350358963
0 0.17339065950363874 0.28300891071558 0.019258057698607445 0.0601666122674942
0 0.5094134453684092 0.4879670552909374 0.03541092947125435 0.10108604282140732
0 0.09866051841527224 0.30868295580148697 0.020229840651154518 0.07277168333530426
0 0.12500155437737703 0.32050489261746407 0.027151549234986305 0.07457790523767471
0 0.51810622215271 0.39417873695492744 0.029761075973510742 0.07546166330575943
0 0.12192332465201616 0.30200385116040707 0.02503296174108982 0.05686984583735466
0 0.1452788356691599 0.2900808807462454 0.021447766572237015 0.0458490364253521
0 0.5261343480087817 0.3488713726401329 0.014817667193710804 0.042661115527153015
