0 0.3622011784464121 0.5898013412952423 0.040392447263002396 0.19330888986587524
0 0.3777952790260315 0.8395571559667587 0.07058024406433105 0.32088562846183777
0 0.589363431558013 0.7397004663944244 0.052893828600645065 0.3151528239250183
0 0.28885043784976006 0.5459830686450005 0.042493246495723724 0.1858852356672287
0 0.6592988725751638 0.7245815396308899 0.05594749376177788 0.2596064805984497
0 0.7486230134963989 0.3719150833785534 0.029650449752807617 0.09614600986242294
0 0.09454980678856373 0.34714480862021446 0.03735717013478279 0.06836240738630295
0 0.677875280380249 0.4202341288328171 0.029906511306762695 0.18014129996299744
0 0.16387564316391945 0.37511877343058586 0.03370652347803116 0.08659269660711288
0 0.3054621694609523 0.342737652361393 0.031009649857878685 0.08078630268573761
0 0.745781946927309 0.9352399036288261 0.05216536670923233 0.12952016294002533
0 0.12697226274758577 0.34056634828448296 0.027667129412293434 0.06942566484212875
0 0.24755995348095894 0.43389200419187546 0.048661328852176666 0.16975347697734833
0 0.8089532144367695 0.3485307916998863 0.04816184192895889 0.07799826562404633
0 0.2664718981832266 0.34253865480422974 0.019344519823789597 0.06813400983810425
0 0.8007806893438101 0.3654976487159729 0.03294558450579643 0.06815183162689209
