0 0.8523145318031311 0.763791486620903 0.09952116012573242 0.22681578993797302
0 0.6819066293537617 0.6936754509806633 0.07534632831811905 0.1612151712179184
0 0.2759642545133829 0.44922561943531036 0.04234342649579048 0.0772077739238739
0 0.9517862573266029 0.6907864063978195 0.08803625404834747 0.13674232363700867
0 0.6626165397465229 0.5799601413309574 0.05311260372400284 0.10790485888719559
0 0.49129995703697205 0.525939829647541 0.050942420959472656 0.11282844841480255
0 0.106219831854105 0.6330872029066086 0.05253715068101883 0.1570816934108734
0 0.9384215846657753 0.7666594460606575 0.10345335304737091 0.20784343779087067
0 0.17293886467814445 0.5254775211215019 0.05521317571401596 0.11470167338848114
0 0.039939976297318935 0.5952022895216942 0.06720317900180817 0.19173286855220795
0 0.3407762534916401 0.4498658925294876 0.0323626771569252 0.060593754053115845
0 0.444386494345963 0.4870327115058899 0.026172781363129616 0.08386743068695068
0 0.12544705718755722 0.5045024305582047 0.04647541046142578 0.09465387463569641
0 0.37235150299966335 0.4799020439386368 0.03588838502764702 0.09950205683708191
0 0.5272258166223764 0.46932035870850086 0.031231451779603958 0.06104028597474098
0 0.3980952799320221 0.4758280962705612 0.03603208065032959 0.09797808527946472
0 0.4951332211494446 0.458941962569952 0.03863239288330078 0.06724917143583298
0 0.42221157532185316 0.4716501459479332 0.030988072976469994 0.10049031674861908
0 0.3867474915459752 0.44151696749031544 0.01657118834555149 0.03980899229645729
0 0.5021095331758261 0.4375234078615904 0.03420562669634819 0.05661972984671593
