0 0.14621542766690254 0.710433192551136 0.05456087738275528 0.19932891428470612
0 0.6409820914268494 0.509029433131218 0.027390003204345703 0.13713988661766052
0 0.0189582175275973 0.7012007981538773 0.037901800125837326 0.12129643559455872
0 0.2852963451296091 0.4930291213095188 0.0350448377430439 0.10307324677705765
0 0.12457125261425972 0.620377853512764 0.05174016207456589 0.15464451909065247
0 0.22281764075160027 0.5224616192281246 0.047417543828487396 0.1143374964594841
0 0.33882515504956245 0.4414979815483093 0.032404281198978424 0.07909524440765381
0 0.3722235858440399 0.4204541463404894 0.020887374877929688 0.05976617708802223
0 0.522875165566802 0.5573803633451462 0.028482865542173386 0.12649676203727722
0 0.47325209341943264 0.5275435671210289 0.02427835389971733 0.13796518743038177
0 0.5619491580873728 0.5119927152991295 0.02423100546002388 0.11262135207653046
0 0.4908372163772583 0.4567604623734951 0.02496933937072754 0.0823550745844841
0 0.5134774446487427 0.45197590813040733 0.01813793182373047 0.05088793486356735
0 0.567726731300354 0.43809501826763153 0.016447782516479492 0.06727930903434753
