0 0.22857243195176125 0.7912582159042358 0.06695721298456192 0.20750045776367188
0 0.3930133040994406 0.6437538117170334 0.03921372815966606 0.16216859221458435
0 0.10360128059983253 0.6887116953730583 0.09314177930355072 0.2329462617635727
0 0.3223766330629587 0.6579566299915314 0.049695540219545364 0.15877753496170044
0 0.20783273503184319 0.5669010542333126 0.04340317100286484 0.1215009018778801
0 0.06915824301540852 0.611663993448019 0.054570723325014114 0.11933564394712448
0 0.2819226086139679 0.5906772166490555 0.04014158248901367 0.12513914704322815
0 0.2394656352698803 0.6260757967829704 0.0559784397482872 0.1647920459508896
0 0.14249605126678944 0.5812985673546791 0.05488448217511177 0.09353061020374298
0 0.2640882469713688 0.5305566862225533 0.04820523411035538 0.08808733522891998
0 0.3218307550996542 0.5911563448607922 0.028776954859495163 0.06736823171377182
0 0.25534437596797943 0.5654494613409042 0.032412171363830566 0.08070263266563416
0 0.3354237796738744 0.5428582523018122 0.01457979716360569 0.0460297055542469
