0 0.8074053768068552 0.6268828362226486 0.057381439954042435 0.2749018371105194
0 0.5220678672194481 0.6496959254145622 0.07433180510997772 0.2474597543478012
0 0.8635774366557598 0.5042739734053612 0.04095735400915146 0.2056044191122055
0 0.8996593356132507 0.521807573735714 0.03933906555175781 0.2215707153081894
0 0.633260190486908 0.6231682002544403 0.12821531295776367 0.3282897472381592
0 0.53720582742244 0.38039618358016014 0.030997896566987038 0.1121024414896965
0 0.6889750715345144 0.3572302423417568 0.028478097170591354 0.10664796084165573
0 0.7163975946605206 0.36008958891034126 0.03166045993566513 0.12149170786142349
0 0.5933172944933176 0.37076858803629875 0.024556923657655716 0.0813608393073082
0 0.5802506804466248 0.34484226629137993 0.02303767204284668 0.07400830835103989
0 0.3863224685192108 0.3374249115586281 0.035215139389038086 0.0681573897600174
0 0.4569228468462825 0.31173126213252544 0.02123722992837429 0.06109150871634483
0 0.4892656449228525 0.30851074680685997 0.018449116498231888 0.04810827225446701
0 0.5164789678528905 0.3513723984360695 0.0280167106539011 0.0715874582529068
0 0.5248297452926636 0.29897101782262325 0.024366378784179688 0.04535136744379997
0 0.4356768010184169 0.31255075335502625 0.02653632126748562 0.07747268676757812
0 0.5220237020403147 0.3314931355416775 0.0356936939060688 0.055577151477336884
0 0.6078520296141505 0.5426502786576748 0.02209792099893093 0.07427262514829636
0 0.493758087977767 0.2972192671149969 0.023874234408140182 0.06184546276926994
0 0.4170741196721792 0.30971934273838997 0.03129119798541069 0.06765774637460709
