0 0.2621747963130474 0.7837131023406982 0.0833059772849083 0.36907637119293213
0 0.36849523708224297 0.7150533124804497 0.05014624446630478 0.24536369740962982
0 0.19285843893885612 0.5776995345950127 0.058918796479701996 0.15930812060832977
0 0.0966280847787857 0.8560343384742737 0.10379517078399658 0.28793132305145264
0 0.3215070255100727 0.7531012296676636 0.046337224543094635 0.21779251098632812
0 0.11444175615906715 0.6625687927007675 0.049072615802288055 0.1978900134563446
0 0.0071463934145867825 0.6496906895190477 0.014292786829173565 0.03412378206849098
0 0.05634683929383755 0.6147109121084213 0.05681347846984863 0.17175492644309998
0 0.09397652372717857 0.6095933243632317 0.0581369623541832 0.17574916779994965
0 0.07839974202215672 0.6175565272569656 0.04085801914334297 0.1537417471408844
