0 0.3801018185913563 0.6388272196054459 0.040261007845401764 0.1707794964313507
0 0.21010904386639595 0.785116009414196 0.07403240352869034 0.1904892772436142
0 0.3104485757648945 0.6627554967999458 0.05172095447778702 0.175872340798378
0 0.27171440050005913 0.6271501630544662 0.03962042182683945 0.15895673632621765
0 0.1962326280772686 0.5598256103694439 0.04064979404211044 0.1016245111823082
0 0.24709826707839966 0.5393006131052971 0.04520070552825928 0.10294447839260101
0 0.06383013539016247 0.636478841304779 0.058865737169981 0.15455186367034912
0 0.21268389374017715 0.6964959651231766 0.06714777648448944 0.13643696904182434
0 0.13063398376107216 0.6055480130016804 0.05421461910009384 0.1166372075676918
0 0.08708376437425613 0.7259868234395981 0.07934420555830002 0.16251322627067566
0 0.19441647455096245 0.599747883155942 0.03680761903524399 0.05247137323021889
0 0.21810302510857582 0.6384524554014206 0.056873954832553864 0.12619659304618835
0 0.09541555121541023 0.6225163899362087 0.08027511090040207 0.12232326716184616
0 0.24187465384602547 0.5643106438219547 0.03600475937128067 0.07678646594285965
0 0.314510190859437 0.5929298587143421 0.04676776006817818 0.11362830549478531
