0 0.18163073621690273 0.8646547198295593 0.059324394911527634 0.2600053548812866
0 0.335404384881258 0.6963768526911736 0.05833444744348526 0.20711944997310638
0 0.15242251195013523 0.5933839604258537 0.04842739179730415 0.12884126603603363
0 0.060823775827884674 0.6955460458993912 0.1002168282866478 0.26179686188697815
0 0.17099187709391117 0.7174238562583923 0.05394517257809639 0.22317564487457275
0 0.27919117733836174 0.7031330019235611 0.05907776206731796 0.26645341515541077
0 0.2034892588853836 0.583738774061203 0.053016841411590576 0.1434512734413147
0 0.24310842156410217 0.6406384482979774 0.043721914291381836 0.13254673779010773
0 0.05340144596993923 0.5989284217357635 0.029145728796720505 0.06388694047927856
0 0.19607890583574772 0.6203417591750622 0.03892390802502632 0.10916586965322495
0 0.02340784901753068 0.6472016088664532 0.042518239468336105 0.061080001294612885
0 0.10169213730841875 0.5948513448238373 0.02513020671904087 0.065296471118927
0 0.2846309896558523 0.5971636567264795 0.02074296399950981 0.04969974234700203
