0 0.7477850429713726 0.5549884214997292 0.06394638866186142 0.21825213730335236
0 0.5345136150717735 0.5602654218673706 0.06547383964061737 0.23790812492370605
0 0.83901790343225 0.45744065195322037 0.03558511659502983 0.17609812319278717
0 0.809551727026701 0.45351656526327133 0.03947295993566513 0.16630981862545013
0 0.6000788807868958 0.5787434726953506 0.07175230979919434 0.23034438490867615
0 0.5777819873765111 0.3462558574974537 0.022393131628632545 0.08208367973566055
0 0.6483787894248962 0.5045943483710289 0.0437624454498291 0.1513281911611557
0 0.6979622598737478 0.3327142484486103 0.03412647172808647 0.10179386287927628
0 0.5236005187034607 0.3635687977075577 0.025118589401245117 0.11014381051063538
0 0.499951446428895 0.33379118144512177 0.02936701849102974 0.07244035601615906
0 0.6753999479115009 0.33592215925455093 0.033144332468509674 0.09171314537525177
0 0.37084012012928724 0.3179631307721138 0.03039715252816677 0.07924522459506989
0 0.46141952835023403 0.29422699473798275 0.015673350542783737 0.041121166199445724
0 0.5510022402741015 0.32103798165917397 0.015171241946518421 0.06833726912736893
0 0.3860856592655182 0.3156678192317486 0.02864217758178711 0.07568969577550888
0 0.5799102429300547 0.5266135968267918 0.048233795911073685 0.11870867758989334
0 0.43121143616735935 0.2951794546097517 0.019690323621034622 0.06164228543639183
0 0.4931437848135829 0.28523843362927437 0.019782161340117455 0.039134301245212555
0 0.410641741938889 0.3043260108679533 0.02880539931356907 0.05690458044409752
0 0.46772000193595886 0.26738850120455027 0.011008501052856445 0.025288837030529976
0 0.4168621180579066 0.2957768030464649 0.022591209039092064 0.06529418379068375
0 0.5006977440789342 0.30670440569519997 0.027400875464081764 0.05388874560594559
