0 0.5857657790184021 0.5324282124638557 0.028512239456176758 0.14256121218204498
0 0.01885990984737873 0.6677847281098366 0.03771981969475746 0.11570091545581818
0 0.25631415843963623 0.5080329328775406 0.03468966484069824 0.10761091113090515
0 0.1565465684980154 0.6824256256222725 0.055852483958005905 0.18028022348880768
0 0.12864120118319988 0.5957735553383827 0.052953194826841354 0.13746578991413116
0 0.1896967552602291 0.5390133745968342 0.046811603009700775 0.10681907087564468
0 0.296208119019866 0.4650455601513386 0.027079056948423386 0.09815780073404312
0 0.32375884614884853 0.4365743324160576 0.023243259638547897 0.07482753694057465
0 0.4391827043145895 0.5955034270882607 0.042793940752744675 0.15935702621936798
0 0.5128073748201132 0.5311765670776367 0.0308958999812603 0.13027423620224
0 0.4867548644542694 0.4722701460123062 0.020462751388549805 0.06586506962776184
0 0.45520585775375366 0.4852072186768055 0.04130434989929199 0.08847711235284805
0 0.4343000054359436 0.5407900027930737 0.036385536193847656 0.06648894399404526
0 0.5198945999145508 0.47839513048529625 0.02622246742248535 0.07305615395307541
0 0.44230095762759447 0.5058080516755581 0.020331526175141335 0.062297992408275604
0 0.17639867030084133 0.5851327665150166 0.029186975210905075 0.06481454521417618
