0 0.13691949471831322 0.8030638098716736 0.07852030545473099 0.25991928577423096
0 0.18899968639016151 0.5801277346909046 0.04816345125436783 0.12217263132333755
0 0.19946373254060745 0.8746851831674576 0.06522317230701447 0.2505861818790436
0 0.32577190920710564 0.7161700576543808 0.04761292785406113 0.23072072863578796
0 0.06343524158000946 0.6995729506015778 0.0823410376906395 0.2695193886756897
0 0.13641955703496933 0.5861816629767418 0.03854954242706299 0.11903075873851776
0 0.027465893119369866 0.6262484714388847 0.05486908555030823 0.13330934941768646
0 0.2768664304167032 0.7320584058761597 0.054514218121767044 0.27103686332702637
0 0.23302636668086052 0.6908998116850853 0.04264666885137558 0.1568102091550827
0 0.04670702666044235 0.5918408781290054 0.02546471357345581 0.06653133034706116
