0 0.8040580376982689 0.6961233168840408 0.06357602775096893 0.327194482088089
0 0.46726077795028687 0.6917503774166107 0.07307791709899902 0.28291648626327515
0 0.858946168795228 0.5345549657940865 0.04566984251141548 0.21883977949619293
0 0.8999283909797668 0.5502690598368645 0.042029380798339844 0.23355387151241302
0 0.35082500614225864 0.34378576651215553 0.037435103207826614 0.08380866795778275
0 0.5760301239788532 0.6915265619754791 0.0893472209572792 0.3246939778327942
0 0.5604329816997051 0.37318364530801773 0.032181642949581146 0.11682410538196564
0 0.6344454530626535 0.5769961625337601 0.0459630973637104 0.1890566051006317
0 0.653474485501647 0.37384680286049843 0.02370424196124077 0.11464453488588333
0 0.6807446237653494 0.3870421312749386 0.03444833680987358 0.09811072796583176
0 0.4592335461638868 0.3133195973932743 0.015336561016738415 0.06719572097063065
0 0.5001890184357762 0.30463479831814766 0.029750728979706764 0.06378332525491714
0 0.507922375574708 0.40357808768749237 0.038530636578798294 0.13201770186424255
0 0.3958922866731882 0.33499642834067345 0.04002504423260689 0.09495913237333298
0 0.48568100947886705 0.3691197596490383 0.030855560675263405 0.08063744753599167
0 0.42447521071881056 0.3232107609510422 0.026761865243315697 0.0804276168346405
0 0.41470645647495985 0.32704824209213257 0.0269757267087698 0.07497090101242065
0 0.6700439811684191 0.32650203444063663 0.012186241336166859 0.03659244254231453
0 0.5150414705276489 0.348742101341486 0.02496623992919922 0.06911099702119827
0 0.5023140432313085 0.3453308194875717 0.029278183355927467 0.06445172429084778
