0 0.7005913965404034 0.7068643867969513 0.10955514758825302 0.22869712114334106
0 0.4457571990787983 0.7008989155292511 0.05869875103235245 0.2144283652305603
0 0.3750997297465801 0.42934901267290115 0.044365428388118744 0.07670076191425323
0 0.5543637275695801 0.4199993424117565 0.03475451469421387 0.0768248662352562
0 0.3518301844596863 0.565300703048706 0.05099916458129883 0.12639546394348145
0 0.10458028875291348 0.4021765850484371 0.0439787320792675 0.07669728249311447
0 0.15985013917088509 0.3960052542388439 0.048147059977054596 0.07122649997472763
0 0.5900533087551594 0.3870875611901283 0.034478046000003815 0.06451286375522614
0 0.9607226476073265 0.7972442805767059 0.07726745307445526 0.17568248510360718
0 0.2959579173475504 0.3900236152112484 0.04566066339612007 0.0714716836810112
0 0.2563928887248039 0.4392188601195812 0.06495063006877899 0.10772832483053207
0 0.5841785781085491 0.5139146968722343 0.0442446693778038 0.12879817187786102
0 0.9553672447800636 0.888487920165062 0.08926554024219513 0.22021111845970154
0 0.3330224510282278 0.48505907133221626 0.04850788041949272 0.12306908518075943
0 0.6154804714024067 0.37521520629525185 0.03186402469873428 0.06569743901491165
0 0.6338881496340036 0.40535854548215866 0.02725057676434517 0.0494910329580307
0 0.2463438306003809 0.3966115899384022 0.042093563824892044 0.06778619438409805
