0 0.14562161266803741 0.714305505156517 0.05724614858627319 0.1968066394329071
0 0.2226879633963108 0.5204250328242779 0.04948166757822037 0.10500343888998032
0 0.01874724216759205 0.6972152777016163 0.0374944843351841 0.11798921972513199
0 0.12462571449577808 0.6151835769414902 0.05339058116078377 0.14737531542778015
0 0.6421661851927638 0.5109142512083054 0.026578282937407494 0.14087936282157898
0 0.28479762747883797 0.49301593750715256 0.033068038523197174 0.10833905637264252
0 0.34025743044912815 0.4407598115503788 0.03322784975171089 0.07881338149309158
0 0.5233165146782994 0.5545972287654877 0.028957510367035866 0.11413061618804932
0 0.3740506712347269 0.4192134290933609 0.0220748670399189 0.055243343114852905
0 0.562523340806365 0.5127352513372898 0.02352447435259819 0.11705923825502396
0 0.47332364320755005 0.523766353726387 0.023644208908081055 0.12579205632209778
0 0.491284447722137 0.45849861949682236 0.02405867539346218 0.08286391198635101
0 0.38149561267346144 0.38330981507897377 0.013357853516936302 0.029121823608875275
0 0.5671951528638601 0.46055900678038597 0.016928385943174362 0.06435953825712204
0 0.5145235899835825 0.4500293619930744 0.016509104520082474 0.07721803337335587
