0 0.6707952134311199 0.5167838037014008 0.057748936116695404 0.1759650707244873
0 0.5384590150788426 0.334325198084116 0.01937427558004856 0.08399850875139236
0 0.7366590015590191 0.4259551838040352 0.03787221759557724 0.1484915167093277
0 0.4832457900047302 0.35660064220428467 0.021030187606811523 0.07586991786956787
0 0.5636052712798119 0.5334563106298447 0.09141711890697479 0.2524484097957611
0 0.5153679735958576 0.5342061594128609 0.07047019153833389 0.19540120661258698
0 0.4508555056527257 0.3100855238735676 0.01952805556356907 0.07659236341714859
0 0.42597886361181736 0.28229578398168087 0.019600439816713333 0.04215912148356438
0 0.7601165175437927 0.4319359064102173 0.03189897537231445 0.1641935110092163
0 0.6441656351089478 0.32456421852111816 0.047853946685791016 0.09730851650238037
0 0.3215293101966381 0.31390585750341415 0.041536472737789154 0.05570577085018158
0 0.4003437040373683 0.277663117274642 0.013593411073088646 0.051146041601896286
0 0.4331712364219129 0.2565124435350299 0.01032476406544447 0.027586957439780235
0 0.5025494755245745 0.3213203549385071 0.014838171191513538 0.06437522172927856
0 0.33284701127558947 0.30294523388147354 0.025890851393342018 0.06072290241718292
0 0.37128422874957323 0.2806673664599657 0.020047688856720924 0.05680978670716286
0 0.4898586692288518 0.31106595136225224 0.01377573050558567 0.03757413104176521
0 0.35631648264825344 0.2953920401632786 0.02636856958270073 0.04602188616991043
