0 0.8427702188491821 0.7311303019523621 0.11833930015563965 0.22449493408203125
0 0.461372846737504 0.6046952083706856 0.05776958540081978 0.15805770456790924
0 0.5984860174357891 0.7311496734619141 0.07655873149633408 0.21445393562316895
0 0.6123618967831135 0.5378836840391159 0.04762611538171768 0.13091430068016052
0 0.417219216004014 0.48444513604044914 0.05046587064862251 0.08714582771062851
0 0.30363202653825283 0.4248558506369591 0.03678078576922417 0.09053336083889008
0 0.4382905848324299 0.45096756145358086 0.034310199320316315 0.08710034936666489
0 0.17092841304838657 0.4187176041305065 0.042786527425050735 0.08249380439519882
0 0.22624663077294827 0.41131938993930817 0.04071767255663872 0.06278499960899353
0 0.9873141292482615 0.7061026021838188 0.025370407849550247 0.06600354611873627
0 0.5571054928004742 0.4440392032265663 0.04051222652196884 0.08511568605899811
0 0.6176198478788137 0.4144543558359146 0.030321788042783737 0.07511189579963684
0 0.3544418327510357 0.4414728283882141 0.06442775577306747 0.13860511779785156
0 0.5790671594440937 0.40864527970552444 0.034270621836185455 0.0650179535150528
0 0.33031154284253716 0.3899247944355011 0.013484192080795765 0.03344506025314331
