0 0.8078863974660635 0.6692399233579636 0.05776042863726616 0.29691311717033386
0 0.49646417051553726 0.6533694267272949 0.07390446960926056 0.3082194924354553
0 0.860952090471983 0.5198570564389229 0.04098358005285263 0.20260293781757355
0 0.9001923687756062 0.5191410407423973 0.045835115015506744 0.21447978913784027
0 0.5944815650582314 0.6581342071294785 0.08348794281482697 0.3028120696544647
0 0.6993698477745056 0.36144906654953957 0.034155845642089844 0.11327219754457474
0 0.5755805131047964 0.3593832887709141 0.031190108507871628 0.11514551192522049
0 0.37044516764581203 0.33681850507855415 0.03553051874041557 0.08269879966974258
0 0.6534006707370281 0.5876459255814552 0.0490817055106163 0.2388826161623001
0 0.6742751123383641 0.36486439034342766 0.027432823553681374 0.11193659156560898
0 0.47653220873326063 0.30809232220053673 0.018651580438017845 0.07121037691831589
0 0.515339707955718 0.30060921609401703 0.028351258486509323 0.06551310420036316
0 0.4449198246002197 0.31714724004268646 0.023616313934326172 0.06809821724891663
0 0.5258153323084116 0.3925804868340492 0.03582887724041939 0.11376531422138214
0 0.40575270634144545 0.328245896846056 0.027908897027373314 0.08813635259866714
0 0.5063934326171875 0.36153170466423035 0.03557538986206055 0.07508504390716553
0 0.424339234828949 0.32052868604660034 0.02354264259338379 0.07518702745437622
0 0.5245312210172415 0.3230145536363125 0.016598176211118698 0.03519111126661301
