0 0.803264319896698 0.709041029214859 0.06554412841796875 0.33513540029525757
0 0.4586001932621002 0.7142151594161987 0.07161140441894531 0.28985869884490967
0 0.5677813179790974 0.7051121741533279 0.09240970760583878 0.34396401047706604
0 0.6280260793864727 0.6122536957263947 0.04721846431493759 0.25524407625198364
0 0.8585643526166677 0.5310457721352577 0.04478568956255913 0.21728087961673737
0 0.9011666532605886 0.5523988753557205 0.04531879350543022 0.2312091886997223
0 0.5553830619901419 0.374450508505106 0.03286142274737358 0.11756659299135208
0 0.3431033845990896 0.3467622771859169 0.037223052233457565 0.08578892052173615
0 0.6742735747247934 0.37487639486789703 0.03587942197918892 0.12279018759727478
0 0.45312813483178616 0.31638234481215477 0.016107510775327682 0.07389497011899948
0 0.6480051875114441 0.37875113263726234 0.026700735092163086 0.11502528935670853
0 0.4927123002707958 0.3937498703598976 0.056546591222286224 0.16076625883579254
0 0.38785609044134617 0.3438963145017624 0.03572063520550728 0.07867196202278137
0 0.4185787020251155 0.32469697669148445 0.02502760849893093 0.0792137160897255
0 0.494995248503983 0.30621655099093914 0.03006305731832981 0.06232747063040733
0 0.40626788698136806 0.3297913633286953 0.026798319071531296 0.07740228623151779
