0 0.6027049906551838 0.660513237118721 0.0817929282784462 0.17741063237190247
0 0.9194824211299419 0.7503173649311066 0.0909351333975792 0.20974773168563843
0 0.7798397541046143 0.7509316205978394 0.11020445823669434 0.20710432529449463
0 0.06847458332777023 0.5054434612393379 0.0652395635843277 0.12130250036716461
0 0.6504192352294922 0.5647797882556915 0.048502206802368164 0.1284889578819275
0 0.23961516842246056 0.4388252943754196 0.035059474408626556 0.07748624682426453
0 0.4937909133732319 0.49878571182489395 0.052727796137332916 0.1269117146730423
0 0.9748904462903738 0.6953814327716827 0.050154875963926315 0.12368553876876831
0 0.38636137917637825 0.4584544077515602 0.04809699207544327 0.10174013674259186
0 0.015854160010349005 0.47544581443071365 0.03109370730817318 0.060617998242378235
0 0.4261755645275116 0.4753878116607666 0.052336931228637695 0.08431214094161987
0 0.3527074810117483 0.457165215164423 0.032774996012449265 0.0984053686261177
0 0.29744561947882175 0.4321429245173931 0.04278998449444771 0.07049950212240219
0 0.5625678543001413 0.46273961290717125 0.0465429313480854 0.10034578293561935
0 0.4775686915963888 0.45747289434075356 0.027376603335142136 0.07373762875795364
0 0.5504440069198608 0.426638588309288 0.028932571411132812 0.07612940669059753
0 0.5699514150619507 0.422243507578969 0.03347063064575195 0.05703044310212135
0 0.5628751758486032 0.41206077858805656 0.026334334164857864 0.06743117421865463
