0 0.6705267056822777 0.7583733424544334 0.09810571372509003 0.23055724799633026
0 0.8861007206141949 0.744799293577671 0.10738744586706161 0.2347678691148758
0 0.5221139192581177 0.6185471713542938 0.07408642768859863 0.15772908926010132
0 0.6248325109481812 0.5525827780365944 0.04805636405944824 0.1345728188753128
0 0.19777651131153107 0.42783284559845924 0.041285037994384766 0.09792090207338333
0 0.2557726092636585 0.4249362461268902 0.036925531923770905 0.07926877588033676
0 0.3251135107129812 0.4423539340496063 0.03657860681414604 0.09538900852203369
0 0.4585454110056162 0.48995860666036606 0.062339115887880325 0.1597193330526352
0 0.5643635038286448 0.46203844994306564 0.049425411969423294 0.10489116609096527
0 0.605092978104949 0.4302595555782318 0.021740388125181198 0.05554991960525513
0 0.3930280804634094 0.45958906039595604 0.042108774185180664 0.06127505749464035
0 0.5771292448043823 0.41200971230864525 0.04043292999267578 0.0620802566409111
0 0.9894024487584829 0.7089729979634285 0.021195124834775925 0.09791399538516998
0 0.35949951969087124 0.4148608595132828 0.03463907167315483 0.06595823168754578
0 0.3622893216088414 0.4502268359065056 0.02550687827169895 0.0645555704832077
0 0.5649027340114117 0.4184326734393835 0.0423370823264122 0.05101398751139641
