0 0.7045857422053814 0.7506740465760231 0.09835066646337509 0.22260089218616486
0 0.548180915415287 0.649196945130825 0.0827152281999588 0.18683259189128876
0 0.8949115499854088 0.7219958007335663 0.08792571723461151 0.188046395778656
0 0.6372365243732929 0.5587937906384468 0.05369744449853897 0.14335407316684723
0 0.21481943130493164 0.42711663991212845 0.03838914632797241 0.08343048393726349
0 0.9848271133378148 0.7011386789381504 0.030345821753144264 0.11346257477998734
0 0.47380039654672146 0.4974883235991001 0.052651356905698776 0.1100582554936409
0 0.26786006055772305 0.4259667135775089 0.035983871668577194 0.07676989585161209
0 0.40188029408454895 0.4549095258116722 0.0556790828704834 0.10340826213359833
0 0.011463228046523 0.507221158593893 0.022925088182091713 0.08319180458784103
0 0.3678002655506134 0.44305116310715675 0.03832125663757324 0.10125363618135452
0 0.3329180357977748 0.43216629698872566 0.031097983941435814 0.07741419225931168
0 0.4606040120124817 0.4456947594881058 0.032173871994018555 0.07627537846565247
0 0.5653388611972332 0.44822413101792336 0.04151954501867294 0.07792765647172928
0 0.5984198451042175 0.42725326865911484 0.019186019897460938 0.04019521176815033
0 0.567937707528472 0.4177801962941885 0.04434914514422417 0.05054808780550957
