0 0.1113658957183361 0.8449833691120148 0.09076868742704391 0.2808528542518616
0 0.3456172104924917 0.7182602211833 0.0497250072658062 0.21874092519283295
0 0.22487112879753113 0.8095826059579849 0.0789862871170044 0.38018980622291565
0 0.18904015980660915 0.5908571407198906 0.04008026048541069 0.15017984807491302
0 0.15458416566252708 0.5915178656578064 0.032736681401729584 0.14919281005859375
0 0.035593852400779724 0.6343504339456558 0.057456374168395996 0.16307500004768372
0 0.07742350362241268 0.681380145251751 0.05781807377934456 0.23475883901119232
0 0.2923644296824932 0.770220972597599 0.06036164611577988 0.23760338127613068
0 0.2678754534572363 0.7406376898288727 0.05565042421221733 0.27049869298934937
0 0.0914478674530983 0.5800924468785524 0.03864753246307373 0.05843213573098183
0 0.06996092572808266 0.6556819677352905 0.06430897861719131 0.1261730194091797
