0 0.32487691193819046 0.6897475570440292 0.07764334976673126 0.2531963288784027
0 0.4278334565460682 0.5251027271151543 0.05021724849939346 0.166878804564476
0 0.5540318973362446 0.7348820269107819 0.05678925663232803 0.4183294177055359
0 0.6072817090898752 0.6283472627401352 0.04816703870892525 0.21318325400352478
0 0.3793300511315465 0.32425300776958466 0.024997854605317116 0.06976780295372009
0 0.3513053897768259 0.47773267328739166 0.05451052263379097 0.1537053883075714
0 0.7861575242131948 0.3523756116628647 0.034737538546323776 0.07009425759315491
0 0.8767008064314723 0.3652920573949814 0.03121337853372097 0.09698089957237244
0 0.794661283493042 0.44490113854408264 0.03212141990661621 0.10100013017654419
0 0.15563030540943146 0.3232768699526787 0.032276690006256104 0.06507371366024017
0 0.2823202256113291 0.36791692301630974 0.026855874806642532 0.0964864119887352
0 0.9238235242664814 0.3662807531654835 0.04151115566492081 0.0848594680428505
0 0.33066838420927525 0.4224146418273449 0.027386952191591263 0.07675399631261826
0 0.35025525093078613 0.31989118084311485 0.01744711399078369 0.06448953598737717
0 0.17849287390708923 0.32176604121923447 0.028040647506713867 0.06313268840312958
0 0.21662538032978773 0.3544460330158472 0.02130589447915554 0.056019145995378494
0 0.9589519388973713 0.3614996150135994 0.031778909265995026 0.06768728792667389
0 0.3388098357245326 0.3763216882944107 0.011012649163603783 0.03920826315879822
0 0.29385827761143446 0.3486461639404297 0.016654348000884056 0.05312061309814453
0 0.9428756833076477 0.3198625184595585 0.014739990234375 0.02992928773164749
0 0.20649993140250444 0.3171420507133007 0.011373424902558327 0.03274955600500107
0 0.37011587619781494 0.29528265353292227 0.01023566722869873 0.019169552251696587
