0 0.15224847570061684 0.47174425795674324 0.060040734708309174 0.11770752817392349
0 0.4447555188089609 0.915791466832161 0.05783896520733833 0.16815999150276184
0 0.5242198817431927 0.542566604912281 0.07274427264928818 0.19337870180606842
0 0.4432409889996052 0.547500841319561 0.04118833690881729 0.1828428953886032
0 0.32264721393585205 0.5978177115321159 0.04664194583892822 0.22003529965877533
0 0.31451067328453064 0.4242994599044323 0.02072274684906006 0.11333020776510239
0 0.38525800686329603 0.5183106139302254 0.028990721330046654 0.15567775070667267
0 0.2804425712674856 0.45145243778824806 0.038091015070676804 0.1007198765873909
0 0.2252765242010355 0.46185507252812386 0.04246966913342476 0.09193895012140274
0 0.26013598777353764 0.45031286031007767 0.047049809247255325 0.10417480766773224
0 0.4244270445778966 0.5049532316625118 0.024590158835053444 0.09670846909284592
0 0.35268616676330566 0.505519188940525 0.03640460968017578 0.1663057953119278
0 0.33880985993891954 0.4046412203460932 0.019632840529084206 0.0437825508415699
0 0.2486071102321148 0.44023893401026726 0.03486933559179306 0.08251067250967026
0 0.3595690429210663 0.4312647469341755 0.028728008270263672 0.06985465437173843
0 0.3346758671104908 0.44163696095347404 0.03992877155542374 0.09734030812978745
0 0.2873300015926361 0.40092847123742104 0.017354726791381836 0.05083096772432327
