0 0.3669007010757923 0.6177715361118317 0.03926751762628555 0.19149869680404663
0 0.2665713466703892 0.5638368502259254 0.06383655220270157 0.1932554394006729
0 0.6918303966522217 0.7575799971818924 0.059148311614990234 0.24141231179237366
0 0.6188658233731985 0.7851920872926712 0.06203718110918999 0.31446388363838196
0 0.42789872363209724 0.8695434182882309 0.06242356449365616 0.25831493735313416
0 0.6418272256851196 0.4214266315102577 0.029964447021484375 0.1766696721315384
0 0.2793831583112478 0.35378704965114594 0.02666325494647026 0.09072515368461609
0 0.7087217094376683 0.3699176460504532 0.026961708441376686 0.09073999524116516
0 0.8328619599342346 0.9571589753031731 0.03884458541870117 0.08509097993373871
0 0.23629499599337578 0.4479656517505646 0.04459502547979355 0.17221540212631226
0 0.1133459135890007 0.3519703522324562 0.029481858015060425 0.05440260469913483
0 0.7704319003969431 0.35107187926769257 0.04456143453717232 0.07599690556526184
0 0.07805670984089375 0.35952723771333694 0.039512116461992264 0.07279510796070099
0 0.14979943353682756 0.40026087313890457 0.027492845430970192 0.06191690266132355
0 0.24312648735940456 0.37477312982082367 0.02557392045855522 0.07122817635536194
0 0.13400294817984104 0.3619579095393419 0.01598541811108589 0.03375983610749245
0 0.24074911512434483 0.3481219671666622 0.020575571805238724 0.0581241175532341
