0 0.4296081606298685 0.5502327308058739 0.052262116223573685 0.2324989289045334
0 0.365832251496613 0.32621239498257637 0.02349247969686985 0.09083995968103409
0 0.3208035882562399 0.29506667144596577 0.02717740461230278 0.0575086809694767
0 0.49200746417045593 0.5352286323904991 0.05047869682312012 0.23399679362773895
0 0.42041848972439766 0.32321104034781456 0.0361088290810585 0.07445704191923141
0 0.576964532956481 0.49711278080940247 0.034561824053525925 0.12711334228515625
0 0.5569159388542175 0.3851589523255825 0.030851364135742188 0.11374299973249435
0 0.5375077128410339 0.31336250342428684 0.02346324920654297 0.05633210018277168
0 0.5823968173936009 0.3898332417011261 0.03028717078268528 0.10078305006027222
0 0.5126006724312901 0.30384879373013973 0.018887663260102272 0.04160849377512932
0 0.1367033151909709 0.30510925874114037 0.018513774499297142 0.07288955897092819
0 0.18068583589047194 0.2861056625843048 0.023014282807707787 0.067158043384552
0 0.16472717560827732 0.3154260218143463 0.02181350067257881 0.03676635026931763
0 0.20688079576939344 0.27485579811036587 0.027741646394133568 0.05608181282877922
