0 0.5105349943041801 0.7287837937474251 0.0822780579328537 0.24028028547763824
0 0.7528070695698261 0.702450230717659 0.09948358684778214 0.2128542959690094
0 0.9714515693485737 0.7847808450460434 0.05575618892908096 0.14831504225730896
0 0.1291116513311863 0.40191757306456566 0.04727502912282944 0.0827823206782341
0 0.5929977782070637 0.5140332244336605 0.038094379007816315 0.11975406855344772
0 0.40292701683938503 0.4418214447796345 0.05431194230914116 0.08772460371255875
0 0.18632593750953674 0.4014763794839382 0.047544896602630615 0.060001544654369354
0 0.36699539981782436 0.49484292417764664 0.05031592771410942 0.11880899965763092
0 0.5526641849428415 0.4368160106241703 0.03798656538128853 0.1011236384510994
0 0.39184093475341797 0.5718297585844994 0.050254225730895996 0.1299903839826584
0 0.31534392200410366 0.3998907022178173 0.0428897850215435 0.07797499746084213
0 0.2868225574493408 0.43197842314839363 0.06534183025360107 0.11486116796731949
0 0.587559450417757 0.3984452933073044 0.03963456302881241 0.07468906044960022
0 0.6276166317984462 0.4002220816910267 0.02328667603433132 0.07147882133722305
0 0.6039533261209726 0.3871877994388342 0.02494030073285103 0.0515238456428051
0 0.3239034293219447 0.4430253226310015 0.026637529954314232 0.05298746004700661
