0 0.6697695255279541 0.6765554845333099 0.08585858345031738 0.1772952675819397
0 0.8500223979353905 0.738430343568325 0.09603099524974823 0.192424938082695
0 0.09276335686445236 0.6479510143399239 0.056168168783187866 0.1841604858636856
0 0.26929288171231747 0.4564555138349533 0.04221148416399956 0.08720889687538147
0 0.4918089024722576 0.517602127045393 0.049298904836177826 0.10233917087316513
0 0.9373297803103924 0.7494868263602257 0.09863986819982529 0.1799648255109787
0 0.15903895534574986 0.5201362073421478 0.047721195966005325 0.10685950517654419
0 0.11203939653933048 0.5030280128121376 0.04941372945904732 0.09142006933689117
0 0.6638697627931833 0.5749823711812496 0.06083827093243599 0.11155086010694504
0 0.3965977728366852 0.4812535308301449 0.04168689250946045 0.11146532744169235
0 0.9547093510627747 0.6834533177316189 0.08336257934570312 0.11919712275266647
0 0.5252503156661987 0.4530901312828064 0.0396575927734375 0.08080893754959106
0 0.36761708930134773 0.47100284695625305 0.03351340442895889 0.10108566284179688
0 0.44576261658221483 0.47948188707232475 0.028422975912690163 0.09645750373601913
0 0.043005067855119705 0.5741415545344353 0.047259002923965454 0.15847884118556976
0 0.42441349662840366 0.47252658009529114 0.03287344053387642 0.09558707475662231
0 0.014628926038312784 0.5741418674588203 0.029250165447592735 0.07712449133396149
0 0.3353668861091137 0.45088934153318405 0.03660573810338974 0.07117567956447601
0 0.49303681217134 0.45317215099930763 0.024260949343442917 0.06268984824419022
0 0.4979320466518402 0.4383796378970146 0.031185150146484375 0.05963490903377533
0 0.5091193672269583 0.4304116927087307 0.02807588502764702 0.03859727829694748
0 0.9154038075357676 0.6665083505213261 0.054750729352235794 0.08432049304246902
