0 0.4698398467153311 0.6695461422204971 0.03874511644244194 0.22298601269721985
0 0.37603446282446384 0.5570249184966087 0.05798535421490669 0.18755565583705902
0 0.9121394269168377 0.4398232027888298 0.04177799075841904 0.12817560136318207
0 0.9330151192843914 0.36300309002399445 0.03334798663854599 0.10630211234092712
0 0.2940901219844818 0.3285602517426014 0.020570039749145508 0.08573118597269058
0 0.3602037848904729 0.3394043631851673 0.030240202322602272 0.09865567833185196
0 0.5660490281879902 0.5259665548801422 0.03517136722803116 0.16933178901672363
0 0.5340875871479511 0.5647197514772415 0.05015573650598526 0.2921977937221527
0 0.46496037766337395 0.4279536306858063 0.043779753148555756 0.12647509574890137
0 0.24704836029559374 0.30371126532554626 0.027539396658539772 0.060743629932403564
0 0.44439877290278673 0.39238903298974037 0.030684614554047585 0.10120052844285965
0 0.4443825064226985 0.3069142811000347 0.02145848236978054 0.06469633430242538
0 0.46286476217210293 0.3105177506804466 0.0318111889064312 0.07998691499233246
0 0.08459118381142616 0.3058526758104563 0.032816700637340546 0.05265312269330025
0 0.03726659342646599 0.3223409578204155 0.05090533569455147 0.10109935700893402
0 0.057279616594314575 0.29623385705053806 0.03210519254207611 0.04533146694302559
0 0.07697224617004395 0.2967557515949011 0.03630002588033676 0.0622161440551281
