0 0.9452251419425011 0.692521259188652 0.06322173774242401 0.33509477972984314
0 0.5147977657616138 0.8230219930410385 0.0611632838845253 0.3539559543132782
0 0.21998757496476173 0.4152589328587055 0.05071733146905899 0.10812941938638687
0 0.2935672365128994 0.8739907294511795 0.08896758407354355 0.2520184814929962
0 0.7430519349873066 0.8983777239918709 0.08185658603906631 0.20191480219364166
0 0.4789130687713623 0.4566276744008064 0.039520263671875 0.15149803459644318
0 0.3623256143182516 0.3695342615246773 0.01989920064806938 0.09446777403354645
0 0.583153247833252 0.4545344263315201 0.041747331619262695 0.17076733708381653
0 0.42569347098469734 0.8551346063613892 0.09630725532770157 0.2897307872772217
0 0.9870962258428335 0.4116753861308098 0.025807570666074753 0.09368269145488739
0 0.3944238368421793 0.8441299349069595 0.05923144891858101 0.30473390221595764
0 0.42386985942721367 0.44222478941082954 0.03450121730566025 0.11215714365243912
0 0.5578687665984035 0.46218130737543106 0.030385350808501244 0.15988023579120636
0 0.40657596569508314 0.35890549793839455 0.02803049050271511 0.06989074498414993
0 0.3911630269140005 0.4929000362753868 0.04343528673052788 0.21088795363903046
0 0.32266622222959995 0.3804982602596283 0.038046885281801224 0.11200845241546631
0 0.280200082808733 0.3854527287185192 0.03712055832147598 0.10689099878072739
0 0.2970918891951442 0.3861088752746582 0.026398396119475365 0.10865753889083862
0 0.40400355495512486 0.4232473075389862 0.028561044484376907 0.08453530073165894
