0 0.8446964025497437 0.7742524296045303 0.119140625 0.2461184561252594
0 0.6524887457489967 0.6514894291758537 0.07190079987049103 0.1554804891347885
0 0.2650754265487194 0.4498084485530853 0.05728103965520859 0.08258056640625
0 0.49755042791366577 0.5130466371774673 0.04594850540161133 0.0961175262928009
0 0.08631643652915955 0.5052683651447296 0.049087248742580414 0.10181427001953125
0 0.13863933086395264 0.5084341913461685 0.04679000377655029 0.1158166229724884
0 0.9376255497336388 0.7843794822692871 0.11864976584911346 0.23081839084625244
0 0.9579145908355713 0.7099603563547134 0.08417081832885742 0.14760568737983704
0 0.328857833519578 0.4459594823420048 0.03641073778271675 0.07522053271532059
0 0.6565743684768677 0.5778644569218159 0.04886984825134277 0.11031875759363174
0 0.06472295895218849 0.6316968500614166 0.060660652816295624 0.17786556482315063
0 0.023513035848736763 0.582068681716919 0.047026071697473526 0.192604660987854
0 0.36459376849234104 0.46813783794641495 0.03362267091870308 0.10293032228946686
0 0.3997479323297739 0.483110424131155 0.03022031858563423 0.07101237028837204
0 0.5369588974863291 0.4699320048093796 0.045670319348573685 0.10961964726448059
0 0.5022471966221929 0.4465267211198807 0.025751972571015358 0.07389941811561584
0 0.4640313982963562 0.4949022065848112 0.023271560668945312 0.059085335582494736
0 0.43118759989738464 0.47317915968596935 0.027669191360473633 0.052693601697683334
0 0.12391441129148006 0.4760957155376673 0.02358074113726616 0.05627759173512459
0 0.5217737080529332 0.43576428666710854 0.023256922140717506 0.04405004531145096
0 0.4252862986177206 0.4495700113475323 0.034430693835020065 0.067144475877285
