0 0.9681191220879555 0.7241436243057251 0.06341381371021271 0.3324713706970215
0 0.20439943671226501 0.43168318271636963 0.05562174320220947 0.12065285444259644
0 0.7133522033691406 0.9289920777082443 0.05496525764465332 0.14201566576957703
0 0.4697475917637348 0.4815767779946327 0.04086647182703018 0.16903741657733917
0 0.2765834219753742 0.9111202657222748 0.06238410621881485 0.17681020498275757
0 0.4945908188819885 0.8472784757614136 0.06405067443847656 0.3040611743927002
0 0.5719754938036203 0.47037307918071747 0.043077755719423294 0.17944946885108948
0 0.40814245864748955 0.8795963004231453 0.07645788043737411 0.24080564081668854
0 0.35109097324311733 0.3846292123198509 0.01996917650103569 0.09931032359600067
0 0.3933152612298727 0.37701158225536346 0.033744048327207565 0.07456859946250916
0 0.3789251986891031 0.5077374204993248 0.04346423223614693 0.222504124045372
0 0.36333197355270386 0.8722192198038101 0.06259965896606445 0.2540217936038971
0 0.5476216431707144 0.48328301310539246 0.0364343635737896 0.17307943105697632
0 0.2637797687202692 0.4155280068516731 0.0367843396961689 0.08599276840686798
0 0.9849615814164281 0.43070653080940247 0.0300768855959177 0.11221253871917725
0 0.4146708492189646 0.44752711430191994 0.0314587838947773 0.11113501340150833
0 0.31037811003625393 0.39779193326830864 0.042890261858701706 0.12371262162923813
0 0.28992103319615126 0.4000592604279518 0.03087434731423855 0.07172639667987823
0 0.28479111194610596 0.3802427239716053 0.02512037754058838 0.06921759992837906
