0 0.804319940507412 0.6984743028879166 0.06429962813854218 0.34021058678627014
0 0.47060055658221245 0.6795142889022827 0.07401981204748154 0.28406083583831787
0 0.8580507393926382 0.531176283955574 0.04407520219683647 0.21415820717811584
0 0.5786120295524597 0.7086020559072495 0.08731698989868164 0.35517582297325134
0 0.8992220517247915 0.546626590192318 0.044370364397764206 0.23500870168209076
0 0.6363958958536386 0.5832192003726959 0.0482974536716938 0.20147746801376343
0 0.5622015120461583 0.3716718554496765 0.030276918783783913 0.11690109968185425
0 0.35407672449946404 0.3423755615949631 0.03708484023809433 0.08348771929740906
0 0.6567961098626256 0.3721746616065502 0.024298572912812233 0.11502083390951157
0 0.5102093815803528 0.4036863297224045 0.03847622871398926 0.1327822506427765
0 0.6835227496922016 0.38239240273833275 0.03311000019311905 0.09347330778837204
0 0.4610240999609232 0.30936843156814575 0.016033459454774857 0.06676137447357178
0 0.3996028006076813 0.3376842401921749 0.04333305358886719 0.09019177407026291
0 0.4270812748000026 0.3187551908195019 0.02702031098306179 0.07302828878164291
0 0.4874205347150564 0.36870691925287247 0.02993149682879448 0.07520665228366852
0 0.5019593061879277 0.30216321535408497 0.0279098991304636 0.05987716093659401
0 0.5038795117288828 0.34175506979227066 0.027541447430849075 0.0643547922372818
0 0.6730763437226415 0.3252398185431957 0.014271164312958717 0.03600313514471054
0 0.517539644613862 0.3478139042854309 0.02440362051129341 0.06812703609466553
0 0.4187373397871852 0.3339054174721241 0.027199601754546165 0.06382522732019424
0 0.5857391357421875 0.5778455585241318 0.028721332550048828 0.10243687033653259
