0 0.1516258902847767 0.7070257663726807 0.05683854967355728 0.20030975341796875
0 0.627315104007721 0.5139601677656174 0.024595022201538086 0.13361188769340515
0 0.2737071104347706 0.49307557567954063 0.03535602241754532 0.10758357495069504
0 0.12728269957005978 0.6091235056519508 0.04887885972857475 0.15417726337909698
0 0.021083971485495567 0.7012760415673256 0.042167942970991135 0.15427644550800323
0 0.21008189395070076 0.5225870423018932 0.03751186281442642 0.11087074130773544
0 0.5489272233098745 0.5196491070091724 0.02261943742632866 0.1094432845711708
0 0.5050998805090785 0.5666503086686134 0.02942643128335476 0.12004466354846954
0 0.3215556088835001 0.44650496169924736 0.029611993581056595 0.07858093827962875
0 0.4663814064115286 0.5254736244678497 0.024931620806455612 0.131661057472229
0 0.3546116529032588 0.41411422938108444 0.024968361482024193 0.08031730353832245
0 0.48219169955700636 0.47472052089869976 0.02288207970559597 0.05812272056937218
0 0.5069714486598969 0.456859041005373 0.014088630676269531 0.04660186916589737
0 0.5613111136481166 0.45874830707907677 0.015674447640776634 0.08927523344755173
