0 0.09568711742758751 0.5375435203313828 0.06604749709367752 0.15084990859031677
0 0.260088674724102 0.6850437968969345 0.06993870437145233 0.2951306998729706
0 0.40604589506983757 0.6252002641558647 0.04430641978979111 0.21210263669490814
0 0.4932954255491495 0.5915546640753746 0.04487447813153267 0.21482472121715546
0 0.4577187653630972 0.6062106192111969 0.034970711916685104 0.198153555393219
0 0.3112878743559122 0.5920327380299568 0.03981630876660347 0.2028799206018448
0 0.1709846593439579 0.49998781830072403 0.03997228294610977 0.1578565388917923
0 0.36805176734924316 0.6101442575454712 0.030702590942382812 0.18204247951507568
0 0.23777208290994167 0.5064233504235744 0.04388542100787163 0.11464899033308029
0 0.2744345907121897 0.48382968083024025 0.024709392338991165 0.09020436555147171
0 0.3444138169288635 0.5866421051323414 0.029056310653686523 0.08567360788583755
0 0.299867051653564 0.49596068635582924 0.028185104951262474 0.10156644135713577
0 0.20520851574838161 0.489056333899498 0.045580338686704636 0.1410088837146759
0 0.2848786534741521 0.42787035927176476 0.024672532454133034 0.04484545439481735
0 0.35455904621630907 0.5267192758619785 0.01748337782919407 0.06890399008989334
0 0.1934926863759756 0.47164448350667953 0.03845531865954399 0.10378269851207733
0 0.23676196299493313 0.4321188014000654 0.021297525614500046 0.06177609786391258
0 0.2495332001708448 0.4477300401777029 0.012067842297255993 0.054709624499082565
