0 0.14995232038199902 0.689113050699234 0.054275643080472946 0.17704349756240845
0 0.01999974623322487 0.7052002474665642 0.03999949246644974 0.12790022790431976
0 0.12588722817599773 0.6209728121757507 0.0482909195125103 0.16840040683746338
0 0.27745773270726204 0.4983260780572891 0.037052370607852936 0.11191478371620178
0 0.2150720003992319 0.5346368439495564 0.04585616663098335 0.12427262216806412
0 0.634248673915863 0.5019428357481956 0.027038097381591797 0.13311432301998138
0 0.3287691595032811 0.4367620386183262 0.02650001086294651 0.07683856040239334
0 0.5551432128995657 0.5191628895699978 0.0227784626185894 0.10040300339460373
0 0.5142946066334844 0.560698289424181 0.029396677389740944 0.07689086347818375
0 0.362675154581666 0.4203919842839241 0.022984791547060013 0.05334527790546417
0 0.5644621606916189 0.44759446382522583 0.016976308077573776 0.07727080583572388
0 0.46979509573429823 0.5183513462543488 0.02484259568154812 0.07228219509124756
0 0.4889658810570836 0.4627062417566776 0.015294695273041725 0.043892331421375275
