0 0.5773141756653786 0.6852372139692307 0.1015741378068924 0.2147357165813446
0 0.3575048092752695 0.6627194881439209 0.04533224180340767 0.20329976081848145
0 0.8625548109412193 0.8683068454265594 0.12426309287548065 0.2617902159690857
0 0.9104483127593994 0.8641940057277679 0.13440847396850586 0.26876968145370483
0 0.3199342433363199 0.41834986954927444 0.04015247896313667 0.06406427919864655
0 0.2230480257421732 0.3898148275911808 0.039512086659669876 0.06534148007631302
0 0.19227450713515282 0.4293626472353935 0.055901847779750824 0.09325604140758514
0 0.6067768931388855 0.3856036402285099 0.03244900703430176 0.08033192902803421
0 0.1257358156144619 0.3867883589118719 0.041028283536434174 0.05740801617503166
0 0.5555439479649067 0.40705280750989914 0.03466806560754776 0.07858823239803314
0 0.28812582418322563 0.5388290882110596 0.040958426892757416 0.14286261796951294
0 0.6477810628712177 0.3709975406527519 0.03424129635095596 0.09276901185512543
0 0.0757397711277008 0.38978298008441925 0.03992640972137451 0.08002772927284241
0 0.7816828973591328 0.9451581165194511 0.05738697201013565 0.10968373715877533
0 0.2687521278858185 0.37951476871967316 0.03847801685333252 0.0774664580821991
0 0.5766974445432425 0.48691416904330254 0.03639025613665581 0.11866315454244614
0 0.2884590867906809 0.47465070709586143 0.041649866849184036 0.07778888195753098
0 0.28848535381257534 0.41632647439837456 0.04119415208697319 0.0541391596198082
