0 0.15321557968854904 0.6495626419782639 0.05775398015975952 0.17815348505973816
0 0.6983987465500832 0.6502439230680466 0.09724827110767365 0.25068041682243347
0 0.8660428300499916 0.7319782599806786 0.09390659630298615 0.17884521186351776
0 0.9410927891731262 0.7385049536824226 0.09180545806884766 0.15855373442173004
0 0.16629303991794586 0.5154926516115665 0.04793339967727661 0.1087876632809639
0 0.3065445479005575 0.46158867701888084 0.05734724923968315 0.0891575738787651
0 0.20581974647939205 0.5177602022886276 0.04221416637301445 0.1046464741230011
0 0.49514372274279594 0.5185049287974834 0.04671492427587509 0.10064705461263657
0 0.04886752925813198 0.5605987459421158 0.033417996019124985 0.10279443860054016
0 0.9475380890071392 0.67732223123312 0.08297958225011826 0.11603812873363495
0 0.08526380732655525 0.5888011381030083 0.0435570552945137 0.18190519511699677
0 0.4034807328134775 0.49097492545843124 0.03556017950177193 0.12038938701152802
0 0.4326258413493633 0.4945207014679909 0.0435730442404747 0.09974153339862823
0 0.5212744362652302 0.456916481256485 0.03788409382104874 0.07500648498535156
0 0.352243572473526 0.45662588626146317 0.02946949005126953 0.07693536579608917
0 0.37796866334974766 0.4698854349553585 0.030915189534425735 0.0775597020983696
0 0.4905198756605387 0.45603620260953903 0.037932444363832474 0.07263098657131195
0 0.9166534300893545 0.6599663123488426 0.04900951310992241 0.07872848212718964
0 0.4851497169584036 0.43965066224336624 0.030932139605283737 0.05849291384220123
