0 0.18264918960630894 0.8669902235269547 0.05895714834332466 0.2637249529361725
0 0.33746467158198357 0.6927257180213928 0.057160280644893646 0.20752716064453125
0 0.06116575747728348 0.6921006143093109 0.09884258359670639 0.26109522581100464
0 0.2806462347507477 0.6889182850718498 0.05966770648956299 0.2467280477285385
0 0.15395858883857727 0.5886426270008087 0.04508960247039795 0.12552112340927124
0 0.17284797504544258 0.7002998515963554 0.05408600717782974 0.23146985471248627
0 0.20435404777526855 0.5709804333746433 0.05481475591659546 0.11732054501771927
0 0.24527678824961185 0.6274413093924522 0.046102095395326614 0.1151912659406662
0 0.024251629365608096 0.6656251512467861 0.0417097806930542 0.08666085451841354
0 0.10318346787244081 0.5938478037714958 0.02574094571173191 0.06508801877498627
0 0.19704470038414001 0.6191416196525097 0.03923904895782471 0.10889502614736557
