0 0.02073528617620468 0.6940015107393265 0.04147057235240936 0.13849571347236633
0 0.15167482569813728 0.7031618878245354 0.055152811110019684 0.19197700917720795
0 0.2106384728103876 0.5340351834893227 0.04245959594845772 0.1248060017824173
0 0.6299070715904236 0.5058823525905609 0.02541351318359375 0.12671661376953125
0 0.1263000275939703 0.6038906574249268 0.04773605987429619 0.14259660243988037
0 0.2730486039072275 0.4854026883840561 0.032740283757448196 0.09318944811820984
0 0.5084843039512634 0.5602379962801933 0.029874801635742188 0.12707804143428802
0 0.4673673454672098 0.5224387869238853 0.025571871548891068 0.12848185002803802
0 0.5504004480317235 0.5297746807336807 0.02363290823996067 0.08266398310661316
0 0.3218838516622782 0.4542609881609678 0.02226107195019722 0.05863549932837486
0 0.3559950888156891 0.4199220407754183 0.022030353546142578 0.04874471202492714
0 0.4828584548085928 0.472994402050972 0.023064326494932175 0.09006711840629578
0 0.5084345103241503 0.4678281657397747 0.01545639056712389 0.07285156100988388
0 0.3320351419970393 0.41736973635852337 0.015257095918059349 0.03186997398734093
0 0.5625966433435678 0.4638670217245817 0.016377020627260208 0.05996110662817955
0 0.36553955078125 0.38558772951364517 0.012848377227783203 0.02576310932636261
