0 0.5821583867073059 0.6427933126688004 0.06510734558105469 0.15993157029151917
0 0.7635637037456036 0.7652299255132675 0.1149233803153038 0.2395859658718109
0 0.9198709242045879 0.7693440094590187 0.10368814319372177 0.24201710522174835
0 0.41753202117979527 0.45752841979265213 0.048812080174684525 0.11019100248813629
0 0.9764089584350586 0.7103883400559425 0.04718208312988281 0.13215883076190948
0 0.6510251760482788 0.5707558766007423 0.056509971618652344 0.13608355820178986
0 0.4896300323307514 0.48955758661031723 0.06434974819421768 0.1386931985616684
0 0.3469078652560711 0.44736967235803604 0.03243961185216904 0.0883680135011673
0 0.5691999308764935 0.45585884526371956 0.053537748754024506 0.12229720503091812
0 0.04168727807700634 0.4940457157790661 0.05599745362997055 0.11383344978094101
0 0.379691768437624 0.4511483833193779 0.036058880388736725 0.10386662185192108
0 0.23316306807100773 0.4395446330308914 0.03823356702923775 0.08118489384651184
0 0.012167707580374554 0.503419317305088 0.024285074323415756 0.07527537643909454
0 0.2842589020729065 0.4300263412296772 0.03221237659454346 0.06338623911142349
0 0.5876275775954127 0.4535938538610935 0.025078630074858665 0.06870222836732864
