0 0.9445630311965942 0.45610927045345306 0.04073476791381836 0.13779237866401672
0 0.39016743935644627 0.5600258260965347 0.05501608923077583 0.1986878216266632
0 0.4522779043763876 0.6137265861034393 0.03698701784014702 0.1521119475364685
0 0.9785929322242737 0.3552025817334652 0.03453969955444336 0.07740329951047897
0 0.5227996595203876 0.5768023058772087 0.043819524347782135 0.21564780175685883
0 0.37389062624424696 0.33181682974100113 0.02585742436349392 0.08372743427753448
0 0.546812891960144 0.5004837363958359 0.042705535888671875 0.1974414885044098
0 0.3105408428236842 0.3262998051941395 0.01930234394967556 0.08289680629968643
0 0.26441969256848097 0.29913223534822464 0.028879975900053978 0.06645072996616364
0 0.48519996367394924 0.40092987194657326 0.05678815767168999 0.10575563460588455
0 0.4709027595818043 0.3821578584611416 0.03228364139795303 0.08948635309934616
0 0.4806497637182474 0.315296096727252 0.023072052747011185 0.05381372198462486
0 0.46199423633515835 0.3077132888138294 0.027267884463071823 0.07294396311044693
0 0.05119097698479891 0.31643539294600487 0.02121655084192753 0.07675003260374069
0 0.11900571268051863 0.2923286184668541 0.025945818051695824 0.06555591523647308
0 0.07491730712354183 0.32204824686050415 0.0320381335914135 0.07484626770019531
0 0.07514621503651142 0.2930179089307785 0.026566285640001297 0.03760609030723572
0 0.09766717068850994 0.2838087249547243 0.025919627398252487 0.044374022632837296
0 0.06993118487298489 0.2855054922401905 0.0176420696079731 0.032412804663181305
0 0.09890789352357388 0.30114386789500713 0.027414362877607346 0.05441996082663536
