0 0.10523812100291252 0.8445848375558853 0.08278649300336838 0.2929030954837799
0 0.3538160137832165 0.7326568961143494 0.05081822723150253 0.24434733390808105
0 0.3055398762226105 0.7704732567071915 0.05044996738433838 0.2294309437274933
0 0.19071762263774872 0.5933127924799919 0.035214245319366455 0.1445082277059555
0 0.041573576629161835 0.6394570171833038 0.06191619113087654 0.17994266748428345
0 0.230088472366333 0.6889045163989067 0.07004529237747192 0.16136346757411957
0 0.1647796593606472 0.5744004547595978 0.033703289926052094 0.13098865747451782
0 0.08932245150208473 0.6931332871317863 0.049990154802799225 0.1918001025915146
0 0.22999773547053337 0.8236611038446426 0.06734975427389145 0.34864524006843567
0 0.2593782991170883 0.7243736609816551 0.06839334964752197 0.24066679179668427
0 0.09334810078144073 0.5679705124348402 0.035792648792266846 0.055035825818777084
0 0.07739096879959106 0.641275204718113 0.052414990961551666 0.10698433220386505
