0 0.80269830301404 0.6195748150348663 0.05760488659143448 0.27770859003067017
0 0.5290889032185078 0.6138101369142532 0.07505116611719131 0.2542339861392975
0 0.8937333337962627 0.5020121335983276 0.04217710345983505 0.19859814643859863
0 0.8579496145248413 0.4913274720311165 0.03784894943237305 0.19190169870853424
0 0.5950319170951843 0.3601137213408947 0.022450923919677734 0.0907793864607811
0 0.6352324485778809 0.6068402081727982 0.12514901161193848 0.2957455813884735
0 0.7180423252284527 0.35118164122104645 0.03458990901708603 0.11683771014213562
0 0.6911505218595266 0.35422471910715103 0.02932138368487358 0.10401715338230133
0 0.540420163422823 0.3808949664235115 0.03168783336877823 0.1222626119852066
0 0.3886512219905853 0.33426133543252945 0.03095865249633789 0.06280727684497833
0 0.49105424899607897 0.3074253536760807 0.0163592342287302 0.04629654437303543
0 0.5243139620870352 0.2993146311491728 0.023362349718809128 0.04783609136939049
0 0.5812929151579738 0.33323631808161736 0.022959088906645775 0.07749470323324203
0 0.4582496527582407 0.30815643817186356 0.020218897610902786 0.05639006197452545
0 0.4124566074460745 0.32398509606719017 0.03316647931933403 0.07561766356229782
0 0.4396242443472147 0.30961092934012413 0.03097395971417427 0.07647370547056198
0 0.5169092174619436 0.35182471573352814 0.02618880197405815 0.07080820202827454
0 0.49743047961965203 0.27792041935026646 0.01352305430918932 0.02697228267788887
0 0.5241430290043354 0.32741880416870117 0.03455505520105362 0.059326171875
