0 0.7452206015586853 0.550323374569416 0.06233811378479004 0.216624453663826
0 0.8356380574405193 0.45342544466257095 0.034555815160274506 0.1702984720468521
0 0.5327064171433449 0.5561818331480026 0.06505389511585236 0.2278953492641449
0 0.5761205675080419 0.3440198712050915 0.022191429510712624 0.08060618489980698
0 0.8071963079273701 0.45168718695640564 0.03982052952051163 0.16687101125717163
0 0.5210842844098806 0.37329569086432457 0.023960541933774948 0.08342122286558151
0 0.696170199662447 0.3316584601998329 0.03316674381494522 0.09976501762866974
0 0.6452074535191059 0.49731137603521347 0.04493889957666397 0.13992856442928314
0 0.6015608198940754 0.577242374420166 0.06752286106348038 0.23155945539474487
0 0.49804142117500305 0.3283746838569641 0.027602434158325195 0.08085823059082031
0 0.6717284796759486 0.3343949392437935 0.026909684762358665 0.08952929079532623
0 0.45884225983172655 0.2915930449962616 0.016509199514985085 0.03656703233718872
0 0.36819226760417223 0.32229797169566154 0.029139423742890358 0.05890502780675888
0 0.548549366183579 0.32130342721939087 0.014246130362153053 0.07012778520584106
0 0.38509218115359545 0.3116817735135555 0.026257062330842018 0.06582539528608322
0 0.4299561381340027 0.2931069601327181 0.01856064796447754 0.0604037381708622
0 0.490730089135468 0.28115563839673996 0.02262439765036106 0.05194865167140961
0 0.46499624848365784 0.26704534981399775 0.01028585433959961 0.02545488066971302
0 0.40775524359196424 0.3070467598736286 0.02872142754495144 0.04878673702478409
0 0.41610792838037014 0.29713762551546097 0.024019192904233932 0.06610478460788727
0 0.5776974558830261 0.5754554346203804 0.04835796356201172 0.2227562814950943
0 0.5294015407562256 0.3267847467213869 0.013211727142333984 0.04701891914010048
0 0.3935807291418314 0.3052702583372593 0.020821262151002884 0.05633492022752762
0 0.6288010235875845 0.5155351459980011 0.06009669229388237 0.11195915937423706
0 0.8242268078029156 0.39495403319597244 0.03545179218053818 0.05474717915058136
