0 0.1826582197099924 0.8511641845107079 0.059733856469392776 0.22904281318187714
0 0.33312736079096794 0.7036710157990456 0.058487676084041595 0.22019369900226593
0 0.06534144654870033 0.7009914368391037 0.09863177686929703 0.26077672839164734
0 0.03135316469706595 0.6205883398652077 0.060258615761995316 0.11035151779651642
0 0.1485237143933773 0.5967801511287689 0.04933490604162216 0.13721615076065063
0 0.16888723894953728 0.7324466183781624 0.05553259700536728 0.22277463972568512
0 0.24076225981116295 0.6641936376690865 0.04295816272497177 0.09396006166934967
0 0.2736019045114517 0.7244870364665985 0.06133592128753662 0.28818243741989136
0 0.2021503634750843 0.5677725300192833 0.04445759207010269 0.11143188178539276
0 0.2557722870260477 0.6038216929882765 0.01817314699292183 0.0570366345345974
0 0.19142593070864677 0.6167157664895058 0.037452779710292816 0.10469742119312286
