0 0.33117773570120335 0.7136048376560211 0.04816572740674019 0.21914249658584595
0 0.20442380383610725 0.8802740797400475 0.06721798330545425 0.23935572803020477
0 0.13022766634821892 0.8080515265464783 0.08020145446062088 0.2739689350128174
0 0.18957895040512085 0.594201423227787 0.048827528953552246 0.1464824229478836
0 0.13676496408879757 0.5813268609344959 0.03687025234103203 0.11110619455575943
0 0.05917995795607567 0.6831647753715515 0.08240821957588196 0.25148093700408936
0 0.029697628764552064 0.6471556201577187 0.05916542559862137 0.16765911877155304
0 0.2783134877681732 0.7167638093233109 0.059064626693725586 0.24157896637916565
0 0.23324410617351532 0.6917256712913513 0.04264998435974121 0.16063439846038818
0 0.051193284190958366 0.6263909041881561 0.1020689383149147 0.14066463708877563
