0 0.9873023750260472 0.4533565491437912 0.025351906195282936 0.12896659970283508
0 0.4091945104300976 0.5263463482260704 0.05291595309972763 0.16058234870433807
0 0.5624138005077839 0.4736681133508682 0.033402539789676666 0.1484299600124359
0 0.43769857846200466 0.5947404429316521 0.03574509546160698 0.20326076447963715
0 0.39381149411201477 0.32183269411325455 0.022347211837768555 0.07381625473499298
0 0.33364078402519226 0.3241741769015789 0.025086641311645508 0.08757122606039047
0 0.16448400635272264 0.28729926235973835 0.020731354132294655 0.06172517314553261
0 0.5066934712231159 0.561499260365963 0.04775653034448624 0.21605126559734344
0 0.2891596080735326 0.29960035905241966 0.02877643145620823 0.066005639731884
0 0.5092795910313725 0.3724326938390732 0.029849911108613014 0.08513143658638
0 0.08924331236630678 0.30930452421307564 0.01888873614370823 0.07559768110513687
0 0.4822102067992091 0.3059166930615902 0.022910689935088158 0.06800990551710129
0 0.5044228192418814 0.3125545047223568 0.025820206850767136 0.0518447682261467
0 0.513618241995573 0.48931290209293365 0.03770413249731064 0.11917898058891296
0 0.536210810765624 0.3865783140063286 0.03425736352801323 0.08798031508922577
0 0.11736712604761124 0.3178623840212822 0.02716684341430664 0.08028636872768402
0 0.4212947264313698 0.5704770907759666 0.06820793449878693 0.15184055268764496
0 0.13710435666143894 0.29092823527753353 0.022206056863069534 0.043880145996809006
0 0.5317784547805786 0.4077719934284687 0.03269386291503906 0.07131097465753555
0 0.1068511288613081 0.3021250031888485 0.01981128379702568 0.07063501328229904
0 0.12725696992129087 0.28987848944962025 0.02999666891992092 0.04553515091538429
