0 0.7143051028251648 0.5352849587798119 0.05522012710571289 0.20256279408931732
0 0.525972343981266 0.5622482374310493 0.06585927307605743 0.22353346645832062
0 0.581582248210907 0.5602981448173523 0.07788991928100586 0.22556203603744507
0 0.8002960085868835 0.4462687745690346 0.04269242286682129 0.17188037931919098
0 0.5621578572317958 0.34193403646349907 0.02022228203713894 0.08914192765951157
0 0.6808387758210301 0.336150161921978 0.030948782339692116 0.07129965722560883
0 0.7797986157238483 0.44221362471580505 0.039481259882450104 0.15674340724945068
0 0.48083962220698595 0.3260447084903717 0.026230240240693092 0.06175583600997925
0 0.6568108797073364 0.3235366716980934 0.029272794723510742 0.07086558640003204
0 0.6221793051809072 0.47656622901558876 0.05310101434588432 0.11713290959596634
0 0.5068121794611216 0.3640723414719105 0.02185206487774849 0.0757245197892189
0 0.4652403537184 0.2847648523747921 0.019223738461732864 0.04550950974225998
0 0.4371348856948316 0.2891840822994709 0.015286254696547985 0.053802765905857086
0 0.4089554250240326 0.29322763718664646 0.018354058265686035 0.057361114770174026
0 0.34695118106901646 0.3184819836169481 0.029204297810792923 0.05174929276108742
0 0.5273866415955126 0.31276785396039486 0.014239740557968616 0.051336925476789474
0 0.3731397036463022 0.3040641061961651 0.03039698675274849 0.05522289127111435
0 0.36391058564186096 0.3011163007467985 0.02777099609375 0.05496957525610924
0 0.3883513631299138 0.30353389121592045 0.028563762083649635 0.05345185473561287
0 0.3959608320146799 0.28970443457365036 0.02319948747754097 0.05856172740459442
0 0.6707350015640259 0.29524748772382736 0.014966011047363281 0.03689835965633392
0 0.4739041686989367 0.25832190550863743 0.013509702868759632 0.023773957043886185
