0 0.47782980278134346 0.5827856734395027 0.04758629947900772 0.14983774721622467
0 0.3343655876815319 0.7026214227080345 0.0599612221121788 0.19829945266246796
0 0.20605848357081413 0.5536824204027653 0.04787024110555649 0.12128109484910965
0 0.13958477415144444 0.6891803592443466 0.054379094392061234 0.17724880576133728
0 0.28074337262660265 0.5060657225549221 0.02868499793112278 0.059472911059856415
0 0.40900918282568455 0.5944920927286148 0.05620305612683296 0.1473233997821808
0 0.25029672123491764 0.5150283947587013 0.025062967091798782 0.08954353630542755
0 0.11289947666227818 0.5650549568235874 0.04429115727543831 0.08900333195924759
0 0.3334852047264576 0.587913054972887 0.04179725795984268 0.09753981977701187
0 0.12102017365396023 0.6181712597608566 0.06154237315058708 0.1437823474407196
0 0.3563870843499899 0.5352979227900505 0.031172703951597214 0.05692456662654877
0 0.3979552509263158 0.5123127363622189 0.027138257399201393 0.07330500334501266
0 0.3717356203123927 0.5050483755767345 0.020305847749114037 0.039318762719631195
0 0.3973536491394043 0.5335664767771959 0.026563048362731934 0.05912530794739723
0 0.35445937514305115 0.6268197987228632 0.022167205810546875 0.04951633885502815
