0 0.39777577482163906 0.6351616308093071 0.04565281793475151 0.20072661340236664
0 0.6625771746039391 0.8222640603780746 0.07878236472606659 0.33816978335380554
0 0.27400361374020576 0.5790935680270195 0.043401576578617096 0.1791844218969345
0 0.7345499880611897 0.8004225492477417 0.07783637195825577 0.25461626052856445
0 0.5104143247008324 0.8865206837654114 0.07069544494152069 0.22695863246917725
0 0.1394691141322255 0.42168719694018364 0.030795717611908913 0.08473845571279526
0 0.6007263902574778 0.38288116082549095 0.025574494153261185 0.09282927960157394
0 0.6666389591991901 0.3746846094727516 0.03224954754114151 0.08471544086933136
0 0.2315946128219366 0.47642821818590164 0.03543729707598686 0.15651287138462067
0 0.7249356862157583 0.3576689101755619 0.03749437257647514 0.08398324996232986
0 0.6127116438001394 0.4683617986738682 0.03819436952471733 0.0866847112774849
0 0.10325535573065281 0.3682543486356735 0.0349225290119648 0.07549116015434265
0 0.2650166032835841 0.3733469247817993 0.02932915650308132 0.06025952100753784
0 0.06037878058850765 0.3671213500201702 0.03621135279536247 0.08487167209386826
0 0.24837119597941637 0.4020776879042387 0.029557133093476295 0.04192551597952843
0 0.122978868894279 0.372240437194705 0.016448652371764183 0.034800317138433456
0 0.2262615766376257 0.41247550770640373 0.03240663930773735 0.058781348168849945
0 0.2497829468920827 0.3354921340942383 0.014457130804657936 0.035640716552734375
0 0.21820632833987474 0.3774066064506769 0.023934150114655495 0.05419411137700081
0 0.24784269370138645 0.37694310024380684 0.042069483548402786 0.0523662343621254
