0 0.7274051196873188 0.5419749021530151 0.0589812770485878 0.22381621599197388
0 0.5294804088771343 0.5562337338924408 0.06525029987096786 0.19685333967208862
0 0.8184090256690979 0.45388609170913696 0.03360700607299805 0.16751629114151
0 0.590026281774044 0.5789685100317001 0.0737190693616867 0.24238958954811096
0 0.5684611080214381 0.34289370477199554 0.02120671235024929 0.08681085705757141
0 0.5127333281561732 0.36058807373046875 0.02240142785012722 0.10874617099761963
0 0.48868400417268276 0.32807499542832375 0.025875519961118698 0.06455523520708084
0 0.7873150110244751 0.4662769176065922 0.0345311164855957 0.11704207211732864
0 0.6374491937458515 0.4835660234093666 0.03822622448205948 0.1402883678674698
0 0.6643433813005686 0.3284725472331047 0.02857379987835884 0.08677588403224945
0 0.6882897615432739 0.3404994457960129 0.030660152435302734 0.06768366694450378
0 0.4473035456612706 0.2892078533768654 0.016486072912812233 0.05817277729511261
0 0.35506544075906277 0.3195333983749151 0.027926992624998093 0.053663890808820724
0 0.3725372850894928 0.31007564067840576 0.026989102363586426 0.06805801391601562
0 0.5376509069465101 0.31894414126873016 0.014392661862075329 0.06973281502723694
0 0.4767405390739441 0.2832958046346903 0.02097010612487793 0.04411839321255684
0 0.4182262597605586 0.29569632187485695 0.016422605141997337 0.04329342395067215
0 0.40003532730042934 0.3046636860817671 0.03311712667346001 0.05572694167494774
0 0.8002124782651663 0.3922864831984043 0.018922995775938034 0.04821980744600296
0 0.40136597119271755 0.27453146129846573 0.017212938517332077 0.025263383984565735
0 0.67725670337677 0.3031669296324253 0.016196727752685547 0.04568273574113846
0 0.48693642020225525 0.30973865278065205 0.025008201599121094 0.058366987854242325
0 0.5198641060851514 0.31969085708260536 0.010817336849868298 0.03517288714647293
0 0.6194817535579205 0.5059897862374783 0.03531660884618759 0.09515088051557541
0 0.3887091036885977 0.3041094411164522 0.023234199732542038 0.05311444774270058
