0 0.7387553565204144 0.6641660109162331 0.05630984157323837 0.1722620278596878
0 0.7403550632297993 0.5727759264409542 0.056382037699222565 0.10406582802534103
0 0.15550042130053043 0.6429909318685532 0.05307208374142647 0.15288111567497253
0 0.9015877954661846 0.7316536232829094 0.08706369251012802 0.22353969514369965
0 0.21724018454551697 0.5878143161535263 0.0513799786567688 0.20204856991767883
0 0.9576762542128563 0.7368099018931389 0.08464746177196503 0.19480811059474945
0 0.3902289867401123 0.45366203412413597 0.0353093147277832 0.08393596857786179
0 0.26521236076951027 0.6270894929766655 0.03691384941339493 0.16161511838436127
0 0.4594349442049861 0.4932722859084606 0.0301190372556448 0.11439933627843857
0 0.1650773100554943 0.5757994428277016 0.03289058059453964 0.1205945760011673
0 0.9725852012634277 0.6689157709479332 0.05417060852050781 0.1307470053434372
0 0.30964305996894836 0.5238443464040756 0.03528094291687012 0.11599048972129822
0 0.43314650654792786 0.48679158464074135 0.0274050235748291 0.1044623926281929
0 0.28015186823904514 0.516291968524456 0.03325824812054634 0.10739843547344208
0 0.5359988920390606 0.5131649300456047 0.03668536990880966 0.09713880717754364
0 0.48121842183172703 0.4878491647541523 0.03421955183148384 0.11903945356607437
0 0.5608950741589069 0.4598483070731163 0.050066329538822174 0.07635824382305145
0 0.5234966399148107 0.44454117864370346 0.02793898619711399 0.07274322211742401
0 0.5745070222765207 0.4737579543143511 0.038292694836854935 0.05126482620835304
0 0.5202570557594299 0.4242775961756706 0.02290821075439453 0.07522235810756683
