0 0.7291980981826782 0.6542022451758385 0.056595563888549805 0.16394822299480438
0 0.8702720999717712 0.7033687829971313 0.06695699691772461 0.2032032012939453
0 0.06450371444225311 0.5610599666833878 0.03315561264753342 0.13715431094169617
0 0.3247364219278097 0.5877531170845032 0.04288644716143608 0.23690515756607056
0 0.7647597193717957 0.5773448906838894 0.06022381782531738 0.09830903261899948
0 0.010073838755488396 0.5769325569272041 0.02014767751097679 0.13783790171146393
0 0.5882049445062876 0.46424273401498795 0.032557059079408646 0.08639933168888092
0 0.25516972690820694 0.6284041479229927 0.07405667006969452 0.20968402922153473
0 0.9441618099808693 0.6468625068664551 0.08281441032886505 0.126617431640625
0 0.9417021162807941 0.720734030008316 0.08091840893030167 0.18832439184188843
0 0.5443634269759059 0.525434784591198 0.027347659692168236 0.07716886699199677
0 0.43036047741770744 0.44981101527810097 0.037035129964351654 0.07437808066606522
0 0.2559935571625829 0.547851100564003 0.025690937414765358 0.09252658486366272
0 0.5103385038673878 0.49689893424510956 0.03757486492395401 0.10344937443733215
0 0.533659040927887 0.43792438320815563 0.016734600067138672 0.05597614869475365
0 0.4763689935207367 0.4949539080262184 0.05049943923950195 0.10889901220798492
0 0.5515080690383911 0.4619375132024288 0.02910900115966797 0.06393831223249435
0 0.4623297341167927 0.4597306214272976 0.032003022730350494 0.04772203415632248
