0 0.3751380145549774 0.6495215892791748 0.04440498352050781 0.1716848611831665
0 0.20511263236403465 0.8166780173778534 0.06938227266073227 0.2322651743888855
0 0.19123723730444908 0.5610992573201656 0.042854391038417816 0.10267465561628342
0 0.06168915890157223 0.6375087201595306 0.06516297906637192 0.14678865671157837
0 0.26908158138394356 0.628615640103817 0.038733698427677155 0.17156235873699188
0 0.30139458179473877 0.636159136891365 0.05261874198913574 0.20099177956581116
0 0.09043502062559128 0.6779009103775024 0.08914345502853394 0.187766432762146
0 0.2382993157953024 0.5452253855764866 0.043596815317869186 0.1007685735821724
0 0.20694569870829582 0.6540354490280151 0.06601371616125107 0.20789146423339844
0 0.12070373073220253 0.6110237203538418 0.03534356504678726 0.0715622827410698
0 0.12519855052232742 0.5908869542181492 0.04298049211502075 0.0827651098370552
0 0.2328194286674261 0.5812692008912563 0.03598983213305473 0.10058330744504929
