0 0.11681187897920609 0.8435217440128326 0.0634068101644516 0.2821144461631775
0 0.38891706988215446 0.7131700813770294 0.04499616473913193 0.251545250415802
0 0.3494233600795269 0.7583740800619125 0.040247105062007904 0.2511596381664276
0 0.20989683829247952 0.56751349568367 0.055919479578733444 0.1694369912147522
0 0.28477007895708084 0.769800990819931 0.06475217640399933 0.344463050365448
0 0.017686959356069565 0.6586311534047127 0.03537391871213913 0.13576842844486237
0 0.14400557801127434 0.644970141351223 0.045765720307826996 0.22426871955394745
0 0.08525881916284561 0.6232639327645302 0.07468990981578827 0.14126701653003693
0 0.25284743681550026 0.671741247177124 0.05300889164209366 0.162123441696167
0 0.1324908211827278 0.551548533141613 0.02999216318130493 0.10665737092494965
0 0.09542836248874664 0.5410845261067152 0.017888396978378296 0.05019497498869896
0 0.13192676194012165 0.5804702937602997 0.031778622418642044 0.06798774003982544
0 0.11380449216812849 0.5385205186903477 0.014416312798857689 0.05433667451143265
