0 0.06695477664470673 0.5940757989883423 0.07243328541517258 0.19479221105575562
0 0.3785172402858734 0.6903960630297661 0.047969818115234375 0.24207471311092377
0 0.22015675529837608 0.7484541535377502 0.0692734345793724 0.31055521965026855
0 0.28484385646879673 0.6231070011854172 0.04675417020916939 0.2134673297405243
0 0.46051364578306675 0.6418703347444534 0.04993610456585884 0.2442268431186676
0 0.4323594458401203 0.6513224169611931 0.03541002422571182 0.22300706803798676
0 0.33473112620413303 0.6388360485434532 0.036432910710573196 0.22610227763652802
0 0.14229630306363106 0.5506529174745083 0.04185614734888077 0.1172318384051323
0 0.26449714973568916 0.495523314923048 0.049819208681583405 0.12494315952062607
0 0.21661695837974548 0.5522749237716198 0.04026758670806885 0.11109479516744614
0 0.17244124971330166 0.5364858619868755 0.0350312702357769 0.10174276679754257
0 0.3204063419252634 0.6114704422652721 0.027090955525636673 0.06791814416646957
0 0.20056778751313686 0.4991484805941582 0.036648284643888474 0.05911742150783539
0 0.17557170987129211 0.4758535102009773 0.02143120765686035 0.05859430134296417
0 0.20559117197990417 0.48260393366217613 0.04235577583312988 0.07040112465620041
