0 0.3432224169373512 0.6366670876741409 0.06743140518665314 0.23852017521858215
0 0.47213065065443516 0.4985424354672432 0.04604630544781685 0.14878959953784943
0 0.5099583212286234 0.7267174646258354 0.04358654096722603 0.22929929196834564
0 0.5461412779986858 0.6235885098576546 0.046735428273677826 0.24893976747989655
0 0.8451472520828247 0.35848021879792213 0.03419303894042969 0.0809931829571724
0 0.24870866257697344 0.33445046842098236 0.022924447432160378 0.08528664708137512
0 0.5876572728157043 0.586853563785553 0.044149160385131836 0.19850951433181763
0 0.4011556748300791 0.4375692270696163 0.04385023191571236 0.11576669663190842
0 0.9526321291923523 0.3712570331990719 0.032321929931640625 0.10395901650190353
0 0.8461972959339619 0.45196976885199547 0.040114499628543854 0.09988110512495041
0 0.9829450361430645 0.3707389570772648 0.034109972417354584 0.0840919092297554
0 0.4170149564743042 0.3184008486568928 0.022443056106567383 0.07174483686685562
0 0.3183608762919903 0.3530416861176491 0.03361465781927109 0.08416201174259186
0 0.2038770578801632 0.31878215447068214 0.04016181081533432 0.07274038344621658
0 0.3799939211457968 0.40387798473238945 0.030352424830198288 0.10764893144369125
0 0.39546993374824524 0.3167179748415947 0.018395066261291504 0.07714693248271942
