0 0.1987973339855671 0.831240139901638 0.07435647398233414 0.24850337207317352
0 0.36929606832563877 0.6596343368291855 0.042110610753297806 0.17705294489860535
0 0.18797210976481438 0.5725023448467255 0.04249020665884018 0.11026221513748169
0 0.05877714976668358 0.6463721469044685 0.06310470402240753 0.1692958027124405
0 0.26466304436326027 0.6136243641376495 0.03935430198907852 0.136036217212677
0 0.08856172487139702 0.6775848567485809 0.09517659991979599 0.23091024160385132
0 0.2997920997440815 0.6429607421159744 0.05145678669214249 0.19968727231025696
0 0.23303790390491486 0.5642404779791832 0.0436549186706543 0.11973194777965546
0 0.20759668573737144 0.6525471433997154 0.07104762643575668 0.22302882373332977
0 0.13057033717632294 0.580129012465477 0.02138495445251465 0.06556972861289978
