0 0.8106284849345684 0.6614154279232025 0.05599679797887802 0.3107582926750183
0 0.5069069191813469 0.650714561343193 0.07246164977550507 0.2894990146160126
0 0.9027789235115051 0.5230810418725014 0.042113304138183594 0.21915842592716217
0 0.8634580262005329 0.5133190006017685 0.04013834148645401 0.20050862431526184
0 0.6018628105521202 0.6583479046821594 0.08173470199108124 0.3171188235282898
0 0.6605610847473145 0.5673822313547134 0.048597097396850586 0.20005688071250916
0 0.5816651694476604 0.36142948642373085 0.032675646245479584 0.11217571049928665
0 0.38009269908070564 0.3351803384721279 0.03989908844232559 0.08262651413679123
0 0.6814750675112009 0.36481813341379166 0.02685575559735298 0.11263175308704376
0 0.7085942979902029 0.3729314096271992 0.030305098742246628 0.09021500498056412
0 0.4831727920100093 0.3042510226368904 0.018886661157011986 0.0645713359117508
0 0.5319135077297688 0.3889107517898083 0.033498384058475494 0.12177564948797226
0 0.5208397153764963 0.2961580716073513 0.02738504484295845 0.06304215639829636
0 0.5140035208314657 0.36020712181925774 0.03711862489581108 0.07957013696432114
0 0.4518055319786072 0.31433411687612534 0.022471189498901367 0.0693386048078537
0 0.4133656211197376 0.3235055133700371 0.031789280474185944 0.08742628991603851
0 0.4301772890612483 0.31986935436725616 0.02259049378335476 0.07091346383094788
0 0.6975887059234083 0.3185979761183262 0.015519189648330212 0.04036981612443924
