0 0.3617806788533926 0.5825106799602509 0.03980536386370659 0.16954612731933594
0 0.39527062699198723 0.8486047834157944 0.06521358340978622 0.3027690351009369
0 0.6707658413797617 0.7158029675483704 0.05640225484967232 0.235373854637146
0 0.6013556960970163 0.7295722514390945 0.05791764333844185 0.26721373200416565
0 0.2760368883609772 0.5325151234865189 0.05380904674530029 0.1580592691898346
0 0.7296532150357962 0.37523576617240906 0.030769776552915573 0.09010922908782959
0 0.25043544452637434 0.47088316828012466 0.0290814395993948 0.08802630007266998
0 0.15631806291639805 0.3919091746211052 0.028934050351381302 0.0791204422712326
0 0.2920094970613718 0.3468145281076431 0.028014708310365677 0.07695338129997253
0 0.6608237624168396 0.37744056805968285 0.02576422691345215 0.0935063287615776
0 0.7917247768491507 0.35677630454301834 0.05108447000384331 0.07081915438175201
0 0.23891749419271946 0.3915557339787483 0.04150252416729927 0.08957470953464508
0 0.7810065262019634 0.9469972997903824 0.04138984531164169 0.10527470707893372
0 0.6621171711012721 0.4605493135750294 0.025769567117094994 0.0805654302239418
0 0.2539192382246256 0.3413053434342146 0.019377876073122025 0.05981534346938133
0 0.08608580380678177 0.3386197295039892 0.03543022274971008 0.05774913355708122
0 0.12550503015518188 0.35336328484117985 0.028631925582885742 0.0475362129509449
0 0.11823616921901703 0.3382272720336914 0.027589499950408936 0.05487346649169922
