0 0.7490525022149086 0.7759429812431335 0.1145598441362381 0.2398223876953125
0 0.5702427253127098 0.6259083524346352 0.0644252747297287 0.14393098652362823
0 0.6425826791673899 0.5567358359694481 0.04702644422650337 0.12840144336223602
0 0.9128434546291828 0.7568560317158699 0.09602461010217667 0.21946169435977936
0 0.9774806499481201 0.732809767127037 0.045038700103759766 0.16660460829734802
0 0.029138024896383286 0.48887690901756287 0.05827604979276657 0.11581861972808838
0 0.27979019843041897 0.43041231110692024 0.03138918802142143 0.06368700414896011
0 0.3460166212171316 0.4511679410934448 0.038111161440610886 0.09464102983474731
0 0.225153723731637 0.43418240919709206 0.03473799303174019 0.0875127986073494
0 0.4140300992876291 0.4538368172943592 0.05056731775403023 0.10968712717294693
0 0.486749654635787 0.5019882656633854 0.053894709795713425 0.1191900447010994
0 0.5725891105830669 0.457789596170187 0.050389669835567474 0.10655360668897629
0 0.46981826424598694 0.4600694067776203 0.035660743713378906 0.07879189401865005
0 0.3795762415975332 0.4590435102581978 0.029767345637083054 0.06928278505802155
0 0.5806533340364695 0.4318469949066639 0.03655390813946724 0.07607964426279068
0 0.3637700201943517 0.414776811376214 0.01577129401266575 0.04204334691166878
