0 0.030037111029741936 0.6438124254345894 0.060015201568603516 0.16543413698673248
0 0.3258018381893635 0.7759699821472168 0.05368790775537491 0.2623305320739746
0 0.14862288534641266 0.8138921856880188 0.0641019344329834 0.30267655849456787
0 0.23604274541139603 0.5381917059421539 0.0664474219083786 0.115733802318573
0 0.2591240219771862 0.6905713751912117 0.050617240369319916 0.23269106447696686
0 0.4127004146575928 0.687731608748436 0.042002201080322266 0.23659583926200867
0 0.37945758178830147 0.7155508473515511 0.03841099888086319 0.22185803949832916
0 0.17120535112917423 0.5782741233706474 0.04510604217648506 0.14801762998104095
0 0.2961259186267853 0.6888840198516846 0.04613804817199707 0.24606072902679443
0 0.09632369875907898 0.5995348319411278 0.03833773732185364 0.11817745864391327
0 0.1559387743473053 0.5616215094923973 0.034098267555236816 0.07805828750133514
0 0.12755829654634 0.5868818871676922 0.038488756865262985 0.1144113764166832
0 0.16459542512893677 0.5046133808791637 0.0223768949508667 0.06285353749990463
0 0.13278239220380783 0.5130279641598463 0.01752382516860962 0.04949307069182396
0 0.24769220128655434 0.4965163581073284 0.0431889072060585 0.06185027211904526
