0 0.2133631594479084 0.5539532452821732 0.041724659502506256 0.12930038571357727
0 0.49742134287953377 0.5577945038676262 0.04179511219263077 0.13866911828517914
0 0.1423836387693882 0.6708528101444244 0.05406323820352554 0.15454822778701782
0 0.2954557053744793 0.4838026985526085 0.03483261913061142 0.08185361325740814
0 0.35246673226356506 0.6458633169531822 0.04742157459259033 0.1784311980009079
0 0.2528838012367487 0.4915238358080387 0.022506166249513626 0.07482952624559402
0 0.4272756762802601 0.5784966796636581 0.05099043995141983 0.1291658580303192
0 0.40942749939858913 0.5251986365765333 0.02151460573077202 0.04703008756041527
0 0.12221353687345982 0.5916343554854393 0.05987213924527168 0.1502629965543747
0 0.38912509102374315 0.5020068734884262 0.01675429381430149 0.03438076376914978
0 0.3744745962321758 0.5348859950900078 0.03402986377477646 0.0784909576177597
0 0.11461592838168144 0.6520486883819103 0.04610990732908249 0.11875542253255844
