0 0.10900453478097916 0.8495622277259827 0.09361646324396133 0.2978113889694214
0 0.34864039346575737 0.7184518054127693 0.05145969241857529 0.22949232161045074
0 0.18819754756987095 0.5895865559577942 0.03997134044766426 0.14465582370758057
0 0.15668722055852413 0.5888480097055435 0.03118182346224785 0.14887359738349915
0 0.223360788077116 0.8702321648597717 0.06780125945806503 0.2590193748474121
0 0.03576119150966406 0.6324853748083115 0.05926777794957161 0.16558226943016052
0 0.07476180046796799 0.6987219974398613 0.060779571533203125 0.20271538197994232
0 0.29657345451414585 0.7658816128969193 0.05394439771771431 0.23577871918678284
0 0.2556672804057598 0.7322977036237717 0.076807402074337 0.26047608256340027
0 0.07393420860171318 0.6414427384734154 0.07009883224964142 0.17961446940898895
0 0.05533426906913519 0.6443229466676712 0.09519419819116592 0.12093403935432434
