0 0.9087834134697914 0.7496240213513374 0.09143371880054474 0.2214275747537613
0 0.5673012845218182 0.6322903037071228 0.0684608444571495 0.15399110317230225
0 0.7455149404704571 0.7829286083579063 0.12179460376501083 0.24643902480602264
0 0.028752004727721214 0.49179450422525406 0.05750400945544243 0.11534424126148224
0 0.6415465958416462 0.5538100004196167 0.04853472858667374 0.12662947177886963
0 0.4109728690236807 0.44954289123415947 0.045964550226926804 0.10429581254720688
0 0.9779134504497051 0.7233734503388405 0.0441073402762413 0.13539691269397736
0 0.2785651795566082 0.4305349625647068 0.03432144969701767 0.06299472600221634
0 0.3441358022391796 0.4463624022901058 0.03836359828710556 0.08702676743268967
0 0.4836255721747875 0.4952457547187805 0.06456723064184189 0.15123087167739868
0 0.22494203131645918 0.44098862260580063 0.031035160645842552 0.08156119287014008
0 0.374553669244051 0.43125852569937706 0.036078669130802155 0.07602076977491379
0 0.5696536302566528 0.4598843865096569 0.04510784149169922 0.08700629323720932
0 0.5734169837087393 0.4189486876130104 0.050267886370420456 0.0956006795167923
