0 0.4289262294769287 0.5496621951460838 0.05328512191772461 0.2288450449705124
0 0.4921388030052185 0.5340522453188896 0.0515594482421875 0.2363337129354477
0 0.3630139231681824 0.32580456882715225 0.02375614643096924 0.09075917303562164
0 0.31864190101623535 0.2937268577516079 0.026364684104919434 0.05658166855573654
0 0.41779838874936104 0.3219069316983223 0.035256482660770416 0.07330156862735748
0 0.5789779778569937 0.3892856650054455 0.030733060091733932 0.0984097346663475
0 0.13399507384747267 0.30664102360606194 0.018989121541380882 0.07320054620504379
0 0.553572284989059 0.3865075968205929 0.029521798714995384 0.11530547589063644
0 0.5757311694324017 0.4940662607550621 0.03364910930395126 0.12882982194423676
0 0.5103431586176157 0.3089565299451351 0.020504523068666458 0.07024245709180832
0 0.5350900646299124 0.31319151259958744 0.022546719759702682 0.05484708026051521
0 0.15982304234057665 0.29788199812173843 0.02649148739874363 0.07063664495944977
0 0.17821815330535173 0.2903864122927189 0.02580198086798191 0.054816074669361115
0 0.20232080854475498 0.277479600161314 0.028072703629732132 0.05430164188146591
