0 0.12371550314128399 0.6071254462003708 0.050369005650281906 0.14526447653770447
0 0.14463327825069427 0.7230004668235779 0.056616008281707764 0.207558274269104
0 0.22876501642167568 0.5316000171005726 0.047859858721494675 0.12099830061197281
0 0.018284279853105545 0.7095670104026794 0.03656855970621109 0.12451803684234619
0 0.28896778263151646 0.48514797165989876 0.034638334065675735 0.09680549055337906
0 0.3442466435953975 0.43862923607230186 0.026489948853850365 0.08443569391965866
0 0.6446907995268703 0.5053570121526718 0.029730653390288353 0.14702185988426208
0 0.37814041413366795 0.40823689848184586 0.02382807806134224 0.07719697058200836
0 0.5261587854474783 0.5584369525313377 0.02877206727862358 0.09657745063304901
0 0.47385954298079014 0.5305385887622833 0.0241425521671772 0.087086021900177
0 0.49271641951054335 0.46890175342559814 0.021944617852568626 0.07479286193847656
0 0.565179705619812 0.5184285081923008 0.024008750915527344 0.07899738103151321
