0 0.18298200517892838 0.8044348210096359 0.0698762983083725 0.32928094267845154
0 0.04009523510467261 0.614773765206337 0.07911615073680878 0.17052319645881653
0 0.35224825143814087 0.7358682155609131 0.0491025447845459 0.25747787952423096
0 0.25119278207421303 0.5306219160556793 0.06683812290430069 0.14742511510849
0 0.4363521821796894 0.6805905699729919 0.04401383548974991 0.27179086208343506
0 0.31089312955737114 0.6784285008907318 0.03841497749090195 0.25658339262008667
0 0.26875793375074863 0.6613753885030746 0.05887250974774361 0.20146510004997253
0 0.4078494720160961 0.6950158551335335 0.040279172360897064 0.23796547949314117
0 0.11938919499516487 0.5840429626405239 0.04185045510530472 0.10411631315946579
0 0.1464126231148839 0.5546221882104874 0.03049703873693943 0.08633854985237122
0 0.18838553689420223 0.5616270676255226 0.04973114654421806 0.16471387445926666
0 0.1528295548632741 0.4940529838204384 0.015890920534729958 0.05081452429294586
0 0.16446148790419102 0.5493069551885128 0.054560113698244095 0.09993981570005417
0 0.12966150511056185 0.5024136323481798 0.014642441645264626 0.051879290491342545
