0 0.5648200754076242 0.5310842022299767 0.02982049062848091 0.13518749177455902
0 0.01894630305469036 0.6727623417973518 0.03789260610938072 0.12130190432071686
0 0.4179972819983959 0.6011736765503883 0.040356896817684174 0.1736881285905838
0 0.12749427929520607 0.6136190518736839 0.05859478563070297 0.16122452914714813
0 0.4949583411216736 0.5341200456023216 0.029675006866455078 0.1411956399679184
0 0.15566901490092278 0.6682774946093559 0.05374445766210556 0.16871105134487152
0 0.2519940845668316 0.5218722745776176 0.039510391652584076 0.11744414269924164
0 0.3288979232311249 0.45090820640325546 0.02445352077484131 0.08488117158412933
0 0.1746267583221197 0.5414093770086765 0.050178300589323044 0.09517008811235428
0 0.4688928183168173 0.4815981648862362 0.026118945330381393 0.07149975746870041
0 0.2870768550783396 0.48163015209138393 0.029948163777589798 0.058770667761564255
0 0.4339679293334484 0.5110964998602867 0.03258552402257919 0.06414036452770233
0 0.3045600540935993 0.4526434261351824 0.03540680557489395 0.053145769983530045
0 0.44658094085752964 0.4730553347617388 0.0163758285343647 0.03992975130677223
