0 0.7889431361109018 0.5857637897133827 0.06179194524884224 0.23292715847492218
0 0.5391270890831947 0.58182542771101 0.07171793282032013 0.23711149394512177
0 0.8795015811920166 0.4893731623888016 0.03754377365112305 0.1920364797115326
0 0.8450815435498953 0.5038078427314758 0.03756303712725639 0.1319621205329895
0 0.5954482555389404 0.35339362919330597 0.023056745529174805 0.09169027209281921
0 0.6438377723097801 0.5889651775360107 0.10485272109508514 0.2919462323188782
0 0.5406563999131322 0.372283760458231 0.02855529822409153 0.10955632477998734
0 0.7202647570520639 0.35851388424634933 0.029538918286561966 0.07822965085506439
0 0.693331528455019 0.346723560243845 0.032079316675662994 0.09900862723588943
0 0.5976903922855854 0.5730328112840652 0.04945502430200577 0.17020216584205627
0 0.5199840068817139 0.34106823429465294 0.03136491775512695 0.06900107115507126
0 0.5755327939987183 0.3288249373435974 0.019167423248291016 0.07700598239898682
0 0.3892932776361704 0.32131991162896156 0.031151819974184036 0.07280934602022171
0 0.48662484250962734 0.3030025865882635 0.017887543886899948 0.048825304955244064
0 0.39899090491235256 0.33050917088985443 0.04827530309557915 0.061366885900497437
0 0.4550627823919058 0.3030804209411144 0.018426846712827682 0.05527021735906601
0 0.5199048640206456 0.2913510873913765 0.019942903891205788 0.04463823139667511
0 0.4390544891357422 0.303920142352581 0.020220279693603516 0.06942020356655121
0 0.4106949679553509 0.3213353790342808 0.04136290401220322 0.07706273347139359
0 0.7094900365918875 0.3073480501770973 0.018185805529356003 0.03641088306903839
0 0.4936251761391759 0.27488397993147373 0.011596346274018288 0.027543533593416214
0 0.012340345419943333 0.33282001316547394 0.024680690839886665 0.0712561309337616
0 0.8525115130469203 0.41706645861268044 0.01643810234963894 0.05253774672746658
0 0.6848110435530543 0.4737182706594467 0.026276683434844017 0.06391546130180359
