0 0.3687653951346874 0.6193339824676514 0.04014911502599716 0.19167006015777588
0 0.6215178854763508 0.80482117831707 0.06348858028650284 0.35176882147789
0 0.27640325389802456 0.5671498998999596 0.04173262044787407 0.1910480111837387
0 0.6952136754989624 0.7651534080505371 0.06827831268310547 0.257043719291687
0 0.43378813192248344 0.8722939640283585 0.062039993703365326 0.25541093945503235
0 0.704784226603806 0.3690170682966709 0.028923893347382545 0.0895809605717659
0 0.6390668749809265 0.42445729672908783 0.030160903930664062 0.17888954281806946
0 0.27803279738873243 0.3562465086579323 0.027468418702483177 0.09175486862659454
0 0.11181538365781307 0.3538414891809225 0.02914334461092949 0.060110580176115036
0 0.0763708595186472 0.3534644804894924 0.03471405431628227 0.05681627243757248
0 0.23515545949339867 0.4520927220582962 0.042444609105587006 0.1759410798549652
0 0.765880798920989 0.3511466607451439 0.04235072061419487 0.0766475647687912
0 0.149109011515975 0.4079071804881096 0.030104707926511765 0.0917876809835434
0 0.841158390045166 0.9560920409858227 0.042876243591308594 0.08755942434072495
0 0.13419158477336168 0.3641446903347969 0.013787293806672096 0.036470964550971985
0 0.23858210444450378 0.3562158327549696 0.02018296718597412 0.036609288305044174
