0 0.10813551768660545 0.8489797413349152 0.09093125909566879 0.3020405173301697
0 0.349031412974 0.7213030308485031 0.05108289793133736 0.2330152690410614
0 0.15865078009665012 0.5807788595557213 0.032579172402620316 0.13124601542949677
0 0.18838806822896004 0.5870890095829964 0.03816197067499161 0.13548673689365387
0 0.22305907681584358 0.870583564043045 0.06187436729669571 0.2546258568763733
0 0.036344731226563454 0.6365325078368187 0.05782680585980415 0.1672910898923874
0 0.2999095432460308 0.7539237961173058 0.0532776340842247 0.20872120559215546
0 0.24204635620117188 0.690618135035038 0.049097299575805664 0.14761097729206085
0 0.07636187598109245 0.6349379569292068 0.06641091406345367 0.17685618996620178
0 0.08025256171822548 0.7027613669633865 0.054174572229385376 0.1949409544467926
0 0.27080417796969414 0.7012384459376335 0.04651596397161484 0.19831441342830658
0 0.05876030959188938 0.5799462143331766 0.016332734376192093 0.05279969051480293
