0 0.4837925061583519 0.6257140561938286 0.06692557036876678 0.1718047708272934
0 0.6274129636585712 0.748104877769947 0.10057816654443741 0.24358512461185455
0 0.8496583104133606 0.7219152525067329 0.09832477569580078 0.21280385553836823
0 0.6144774667918682 0.5391949228942394 0.044547222554683685 0.12098982185125351
0 0.18286192417144775 0.4255491867661476 0.04810929298400879 0.0963115245103836
0 0.4319640286266804 0.48795950412750244 0.055756665766239166 0.09736412763595581
0 0.2356001678854227 0.416396826505661 0.038309384137392044 0.07506883144378662
0 0.36337272450327873 0.4470956176519394 0.06511511653661728 0.1338801085948944
0 0.4411865659058094 0.4373345859348774 0.031546689569950104 0.07437638193368912
0 0.30959013663232327 0.4214482009410858 0.034745167940855026 0.078266441822052
0 0.559849763289094 0.43777167424559593 0.0374174602329731 0.07712762802839279
0 0.9899014588445425 0.6926474645733833 0.020197104662656784 0.06751526892185211
0 0.5725772865116596 0.41087042167782784 0.03805289417505264 0.0633334293961525
0 0.6100512985140085 0.4073214866220951 0.02427058294415474 0.06808925420045853
0 0.5855610612779856 0.3989845719188452 0.023543644696474075 0.044771235436201096
