0 0.6033961530774832 0.5084435194730759 0.03856916353106499 0.1410687267780304
0 0.4180357875302434 0.3293154276907444 0.017947101965546608 0.08948374539613724
0 0.480843972414732 0.5309761986136436 0.08680524677038193 0.20674298703670502
0 0.21879118401557207 0.29922324046492577 0.026149297133088112 0.07491158694028854
0 0.5911939619109035 0.3224364258348942 0.029277658089995384 0.0643276646733284
0 0.37767196260392666 0.30132873356342316 0.02138538286089897 0.06967654824256897
0 0.4433667417615652 0.306587602943182 0.01763291284441948 0.04817979782819748
0 0.6580225229263306 0.41530968993902206 0.029948711395263672 0.13024471700191498
0 0.6358319874852896 0.40199656039476395 0.03343791887164116 0.1385733038187027
0 0.3069146517664194 0.2713612727820873 0.029675770550966263 0.05929618328809738
0 0.4711549337953329 0.3271811157464981 0.023642253130674362 0.06782767176628113
0 0.2435957584530115 0.30791430175304413 0.02413623407483101 0.06929478049278259
0 0.5640067579224706 0.3117307275533676 0.021277332678437233 0.0751783549785614
0 0.529845392331481 0.46621641516685486 0.03148598596453667 0.12537455558776855
0 0.26855272613465786 0.28102273121476173 0.026752781122922897 0.06752664595842361
0 0.5033995267003775 0.47602691873908043 0.06152982637286186 0.10422372072935104
0 0.5782329202629626 0.27975021209567785 0.010847044177353382 0.028336016461253166
0 0.2575437966734171 0.2830617371946573 0.028884101659059525 0.059962738305330276
