0 0.1586198564618826 0.48224544525146484 0.06197477504611015 0.146198570728302
0 0.451008141040802 0.9086787477135658 0.05474567413330078 0.18264253437519073
0 0.5132663063704967 0.5421574637293816 0.038190506398677826 0.1993621438741684
0 0.4454968813806772 0.5403500869870186 0.041480351239442825 0.1726028472185135
0 0.5466542728245258 0.5245800837874413 0.04449496418237686 0.1888589709997177
0 0.22958188317716122 0.4545716680586338 0.038542937487363815 0.08796001225709915
0 0.3372828960418701 0.587121844291687 0.06280529499053955 0.23223185539245605
0 0.3186688721179962 0.42238369956612587 0.019723057746887207 0.11212492734193802
0 0.386975908651948 0.510551929473877 0.03296308591961861 0.14951926469802856
0 0.3564469162374735 0.425747100263834 0.043587613850831985 0.09969622641801834
0 0.28387485817074776 0.4473360516130924 0.03919193893671036 0.09852934628725052
0 0.42931197863072157 0.5164205953478813 0.024623489007353783 0.1514684408903122
0 0.2655568979680538 0.44663648307323456 0.048038505017757416 0.10426309704780579
0 0.25329736433923244 0.42803995683789253 0.03605611249804497 0.07713440805673599
0 0.3433252386748791 0.500901609659195 0.05361046642065048 0.17300385236740112
0 0.2862005829811096 0.3912073876708746 0.02594923973083496 0.056215327233076096
