0 0.15036321431398392 0.6902350038290024 0.05612915754318237 0.17823359370231628
0 0.0198405422270298 0.7018938884139061 0.0396810844540596 0.12839774787425995
0 0.6329140784218907 0.5004428401589394 0.025746488943696022 0.1306638866662979
0 0.21490361355245113 0.5324456691741943 0.04642052575945854 0.12053710222244263
0 0.2759265713393688 0.495901670306921 0.03336360305547714 0.10920100659132004
0 0.12627765908837318 0.6123173087835312 0.04812697321176529 0.15617522597312927
0 0.3274401370435953 0.43763089925050735 0.026400495320558548 0.07530178129673004
0 0.5542790768668056 0.5178690664470196 0.023624038323760033 0.10242661088705063
0 0.3621706310659647 0.41268790885806084 0.025435734540224075 0.06581344455480576
0 0.5122936610132456 0.5492748245596886 0.030659247189760208 0.08279304206371307
0 0.564853978343308 0.4542677477002144 0.01656045950949192 0.06595386564731598
0 0.4691635072231293 0.5198229141533375 0.024562358856201172 0.07355210930109024
0 0.36857181787490845 0.3853811863809824 0.011650562286376953 0.027939606457948685
