0 0.10110902786254883 0.856820747256279 0.09637711197137833 0.2863585650920868
0 0.26096098870038986 0.7856321334838867 0.08145551383495331 0.36125361919403076
0 0.3658925537019968 0.7133587524294853 0.04949622228741646 0.24183069169521332
0 0.31945526599884033 0.7698193490505219 0.04699277877807617 0.24792319536209106
0 0.19104498997330666 0.5793867334723473 0.05929849296808243 0.16412149369716644
0 0.11210255138576031 0.6738010197877884 0.04903341457247734 0.21028569340705872
0 0.05358736962080002 0.6149274110794067 0.05714542418718338 0.16400277614593506
0 0.09030123241245747 0.6155964285135269 0.05807436630129814 0.17629411816596985
0 0.10842239391058683 0.551510276272893 0.0173723753541708 0.050879839807748795
0 0.09546264447271824 0.5543594416230917 0.015873122960329056 0.04791976138949394
