0 0.4105669744312763 0.5944790467619896 0.054528094828128815 0.1580912321805954
0 0.5232325308024883 0.7083256393671036 0.06196226924657822 0.20020154118537903
0 0.7808221094310284 0.7156795412302017 0.1115659698843956 0.22277310490608215
0 0.9781776182353497 0.7688376381993294 0.04364480823278427 0.15765215456485748
0 0.6014695521444082 0.533085510134697 0.04829687997698784 0.1375022828578949
0 0.19791673123836517 0.4002766516059637 0.047106921672821045 0.060802798718214035
0 0.41181314550340176 0.43484123796224594 0.047516774386167526 0.07036124169826508
0 0.1390114724636078 0.40662477537989616 0.04865843057632446 0.07072576135396957
0 0.552772331982851 0.4324389211833477 0.04102835804224014 0.08538564294576645
0 0.3773377649486065 0.47918979078531265 0.04553105682134628 0.08233536779880524
0 0.2794413026422262 0.41318922862410545 0.0373200885951519 0.08401667326688766
0 0.31338831037282944 0.44925112277269363 0.06748633086681366 0.09562386572360992
0 0.6261238576844335 0.39803468249738216 0.027713442221283913 0.06084887310862541
0 0.5819574948400259 0.3958408571779728 0.03459186479449272 0.06171590834856033
0 0.32716516219079494 0.42799030989408493 0.04354209825396538 0.07743869721889496
0 0.6002477649599314 0.39052952267229557 0.03155045583844185 0.05538495257496834
0 0.3237469084560871 0.403927456587553 0.04443047195672989 0.07910986989736557
0 0.5970352413132787 0.3740592934191227 0.02831592597067356 0.05366212874650955
