0 0.8896469958126545 0.748373344540596 0.11247120052576065 0.23496416211128235
0 0.6761744730174541 0.7507790997624397 0.09623255580663681 0.2165861278772354
0 0.523378849029541 0.633413776755333 0.07058477401733398 0.18311581015586853
0 0.6263293512165546 0.5532574355602264 0.04886016994714737 0.13050711154937744
0 0.2026199884712696 0.426171388477087 0.035433150827884674 0.08977555483579636
0 0.25905516743659973 0.4296294040977955 0.04103970527648926 0.08560553938150406
0 0.46100142039358616 0.48332444578409195 0.05921988561749458 0.14922447502613068
0 0.3251523617655039 0.44003627449274063 0.0335729606449604 0.0904502421617508
0 0.9881742717698216 0.7168578170239925 0.02364959754049778 0.11329739540815353
0 0.38849821127951145 0.45243678614497185 0.055210281163454056 0.1133931502699852
0 0.5624026544392109 0.4458134323358536 0.04446611553430557 0.07470563054084778
0 0.3636479498818517 0.439884003251791 0.03033282794058323 0.08831452578306198
0 0.6037780167534947 0.4321129787713289 0.026635313406586647 0.05715802684426308
0 0.5700112823396921 0.4142662174999714 0.05429654195904732 0.06084594875574112
0 0.3624274078756571 0.4130799639970064 0.03368525579571724 0.05523291602730751
