0 0.38232864160090685 0.32571398466825485 0.0192584041506052 0.0900907963514328
0 0.44039695896208286 0.3273444287478924 0.020447779446840286 0.07416506856679916
0 0.3410994354635477 0.30252640694379807 0.028988052159547806 0.07005320489406586
0 0.16259118355810642 0.30272694677114487 0.021338213235139847 0.07394926249980927
0 0.49138612672686577 0.5229036435484886 0.06085195392370224 0.22870902717113495
0 0.4396853093057871 0.5173047184944153 0.0524020679295063 0.190740168094635
0 0.5935685634613037 0.4557706490159035 0.055039167404174805 0.2256777435541153
0 0.5289405463263392 0.3116620257496834 0.023003434762358665 0.07408328354358673
0 0.5514233950525522 0.29666575230658054 0.02606682851910591 0.06018303707242012
0 0.23979304730892181 0.27379353158175945 0.024919629096984863 0.06236913427710533
0 0.4199329735711217 0.30605945736169815 0.018729353323578835 0.04524601995944977
0 0.19064141251146793 0.30622754245996475 0.02688072994351387 0.06732238829135895
0 0.5061898827552795 0.4562917612493038 0.041586875915527344 0.10437159985303879
0 0.20809192955493927 0.2862788513302803 0.02413696050643921 0.057535067200660706
