0 0.7999405860900879 0.6119810044765472 0.06016135215759277 0.25991708040237427
0 0.5328954346477985 0.6160878539085388 0.07121215015649796 0.27131325006484985
0 0.8555068485438824 0.4846503809094429 0.037094973027706146 0.17915166914463043
0 0.8909953832626343 0.49525870382785797 0.04702281951904297 0.19713088870048523
0 0.6152991876006126 0.6144037693738937 0.08126430213451385 0.2551056444644928
0 0.5408056620508432 0.3776080124080181 0.03016190603375435 0.11950083822011948
0 0.5957603212445974 0.3583884723484516 0.02278108522295952 0.08988157659769058
0 0.6737478021532297 0.5446118414402008 0.051351118832826614 0.1747031807899475
0 0.720127772539854 0.36109236255288124 0.03142180293798447 0.07357419282197952
0 0.4910678565502167 0.30741431564092636 0.0174405574798584 0.04908250272274017
0 0.6923795221373439 0.3522714637219906 0.026727771386504173 0.09777116030454636
0 0.5242693424224854 0.2959866151213646 0.021966218948364258 0.04720376431941986
0 0.580059802159667 0.33925802260637283 0.019207190722227097 0.07037223875522614
0 0.3925763126462698 0.3260865956544876 0.03610379621386528 0.07804504036903381
0 0.5185582879930735 0.35014010965824127 0.02738504484295845 0.07316061854362488
0 0.4582542423158884 0.3069564253091812 0.020543385297060013 0.05569949746131897
0 0.4971185983158648 0.277409914880991 0.0130166532471776 0.02910340577363968
0 0.4400923252105713 0.31136757880449295 0.03095865249633789 0.05864579975605011
0 0.7112089870497584 0.310416616499424 0.018160199746489525 0.036219850182533264
0 0.415094381198287 0.3178236670792103 0.02611083909869194 0.06126592308282852
0 0.649638332426548 0.5596242100000381 0.07405300438404083 0.14297744631767273
0 0.5240699406713247 0.3329952470958233 0.03530759736895561 0.07769878953695297
