0 0.6373414751142263 0.6699137091636658 0.041871022433042526 0.21624755859375
0 0.3713415451347828 0.5665487721562386 0.04892418533563614 0.17782266438007355
0 0.5757324211299419 0.7052411586046219 0.05356898158788681 0.27339401841163635
0 0.3495287410914898 0.8018242865800858 0.07254793494939804 0.3093074858188629
0 0.6955094821751118 0.9097878560423851 0.05552683025598526 0.17959849536418915
0 0.7783236503601074 0.37206925451755524 0.03275012969970703 0.09898641705513
0 0.30042024329304695 0.5114156603813171 0.04358277469873428 0.1631365418434143
0 0.2709018709138036 0.4428999722003937 0.029208922758698463 0.13389265537261963
0 0.17544138990342617 0.3763911910355091 0.03514159843325615 0.0940045490860939
0 0.7019834276288748 0.4052945598959923 0.030289124697446823 0.1661141961812973
0 0.3220894932746887 0.3461580015718937 0.02752053737640381 0.057094402611255646
0 0.10632053576409817 0.3410342112183571 0.035577040165662766 0.07385469973087311
0 0.24746741354465485 0.3855217210948467 0.03561294078826904 0.0937405452132225
0 0.2861072961241007 0.3376754019409418 0.0188857801258564 0.061072010546922684
0 0.1379832848906517 0.33722526766359806 0.031063318252563477 0.05977245047688484
0 0.8374405261129141 0.3565806783735752 0.0518919937312603 0.063796766102314
0 0.3134069321677089 0.3076917864382267 0.01163778267800808 0.03195042163133621
0 0.8257185937836766 0.33040157705545425 0.02965679205954075 0.04065312445163727
