0 0.40660968981683254 0.5243661403656006 0.05045909807085991 0.15460515022277832
0 0.5780131928622723 0.7638749033212662 0.10160317271947861 0.4722502529621124
0 0.3213426098227501 0.7028521224856377 0.07684628665447235 0.24997614324092865
0 0.766496610827744 0.44213204458355904 0.02837982214987278 0.09577522426843643
0 0.27030259370803833 0.37306737154722214 0.031067252159118652 0.0966988056898117
0 0.33415362797677517 0.46183646470308304 0.04608721658587456 0.12510283291339874
0 0.8448052406311035 0.3720146343111992 0.03749275207519531 0.09664706885814667
0 0.3606783803552389 0.33602500334382057 0.023113321512937546 0.057154782116413116
0 0.30939656496047974 0.41840261593461037 0.02756333351135254 0.06513477116823196
0 0.3311141971498728 0.3343455120921135 0.020969320088624954 0.07334499061107635
0 0.7607339862734079 0.3686132915318012 0.03384094312787056 0.06570527702569962
0 0.9180854447185993 0.34988100081682205 0.039836980402469635 0.07735271751880646
0 0.20132313948124647 0.3552117347717285 0.026457345113158226 0.08515453338623047
0 0.16483300924301147 0.31799929216504097 0.02636539936065674 0.04785726219415665
0 0.8902906179428101 0.35356201231479645 0.0308685302734375 0.05849537253379822
0 0.13762195874005556 0.32661881670355797 0.030799949541687965 0.07531403750181198
0 0.8917571427300572 0.372976740822196 0.028112316504120827 0.053747814148664474
0 0.3158934833481908 0.37572111189365387 0.013521933928132057 0.03711429238319397
0 0.9100222829729319 0.3687255121767521 0.04635648801922798 0.05783284455537796
0 0.3512918292544782 0.29471308179199696 0.009752082638442516 0.02341276779770851
