0 0.9752463456243277 0.7737283855676651 0.04950733110308647 0.1565321981906891
0 0.7703414186835289 0.7196826189756393 0.11219625174999237 0.2331359088420868
0 0.5154777579009533 0.7102706208825111 0.06811942905187607 0.20619769394397736
0 0.5953362584114075 0.5186629667878151 0.03872871398925781 0.11357112228870392
0 0.13412706926465034 0.4116876758635044 0.046616099774837494 0.09083438664674759
0 0.5524927861988544 0.4316304326057434 0.04095134884119034 0.08363151550292969
0 0.39998375810682774 0.5871352404356003 0.052021075040102005 0.1573697030544281
0 0.41272878646850586 0.4413697086274624 0.049191951751708984 0.08452784270048141
0 0.19169639982283115 0.40498681366443634 0.04310803487896919 0.06529214978218079
0 0.2732858657836914 0.4075761027634144 0.03622031211853027 0.0689493790268898
0 0.3735034819692373 0.49552055820822716 0.04947347566485405 0.11091160029172897
0 0.583140766248107 0.39577053114771843 0.03454537317156792 0.06861915439367294
0 0.3119999524205923 0.45277025550603867 0.04187114164233208 0.06654302775859833
0 0.3265471700578928 0.41639259457588196 0.028700996190309525 0.052036285400390625
0 0.6283923387527466 0.40317805111408234 0.027322769165039062 0.07013401389122009
0 0.6013446692377329 0.38944887928664684 0.02601771429181099 0.055605825036764145
0 0.3057589652016759 0.38040660321712494 0.014818573370575905 0.03581508994102478
0 0.30504036508500576 0.4363388530910015 0.05147547647356987 0.07934197038412094
0 0.32922154664993286 0.44528685323894024 0.020301222801208496 0.045497383922338486
