0 0.02158403677469778 0.6796143501996994 0.043165870010852814 0.11917576193809509
0 0.15516719780862331 0.6875349655747414 0.055691372603178024 0.17561717331409454
0 0.20264218375086784 0.5452815443277359 0.03462442010641098 0.12869784235954285
0 0.26237921975553036 0.4901863746345043 0.03040022775530815 0.08750089257955551
0 0.1273164302110672 0.6060035601258278 0.04809296131134033 0.1509685069322586
0 0.6113794324919581 0.5105854272842407 0.026133393868803978 0.13070166110992432
0 0.3067889753729105 0.45975737273693085 0.021535564213991165 0.06104198098182678
0 0.5324329258874059 0.5340595431625843 0.02343144454061985 0.07788149267435074
0 0.4795656446367502 0.5756532624363899 0.03389458730816841 0.1377629190683365
0 0.3352261185646057 0.4306553043425083 0.025380730628967285 0.04806692153215408
0 0.5023420099169016 0.46721645817160606 0.018152762204408646 0.07838337868452072
0 0.4721032679080963 0.47077762708067894 0.02772808074951172 0.07910966128110886
0 0.5468422649428248 0.47842067293822765 0.01702246628701687 0.05309736356139183
0 0.4546248074620962 0.542185615748167 0.026688527315855026 0.0940631851553917
0 0.5382708432152867 0.4822523407638073 0.024094248190522194 0.04926779121160507
0 0.30912803392857313 0.42055361717939377 0.023970937356352806 0.032359227538108826
