0 0.14502639323472977 0.716934509575367 0.05685383081436157 0.19721879065036774
0 0.22616055607795715 0.5237541198730469 0.04469335079193115 0.109488844871521
0 0.018692955489285623 0.7016436122357845 0.037385232746601105 0.11691050976514816
0 0.12470941059291363 0.6190880089998245 0.052058588713407516 0.15696457028388977
0 0.6426785467192531 0.5123485401272774 0.028369760140776634 0.14720691740512848
0 0.28677626326680183 0.49347157776355743 0.0363677516579628 0.11361554265022278
0 0.3418735917657614 0.4399600625038147 0.030495237559080124 0.07629746198654175
0 0.5246001239866018 0.550705473870039 0.029130887240171432 0.11924590915441513
0 0.3767350194975734 0.40836575627326965 0.024698471650481224 0.07879859209060669
0 0.47376073617488146 0.5237318426370621 0.024587059393525124 0.12925538420677185
0 0.5674752835184336 0.44638317078351974 0.016567755490541458 0.08044318854808807
0 0.5638652797788382 0.523986641317606 0.02339167520403862 0.08317447453737259
0 0.49171584844589233 0.462569497525692 0.02313542366027832 0.08958761394023895
0 0.5151564837433398 0.45202260836958885 0.01557226199656725 0.07948129624128342
