0 0.29312423430383205 0.6373494789004326 0.04012865945696831 0.22035203874111176
0 0.4455607533454895 0.6372096836566925 0.05056023597717285 0.19108480215072632
0 0.7187713384628296 0.834267869591713 0.09685492515563965 0.3223252594470978
0 0.5961249358952045 0.9035570621490479 0.07242140918970108 0.19209027290344238
0 0.6461739782243967 0.3835238553583622 0.036925364285707474 0.08916837722063065
0 0.14715222641825676 0.4114563651382923 0.0456109419465065 0.10580948740243912
0 0.7015827186405659 0.36686041578650475 0.03585872799158096 0.08405541628599167
0 0.7914653792977333 0.8189237862825394 0.09121628105640411 0.2392423450946808
0 0.588241433724761 0.47357333078980446 0.026712607592344284 0.12102801352739334
0 0.06376350857317448 0.37091901525855064 0.03954891487956047 0.07120084017515182
0 0.10427727550268173 0.3671816252171993 0.034807831048965454 0.07006543129682541
0 0.23057252541184425 0.45944662392139435 0.061487115919589996 0.25155356526374817
0 0.5828324910253286 0.4020966961979866 0.025514792650938034 0.0513196736574173
0 0.2633817847818136 0.37549303099513054 0.028351258486509323 0.04118921607732773
0 0.25468152202665806 0.46481840312480927 0.05875139310956001 0.23528757691383362
0 0.2122116032987833 0.3585099671036005 0.023375559598207474 0.049831051379442215
