0 0.19555404037237167 0.8388100564479828 0.0671454519033432 0.2677075266838074
0 0.36289614997804165 0.6706549450755119 0.04711253568530083 0.19055591523647308
0 0.18251213058829308 0.5838929563760757 0.04701872915029526 0.11685863137245178
0 0.05413931980729103 0.6192681044340134 0.06273724138736725 0.12975260615348816
0 0.1949123851954937 0.6700300052762032 0.04777850955724716 0.15195299685001373
0 0.08110355585813522 0.6974696591496468 0.08837408572435379 0.22648252546787262
0 0.2949735876172781 0.6843713819980621 0.05221683904528618 0.19527596235275269
0 0.2600064631551504 0.6284494400024414 0.04151709005236626 0.080902099609375
0 0.22646764293313026 0.5619265623390675 0.04739401489496231 0.12179247289896011
0 0.22077010199427605 0.5922738835215569 0.03819730132818222 0.08420859277248383
0 0.12525003217160702 0.5788507871329784 0.020887982100248337 0.05206557363271713
0 0.08690205961465836 0.6181328687816858 0.02998197078704834 0.047758061438798904
0 0.2727761026471853 0.57356858253479 0.016811441630125046 0.04738616943359375
