0 0.027411875082179904 0.6940506175160408 0.05109803006052971 0.205374613404274
0 0.0867971833795309 0.5925639346241951 0.0322902612388134 0.144064798951149
0 0.8946279771625996 0.7563856393098831 0.1126914992928505 0.22183719277381897
0 0.5352852940559387 0.47654084488749504 0.042781829833984375 0.0936482772231102
0 0.1923618670552969 0.6320856362581253 0.043962012976408005 0.15932121872901917
0 0.9503850117325783 0.766932025551796 0.09923000633716583 0.21749809384346008
0 0.2518559992313385 0.5382776856422424 0.04732930660247803 0.13160765171051025
0 0.5177298840135336 0.524998664855957 0.05938763543963432 0.11546516418457031
0 0.13122242875397205 0.5901631340384483 0.04225151613354683 0.19465111196041107
0 0.21015634201467037 0.5147349759936333 0.04747511073946953 0.0984099954366684
0 0.6961942203342915 0.585798267275095 0.06307969242334366 0.1196976974606514
0 0.33315849862992764 0.4542541205883026 0.03681762143969536 0.08400595188140869
0 0.4947284869849682 0.44600288942456245 0.03318037837743759 0.11075685173273087
0 0.37608463130891323 0.46524642407894135 0.031716298311948776 0.0833042562007904
0 0.447722852230072 0.49499712511897087 0.03535938262939453 0.08220931142568588
0 0.40349483489990234 0.48767732083797455 0.03231823444366455 0.11675181984901428
0 0.9615763053297997 0.693935252726078 0.07679109275341034 0.13043339550495148
0 0.722991693764925 0.6731639429926872 0.05864391475915909 0.1375279277563095
0 0.42205449379980564 0.49736639857292175 0.029723692685365677 0.07759445905685425
