0 0.6531065702438354 0.8135487139225006 0.0731956958770752 0.3191978335380554
0 0.3918700870126486 0.6223548203706741 0.04383797571063042 0.18398895859718323
0 0.27344498597085476 0.5684465244412422 0.043044041842222214 0.1610780507326126
0 0.7261529080569744 0.7756892740726471 0.07512917369604111 0.21900266408920288
0 0.49537158012390137 0.8782511278986931 0.0706930160522461 0.24349771440029144
0 0.6726422552019358 0.3753102496266365 0.03471260145306587 0.08333928883075714
0 0.6075336812064052 0.3849774934351444 0.023797130212187767 0.09503752738237381
0 0.6191797144711018 0.46772728860378265 0.03912220150232315 0.0785740315914154
0 0.13763045519590378 0.40476830676198006 0.033281147480010986 0.11180011183023453
0 0.2314812485128641 0.47277139872312546 0.03727452829480171 0.1623937338590622
0 0.7332080118358135 0.35827651619911194 0.04009117931127548 0.08314228057861328
0 0.2651096787303686 0.3577028773725033 0.03775734826922417 0.07734572142362595
0 0.10387403890490532 0.35683027282357216 0.034288667142391205 0.05805534869432449
0 0.22420371789485216 0.36261898279190063 0.0265901330858469 0.06526625156402588
0 0.06350084207952023 0.3529237359762192 0.03390153869986534 0.05722793936729431
0 0.24689462035894394 0.39129190519452095 0.0742824524641037 0.09629980474710464
0 0.12422697059810162 0.3649221193045378 0.01764119789004326 0.04250380024313927
