0 0.6577208749949932 0.5131695941090584 0.05535068362951279 0.17986513674259186
0 0.5288851382210851 0.33232806995511055 0.022546911612153053 0.08259931951761246
0 0.7178731802850962 0.41900646686553955 0.033693838864564896 0.14960092306137085
0 0.7356662638485432 0.42094506323337555 0.040166713297367096 0.1472817361354828
0 0.5524804815649986 0.5291062146425247 0.08665470778942108 0.2337796986103058
0 0.47207215428352356 0.3513858951628208 0.020756006240844727 0.07455838471651077
0 0.5099649354815483 0.5160111710429192 0.07323531806468964 0.1893472522497177
0 0.3061998374760151 0.313988346606493 0.04209110885858536 0.05945263057947159
0 0.49020258197560906 0.3221744503825903 0.014393282122910023 0.05764995142817497
0 0.6216341136023402 0.3185899145901203 0.027595853433012962 0.09062794595956802
0 0.6410666704177856 0.3299160376191139 0.02926921844482422 0.06916548311710358
0 0.38278571981936693 0.28390396758913994 0.01441648043692112 0.040773116052150726
0 0.35667931428179145 0.2907454576343298 0.01551144104450941 0.04933838173747063
0 0.4080084441229701 0.28094728104770184 0.01993558369576931 0.0424322746694088
0 0.3855957924388349 0.257243107073009 0.009095477871596813 0.020867666229605675
0 0.43781272135674953 0.3085493929684162 0.019440125674009323 0.07147083431482315
0 0.587047946639359 0.4383027069270611 0.017139578238129616 0.050642989575862885
0 0.3356765266507864 0.2919453755021095 0.020549606531858444 0.03291471302509308
0 0.7460350869223475 0.36966163478791714 0.012172793969511986 0.042118560522794724
0 0.34186150413006544 0.29330554977059364 0.025593971833586693 0.04712945967912674
