0 0.5090254191309214 0.827288344502449 0.0604432113468647 0.34501615166664124
0 0.9538997411727905 0.6936681717634201 0.06530618667602539 0.31991156935691833
0 0.734174657613039 0.9105565473437309 0.07216963917016983 0.17860649526119232
0 0.21441828645765781 0.42268336936831474 0.05171661451458931 0.1154712662100792
0 0.28599313646554947 0.8846109509468079 0.07770641148090363 0.22936749458312988
0 0.4201941713690758 0.8661222904920578 0.0941256731748581 0.2676635682582855
0 0.4756322745233774 0.4640933573246002 0.03974466398358345 0.15364998579025269
0 0.35814821161329746 0.3747797720134258 0.01875166967511177 0.0958656296133995
0 0.9845217941328883 0.4233384542167187 0.030956363305449486 0.11143400520086288
0 0.4214159604161978 0.44014374166727066 0.029509495943784714 0.1001700907945633
0 0.38639495335519314 0.857348769903183 0.06098587438464165 0.28217071294784546
0 0.2729743421077728 0.40351108461618423 0.033498167991638184 0.08448435366153717
0 0.38583371601998806 0.49860240519046783 0.040052007883787155 0.20569732785224915
0 0.31775714084506035 0.3865232393145561 0.04164709895849228 0.11605815589427948
0 0.5550686959177256 0.46845678240060806 0.03381328657269478 0.16640718281269073
0 0.5807323940098286 0.4580255076289177 0.04076824337244034 0.16232125461101532
0 0.40229971427470446 0.37579210102558136 0.030362749472260475 0.09108242392539978
0 0.294385964050889 0.38896382227540016 0.027138996869325638 0.1111769750714302
0 0.5561983827501535 0.4086211659014225 0.03359251096844673 0.06337941437959671
