0 0.4613830093294382 0.6412493288516998 0.0389593131840229 0.1973910927772522
0 0.38292887806892395 0.5499476417899132 0.057166337966918945 0.19141362607479095
0 0.9264898542314768 0.441376693546772 0.039263058453798294 0.1297558695077896
0 0.3022498842328787 0.33156340941786766 0.019215893000364304 0.08256428688764572
0 0.2541614715009928 0.3024255000054836 0.029146600514650345 0.06278466433286667
0 0.5429958701133728 0.5390467196702957 0.0729062557220459 0.2541862428188324
0 0.4731334149837494 0.40414706990122795 0.050119876861572266 0.09819032996892929
0 0.36589094437658787 0.33127253502607346 0.028255034238100052 0.07062660157680511
0 0.9525609966367483 0.36381092853844166 0.02928466722369194 0.049326661974191666
0 0.45027500949800014 0.30588817596435547 0.019762467592954636 0.05495482683181763
0 0.4551040828227997 0.3771152049303055 0.03086543083190918 0.07286760210990906
0 0.09216127544641495 0.29360904917120934 0.043280452489852905 0.06405692547559738
0 0.06674142181873322 0.3274681307375431 0.08758509159088135 0.08879388123750687
0 0.4713463429361582 0.3152060955762863 0.027720022946596146 0.05605396628379822
0 0.9437530757859349 0.32943533547222614 0.015990639105439186 0.03508809581398964
