0 0.8095468282699585 0.6583649963140488 0.05758476257324219 0.297561377286911
0 0.502390306442976 0.6464517414569855 0.07295336574316025 0.2969043254852295
0 0.861909294500947 0.5147356316447258 0.039495278149843216 0.19696561992168427
0 0.9011343363672495 0.516987070441246 0.04518251493573189 0.2140984833240509
0 0.5985708124935627 0.6631727814674377 0.08167419582605362 0.3196476697921753
0 0.3765173964202404 0.3355349563062191 0.034902237355709076 0.08201050013303757
0 0.5795870311558247 0.3593706116080284 0.032339908182621 0.11588005721569061
0 0.6568020340055227 0.5772157683968544 0.04889817163348198 0.2181462198495865
0 0.7061594240367413 0.37185215950012207 0.031259916722774506 0.08610659837722778
0 0.6793734673410654 0.36447444185614586 0.027288246899843216 0.11200063675642014
0 0.5304031483829021 0.3900606073439121 0.03571357578039169 0.11418098956346512
0 0.4811130706220865 0.3114365488290787 0.016455698758363724 0.04734596610069275
0 0.44942706823349 0.3166578784584999 0.02216935157775879 0.06611056625843048
0 0.41573933884501457 0.3252181261777878 0.041510485112667084 0.09121754765510559
0 0.5171843767166138 0.30280415154993534 0.023249149322509766 0.04769893363118172
0 0.5057840645313263 0.3608778417110443 0.025131940841674805 0.07340747117996216
0 0.6951695205643773 0.319440258666873 0.015577221289277077 0.038819100707769394
0 0.4266441222280264 0.3158164471387863 0.027684401720762253 0.07490107417106628
0 0.5210390808060765 0.32193675450980663 0.027809524908661842 0.03680288419127464
0 0.5083082374185324 0.3066259231418371 0.032185982912778854 0.049805980175733566
0 0.5261640073731542 0.2803745558485389 0.01330103911459446 0.02946150116622448
