0 0.38248890079557896 0.645473949611187 0.04116540029644966 0.15678773820400238
0 0.3229041285812855 0.4670938476920128 0.0370849147439003 0.0822780579328537
0 0.14968310296535492 0.6745019778609276 0.05075258016586304 0.1701750010251999
0 0.5293482542037964 0.5534041449427605 0.03712296485900879 0.1433102935552597
0 0.22586949728429317 0.5391953904181719 0.036731552332639694 0.06098276749253273
0 0.46069876477122307 0.5552091896533966 0.040235184133052826 0.14086031913757324
0 0.26302932761609554 0.4916321150958538 0.026728224009275436 0.0923471674323082
0 0.3845839612185955 0.5678728893399239 0.03948237746953964 0.07916666567325592
0 0.1388801597058773 0.5493406392633915 0.04573490470647812 0.08806843310594559
0 0.12109754234552383 0.6200579777359962 0.07385313510894775 0.17997916042804718
0 0.4029091000556946 0.515885554254055 0.03470468521118164 0.07093505561351776
0 0.43260484375059605 0.5150400456041098 0.020061302930116653 0.05035163089632988
0 0.2449136432260275 0.49665700271725655 0.018221449106931686 0.04504547268152237
0 0.4124847771599889 0.48496277444064617 0.015872860327363014 0.036718156188726425
0 0.3924506129696965 0.5178082026541233 0.02023782767355442 0.06483251601457596
0 0.43352751713246107 0.4771629963070154 0.022760486230254173 0.04702695086598396
