0 0.018972281366586685 0.6782070845365524 0.03794456273317337 0.13463923335075378
0 0.1288910061120987 0.6003660634160042 0.05019044876098633 0.1433342844247818
0 0.2562960125505924 0.49719997867941856 0.03400573879480362 0.09001969546079636
0 0.5885811448097229 0.5267770513892174 0.028383970260620117 0.13674943149089813
0 0.1566045992076397 0.6631834581494331 0.056789956986904144 0.21680475771427155
0 0.32306485809385777 0.43593594804406166 0.025548268109560013 0.07180476933717728
0 0.1930059939622879 0.5378468297421932 0.043573617935180664 0.10208689421415329
0 0.5143288252875209 0.5447892099618912 0.028467511758208275 0.14830949902534485
0 0.44314279593527317 0.5859204679727554 0.043679047375917435 0.1591515839099884
0 0.2964950380846858 0.4648023098707199 0.024401282891631126 0.05487522482872009
0 0.45404171384871006 0.4961294960230589 0.03250627592206001 0.0554715059697628
0 0.4868842363357544 0.4765719249844551 0.024866342544555664 0.08077777922153473
0 0.4556183461099863 0.47647600248456 0.03675823286175728 0.07145944982767105
0 0.18883471749722958 0.5630062967538834 0.04292149469256401 0.07191899418830872
0 0.3040408790111542 0.4282616637647152 0.01172018051147461 0.03264223784208298
