0 0.4236990697681904 0.525302343070507 0.04871556907892227 0.1668252795934677
0 0.3234229311347008 0.6972796469926834 0.07887642085552216 0.2676612436771393
0 0.5560068003833294 0.7421705424785614 0.060301922261714935 0.4331534504890442
0 0.6080904714763165 0.631947286427021 0.04482974857091904 0.22016490995883942
0 0.8722174521535635 0.37021489441394806 0.029992293566465378 0.09931454062461853
0 0.7821157928556204 0.358092475682497 0.03566594049334526 0.079706110060215
0 0.35366252064704895 0.47625071555376053 0.042409658432006836 0.14593984186649323
0 0.3277613939717412 0.41936805844306946 0.02790548838675022 0.119476318359375
0 0.37694049440324306 0.32956240698695183 0.022426676005125046 0.052652083337306976
0 0.9169173836708069 0.3695617951452732 0.03839540481567383 0.08421523123979568
0 0.7908730618655682 0.44731104746460915 0.03218021243810654 0.09801305085420609
0 0.9513521306216717 0.36150791123509407 0.032613180577754974 0.06577292829751968
0 0.28461083211004734 0.3694196604192257 0.03484337404370308 0.09396671503782272
0 0.17687889374792576 0.31931493431329727 0.027660954743623734 0.05963410437107086
0 0.3474189219996333 0.3194727711379528 0.016944145783782005 0.06186773627996445
0 0.15254279971122742 0.32255713641643524 0.029820024967193604 0.06485918164253235
0 0.21540856920182705 0.3572588860988617 0.02468271180987358 0.06689959764480591
0 0.36646091332659125 0.29743995051831007 0.012334155850112438 0.02195129357278347
0 0.9377890946343541 0.32170155830681324 0.015841389074921608 0.030921999365091324
0 0.20387305319309235 0.31714319437742233 0.010165750980377197 0.03142558038234711
