0 0.36293862387537956 0.5933454930782318 0.039519451558589935 0.17157071828842163
0 0.6057457085698843 0.7528068125247955 0.058159779757261276 0.27511507272720337
0 0.6762991901487112 0.7161957919597626 0.05591936036944389 0.22088664770126343
0 0.2772348280996084 0.5263985991477966 0.048735808581113815 0.1465432047843933
0 0.15484705846756697 0.39770226925611496 0.029144858941435814 0.08032010495662689
0 0.4054202362895012 0.8548641055822372 0.06438498198986053 0.2902718484401703
0 0.7228036280721426 0.37031911686062813 0.031293582171201706 0.08689049631357193
0 0.6543551441282034 0.41271861642599106 0.02763981744647026 0.16581915318965912
0 0.23904117941856384 0.43547743558883667 0.04526019096374512 0.17012017965316772
0 0.7853097803890705 0.35773419216275215 0.04795894771814346 0.08294866234064102
0 0.08208277635276318 0.3467070981860161 0.036411087960004807 0.06538467109203339
0 0.7996778972446918 0.9507857896387577 0.04512534290552139 0.0967150405049324
0 0.28906027041375637 0.3584280740469694 0.025477837771177292 0.05807694420218468
0 0.1196909574791789 0.3479030281305313 0.029753124341368675 0.06542161107063293
0 0.25023400504142046 0.3505779579281807 0.02045598067343235 0.04364641010761261
0 0.12795018963515759 0.355511924251914 0.03512294217944145 0.05288378521800041
0 0.2795827565714717 0.3259989209473133 0.010872578248381615 0.038636185228824615
