0 0.1880381889641285 0.7954823076725006 0.06938669830560684 0.31136542558670044
0 0.0427583041600883 0.6125712171196938 0.07810214161872864 0.17289669811725616
0 0.2534106373786926 0.5299143716692924 0.06655895709991455 0.15530280768871307
0 0.43880586698651314 0.6741657555103302 0.046317197382450104 0.26166826486587524
0 0.3568648584187031 0.7270624041557312 0.049860455095767975 0.2520012855529785
0 0.31355011463165283 0.6715355217456818 0.036741018295288086 0.25119608640670776
0 0.26892538741230965 0.6626618355512619 0.061982013285160065 0.21497616171836853
0 0.4086370225995779 0.6850017234683037 0.0352749340236187 0.23535190522670746
0 0.12259361334145069 0.5718553997576237 0.04224203899502754 0.1167956069111824
0 0.19449883699417114 0.558833658695221 0.04116600751876831 0.166312575340271
0 0.14930970687419176 0.5595523752272129 0.03112241066992283 0.09997380524873734
0 0.1554752616211772 0.4919267017394304 0.014027809724211693 0.051449839025735855
0 0.18251562491059303 0.5208611190319061 0.036475278437137604 0.06511116027832031
0 0.19067636132240295 0.47469668090343475 0.01764047145843506 0.042715877294540405
0 0.18373956065624952 0.5807368345558643 0.029796456918120384 0.11508110910654068
