0 0.6383304819464684 0.6678240969777107 0.07881169021129608 0.177986279129982
0 0.6566239949315786 0.5894170925021172 0.05197877809405327 0.14819751679897308
0 0.8290029279887676 0.739650085568428 0.11659278720617294 0.19504085183143616
0 0.9340553991496563 0.77901791036129 0.10256566852331161 0.2360956370830536
0 0.25676463171839714 0.4520629309117794 0.042156241834163666 0.09468578547239304
0 0.11828449741005898 0.5056133978068829 0.05090747028589249 0.12368591874837875
0 0.06287317909300327 0.5020149722695351 0.05233870819211006 0.11173875629901886
0 0.03251880407333374 0.6178414449095726 0.06503760814666748 0.1997421234846115
0 0.9678885117173195 0.7049756571650505 0.06422300636768341 0.14336560666561127
0 0.39940130710601807 0.46915142983198166 0.04499936103820801 0.1012488454580307
0 0.43176552653312683 0.46860774233937263 0.044982194900512695 0.10459259897470474
0 0.36542282719165087 0.45939482748508453 0.030652428045868874 0.09567561745643616
0 0.3184686601161957 0.43656016141176224 0.03848850727081299 0.06521280109882355
0 0.5549947507679462 0.4573078118264675 0.04277048259973526 0.0924798771739006
0 0.5017735008150339 0.5092677772045135 0.04836158826947212 0.09977912902832031
0 0.4801190849393606 0.4614563174545765 0.03047199174761772 0.08054254204034805
0 0.5247764708474278 0.44851359352469444 0.023560667410492897 0.09555333107709885
0 0.009955727495253086 0.543974133208394 0.019911454990506172 0.054883066564798355
