0 0.4591717943549156 0.7230872958898544 0.06339173018932343 0.24606594443321228
0 0.7040272951126099 0.7011720314621925 0.09223771095275879 0.22547085583209991
0 0.11151586845517159 0.4072071351110935 0.04723452776670456 0.08676893264055252
0 0.959971584379673 0.8874652832746506 0.08005686104297638 0.22176691889762878
0 0.3625900633633137 0.583131231367588 0.0569906011223793 0.1548282653093338
0 0.963900875300169 0.7884657233953476 0.0721982941031456 0.17296430468559265
0 0.5875655524432659 0.517994299530983 0.049713753163814545 0.1387588083744049
0 0.37950778007507324 0.42843158543109894 0.042470335960388184 0.07686343789100647
0 0.5543115623295307 0.4160335473716259 0.03506217151880264 0.07433577626943588
0 0.16538500785827637 0.39242973551154137 0.04578584432601929 0.06639980524778366
0 0.26964766159653664 0.4547066316008568 0.05516026169061661 0.0634785145521164
0 0.25154490396380424 0.3999457322061062 0.040517233312129974 0.06984155625104904
0 0.3034401535987854 0.4085955061018467 0.050966739654541016 0.09797460585832596
0 0.5885946750640869 0.39973317086696625 0.036345720291137695 0.08255907893180847
0 0.3395026922225952 0.4877767153084278 0.04317951202392578 0.11978814750909805
0 0.616061246022582 0.381230004131794 0.029589366167783737 0.04477907717227936
0 0.6333406213670969 0.4073907993733883 0.02359919622540474 0.04844491928815842
0 0.6087345601990819 0.36890609562397003 0.02574768103659153 0.05297169089317322
0 0.32348768692463636 0.44020987302064896 0.016378259286284447 0.04284311830997467
