0 0.3525543035939336 0.3245500288903713 0.024148965254426003 0.089939646422863
0 0.3085549948737025 0.29724133387207985 0.027603840455412865 0.06719065457582474
0 0.4953972399234772 0.5331985875964165 0.05031633377075195 0.24237899482250214
0 0.40770390070974827 0.326749287545681 0.030353475362062454 0.08617977797985077
0 0.42357572354376316 0.5226832553744316 0.05282621458172798 0.18686018884181976
0 0.5567548982799053 0.44680453836917877 0.06023826450109482 0.2016914188861847
0 0.11874669324606657 0.3066684491932392 0.018981730565428734 0.07458744198083878
0 0.5007307287305593 0.3072412572801113 0.021620701998472214 0.059969477355480194
0 0.5271598938852549 0.3132440634071827 0.02527909353375435 0.05665300041437149
0 0.1667056055739522 0.28632260486483574 0.028416359797120094 0.05143233388662338
0 0.19414964597672224 0.2817221935838461 0.014190172776579857 0.055261801928281784
0 0.14550659619271755 0.3127857521176338 0.02557588741183281 0.08934296667575836
0 0.1584524903446436 0.29130650497972965 0.027231205254793167 0.05424876883625984
0 0.444136512465775 0.5067305099219084 0.016025209799408913 0.05593087896704674
0 0.17801020154729486 0.2564374143257737 0.009631109423935413 0.01936270482838154
