0 0.241620235145092 0.7058610618114471 0.06765680015087128 0.2738637328147888
0 0.08482402190566063 0.557103268802166 0.06920460611581802 0.1548011749982834
0 0.4789897445589304 0.611921101808548 0.04515199735760689 0.23833465576171875
0 0.3945697005838156 0.6519103720784187 0.04657609388232231 0.21918310225009918
0 0.2986856047064066 0.5891973227262497 0.04459540918469429 0.16937527060508728
0 0.44640661403536797 0.6274174004793167 0.03666820377111435 0.21666386723518372
0 0.34633127972483635 0.6242264807224274 0.04676999896764755 0.2315956950187683
0 0.15734991990029812 0.5196763053536415 0.040083061903715134 0.17021305859088898
0 0.23069954477250576 0.5348424091935158 0.040311049669981 0.09968341886997223
0 0.2646888140588999 0.4946548752486706 0.025371599942445755 0.08520766347646713
0 0.28552286606281996 0.48781193047761917 0.02578256092965603 0.07751359045505524
0 0.18638911470770836 0.5239638946950436 0.03237905353307724 0.10490184277296066
0 0.2161772157996893 0.47743806056678295 0.03396160528063774 0.049233075231313705
0 0.1908304514363408 0.4541775453835726 0.017744803801178932 0.0443250872194767
0 0.2779002310708165 0.43743920885026455 0.03045799769461155 0.04576415941119194
0 0.23687351029366255 0.4664631672203541 0.015796517953276634 0.05625114589929581
0 0.3460422037169337 0.5382869876921177 0.016850685700774193 0.05915272980928421
0 0.22421897063031793 0.437277615070343 0.014398765750229359 0.04638671875
