0 0.4495651666074991 0.3206147886812687 0.020266342908143997 0.0738421157002449
0 0.3928397297859192 0.32972970604896545 0.017329692840576172 0.08435696363449097
0 0.5888988729566336 0.48690594732761383 0.035112570971250534 0.11188486218452454
0 0.4702925905585289 0.5470491498708725 0.10244278609752655 0.22902056574821472
0 0.5981641532853246 0.398691363632679 0.030576134100556374 0.07945628464221954
0 0.5401516314595938 0.30939748138189316 0.022963237017393112 0.0730852335691452
0 0.17880240641534328 0.30109892040491104 0.023137222975492477 0.07364900410175323
0 0.42680845875293016 0.31467896327376366 0.02240886725485325 0.05759256333112717
0 0.5642485972493887 0.30609292536973953 0.027826260775327682 0.07460238039493561
0 0.35160198248922825 0.2896344270557165 0.025138307362794876 0.04754165932536125
0 0.6155437473207712 0.3879714012145996 0.03911023214459419 0.09410732984542847
0 0.20591492392122746 0.30471144802868366 0.022097934037446976 0.06038019433617592
0 0.5129804369062185 0.46889542043209076 0.03372950479388237 0.1343955099582672
0 0.22891217190772295 0.2819173764437437 0.02066638506948948 0.056750085204839706
0 0.261303985491395 0.274604894220829 0.022786546498537064 0.0633862167596817
0 0.2144649801775813 0.2879613861441612 0.02036128006875515 0.04065363109111786
0 0.4787297071889043 0.4686731919646263 0.02673926390707493 0.07211761176586151
0 0.6044956208206713 0.34681076370179653 0.014192772097885609 0.03693122789263725
0 0.20785875618457794 0.3213032092899084 0.01520395278930664 0.049099963158369064
