0 0.44412499107420444 0.5806998237967491 0.03966407850384712 0.1351274698972702
0 0.3004370555281639 0.7254882454872131 0.0650731772184372 0.2126941680908203
0 0.18809349462389946 0.576175183057785 0.05038364976644516 0.13211864233016968
0 0.2771117798984051 0.5035515539348125 0.03339996188879013 0.0917368158698082
0 0.12388326972723007 0.6871252879500389 0.0626334697008133 0.15452902019023895
0 0.3777603507041931 0.5825855508446693 0.056192636489868164 0.1744864135980606
0 0.0955571960657835 0.6059256717562675 0.05706728622317314 0.14545045793056488
0 0.24287507496774197 0.5138622112572193 0.028902243822813034 0.0851229801774025
0 0.3090548515319824 0.5951246246695518 0.058760643005371094 0.14154498279094696
0 0.11451906710863113 0.6200532838702202 0.07632139325141907 0.11712048947811127
0 0.3327924907207489 0.5472850874066353 0.04102516174316406 0.0834442526102066
