0 0.6693943627178669 0.6710550412535667 0.0885840430855751 0.18229500949382782
0 0.8470177166163921 0.7363932281732559 0.09494318813085556 0.18906334042549133
0 0.15397187694907188 0.5189217105507851 0.047566674649715424 0.11232079565525055
0 0.942771315574646 0.7520450204610825 0.10941219329833984 0.1840040385723114
0 0.08960943296551704 0.6512102782726288 0.05612673610448837 0.18833059072494507
0 0.6592082977294922 0.571887768805027 0.05142474174499512 0.1126689463853836
0 0.2687743101269007 0.45746996998786926 0.0429035909473896 0.08753937482833862
0 0.49251835979521275 0.5122856684029102 0.04844718053936958 0.09600130468606949
0 0.9551741853356361 0.683950874954462 0.0835382491350174 0.11987025290727615
0 0.11195718124508858 0.5135271139442921 0.050903938710689545 0.10483423620462418
0 0.013691065554205295 0.5695722885429859 0.027382036671042442 0.07710830122232437
0 0.03954060934484005 0.5805036053061485 0.04246128350496292 0.16734860837459564
0 0.39928166940808296 0.4812614768743515 0.0379476323723793 0.10970225930213928
0 0.4267299883067608 0.4775695577263832 0.04002632945775986 0.1070529967546463
0 0.366314684972167 0.4645911902189255 0.03447313234210014 0.0883958637714386
0 0.3333953619003296 0.44781122729182243 0.031766533851623535 0.06961318105459213
0 0.528077244758606 0.4552091881632805 0.038048744201660156 0.0804552286863327
0 0.449585372582078 0.47024286910891533 0.023786116391420364 0.07902594655752182
0 0.49332092981785536 0.4480191096663475 0.025049304589629173 0.057810887694358826
0 0.0704289386048913 0.5847224164754152 0.017211640253663063 0.056461844593286514
0 0.5111516658216715 0.43161061219871044 0.025948096066713333 0.043416257947683334
0 0.49362274445593357 0.4662392493337393 0.026280928403139114 0.05220336839556694
