0 0.18178470060229301 0.8681928217411041 0.058880291879177094 0.2622678875923157
0 0.3393647372722626 0.6924598515033722 0.05376172065734863 0.20497411489486694
0 0.15746871754527092 0.5854849480092525 0.044458769261837006 0.12272088974714279
0 0.1742786169052124 0.699285551905632 0.05185049772262573 0.20718345046043396
0 0.061363774351775646 0.6907074302434921 0.10771437734365463 0.25876256823539734
0 0.20664775744080544 0.5714523047208786 0.050593651831150055 0.1128058135509491
0 0.24591249786317348 0.6286998763680458 0.04502851888537407 0.12183244526386261
0 0.28147985972464085 0.6842025965452194 0.05616204813122749 0.23451444506645203
0 0.05195731297135353 0.6039535738527775 0.035828687250614166 0.07392603904008865
0 0.2855319678783417 0.5920586921274662 0.019796252250671387 0.053951092064380646
0 0.1045431848615408 0.5840602535754442 0.026055049151182175 0.04645097628235817
