0 0.5124157555401325 0.8245750218629837 0.05986032634973526 0.35082927346229553
0 0.9497288949787617 0.7057748287916183 0.06428632885217667 0.35377511382102966
0 0.2174338586628437 0.4200470335781574 0.05178467184305191 0.1139427199959755
0 0.7384737730026245 0.9051764160394669 0.0760493278503418 0.18792393803596497
0 0.28980544954538345 0.8782241269946098 0.08079735934734344 0.24339328706264496
0 0.3603326380252838 0.37206244468688965 0.018433213233947754 0.09582650661468506
0 0.42030569165945053 0.8599213063716888 0.10163693130016327 0.2801573872566223
0 0.47729685343801975 0.46117333322763443 0.03876357153058052 0.15426601469516754
0 0.9859951259568334 0.42065734788775444 0.028009796515107155 0.1074727401137352
0 0.3899069242179394 0.8524300307035446 0.060543082654476166 0.29041680693626404
0 0.5816903226077557 0.4600782096385956 0.041212938725948334 0.17100673913955688
0 0.42368397675454617 0.44691336527466774 0.029538344591856003 0.11817432194948196
0 0.3885700758546591 0.4952293559908867 0.04117591306567192 0.20204268395900726
0 0.40408580284565687 0.3651096820831299 0.030068373307585716 0.077850341796875
0 0.27537214756011963 0.3988554887473583 0.03248608112335205 0.0779956802725792
0 0.5566385872662067 0.46635349094867706 0.03179440647363663 0.16498616337776184
0 0.31728693284094334 0.38629912585020065 0.04416029527783394 0.1115630716085434
0 0.29134791530668736 0.3847079463303089 0.019635725766420364 0.10304353386163712
0 0.40356353484094143 0.4201611950993538 0.02690250799059868 0.08067156374454498
