0 0.3312617056071758 0.6367571502923965 0.06994011253118515 0.2154400646686554
0 0.5986791364848614 0.5805012062191963 0.05069436877965927 0.17881037294864655
0 0.44978779554367065 0.507599875330925 0.047528743743896484 0.14772072434425354
0 0.23124266229569912 0.34465067088603973 0.026776742190122604 0.08127954602241516
0 0.5475223306566477 0.6003818288445473 0.04792289808392525 0.1941865235567093
0 0.8220892660319805 0.4440304599702358 0.037140749394893646 0.09045427292585373
0 0.816467547789216 0.3563688099384308 0.0364866741001606 0.08637523651123047
0 0.299711424857378 0.3555041179060936 0.03440139442682266 0.09392015635967255
0 0.9133680704981089 0.37063491716980934 0.029906559735536575 0.09222996979951859
0 0.17446145974099636 0.32268984988331795 0.028953563421964645 0.07335052639245987
0 0.19223569054156542 0.31586417742073536 0.026039207354187965 0.05490851774811745
0 0.3993362607434392 0.32808801904320717 0.024650240316987038 0.05553991347551346
0 0.5330089218914509 0.7933990061283112 0.046410419046878815 0.2639480233192444
0 0.9514113310724497 0.35252719186246395 0.03558807447552681 0.060907404869794846
0 0.37583036348223686 0.43350737914443016 0.048306725919246674 0.10265397280454636
0 0.37294140458106995 0.32563308253884315 0.018361926078796387 0.06960368901491165
0 0.3540282603353262 0.394239604473114 0.0298125259578228 0.08461248874664307
0 0.9902859330177307 0.3577266801148653 0.019427776336669922 0.03839132562279701
0 0.9836748959496617 0.32644476741552353 0.015502357855439186 0.03218786418437958
0 0.3976833103224635 0.30909009277820587 0.023321842774748802 0.051859050989151
0 0.39072253089398146 0.2944368524476886 0.010706281289458275 0.030638059601187706
