0 0.03602865581342485 0.6379120424389839 0.07173030078411102 0.1959473043680191
0 0.3419810179620981 0.7524332404136658 0.05112581327557564 0.26495039463043213
0 0.41248372942209244 0.6920676827430725 0.07426626980304718 0.26219797134399414
0 0.24620311707258224 0.5379544571042061 0.06872768700122833 0.11973436176776886
0 0.3042713347822428 0.6896411776542664 0.043764401227235794 0.25067949295043945
0 0.1798238642513752 0.6037666201591492 0.0497879758477211 0.23518240451812744
0 0.2596335746347904 0.6622201353311539 0.0610186830163002 0.19810906052589417
0 0.15366915240883827 0.7973548769950867 0.08734754472970963 0.2907754182815552
0 0.11089397594332695 0.5740642249584198 0.04429640620946884 0.1695556640625
0 0.13857944309711456 0.5568783730268478 0.03213167190551758 0.15277370810508728
0 0.18008042871952057 0.49886228516697884 0.02281796932220459 0.06949106603860855
0 0.3915823642164469 0.6265443228185177 0.022381354123353958 0.07847421616315842
0 0.2557236962020397 0.4942822568118572 0.04890014976263046 0.06638535112142563
