0 0.01667826744960621 0.7174479812383652 0.032983653247356415 0.15557441115379333
0 0.7052504904568195 0.645618312060833 0.08807716518640518 0.23391829431056976
0 0.1161629743874073 0.5869652777910233 0.039419807493686676 0.1950800120830536
0 0.1790170669555664 0.6264224275946617 0.04455357789993286 0.1527506560087204
0 0.24100125208497047 0.5329590924084187 0.04525027424097061 0.11641112715005875
0 0.07640465535223484 0.5925950109958649 0.033654045313596725 0.14551585912704468
0 0.32327017188072205 0.45341913402080536 0.03465592861175537 0.08157488703727722
0 0.8858710527420044 0.7508304268121719 0.10162019729614258 0.21407178044319153
0 0.506804496049881 0.5304997451603413 0.04736495018005371 0.11474893242120743
0 0.19392591156065464 0.5105941146612167 0.03625505045056343 0.09983363747596741
0 0.3689473392441869 0.45708190090954304 0.029624486342072487 0.059799108654260635
0 0.9568215608596802 0.6880663186311722 0.08413839340209961 0.11652162671089172
0 0.5295267459005117 0.4713466092944145 0.04161829873919487 0.09731517732143402
0 0.9517388120293617 0.7646065875887871 0.0945093184709549 0.2116626352071762
0 0.3992928983643651 0.49905049055814743 0.028029823675751686 0.06887923181056976
0 0.43039773777127266 0.49024560675024986 0.05108342319726944 0.11294352263212204
0 0.4981236271560192 0.4441158100962639 0.04650845378637314 0.0854400247335434
0 0.39565959572792053 0.47964298352599144 0.030271530151367188 0.08233087509870529
