0 0.8055567499250174 0.6981336921453476 0.06134743615984917 0.34088215231895447
0 0.48116882890462875 0.6703620851039886 0.07239513099193573 0.3113611340522766
0 0.858582865446806 0.5256515741348267 0.04279270023107529 0.2076244354248047
0 0.5848832614719868 0.6850486546754837 0.08752856403589249 0.3227638304233551
0 0.8977192752063274 0.5360264629125595 0.046704672276973724 0.22664079070091248
0 0.5675227642059326 0.3673871234059334 0.03203272819519043 0.1138702780008316
0 0.643079649657011 0.5892999619245529 0.04798712581396103 0.23169508576393127
0 0.36369870975613594 0.33962977305054665 0.03634176403284073 0.08334935456514359
0 0.6647441983222961 0.3677910827100277 0.0256805419921875 0.10865931957960129
0 0.4676128150895238 0.30743247643113136 0.016079092398285866 0.06698233634233475
0 0.6915416233241558 0.3804383724927902 0.03223242610692978 0.08280453085899353
0 0.5175942070782185 0.3914770931005478 0.03622732311487198 0.1485302746295929
0 0.4975493364036083 0.36580222845077515 0.03685321658849716 0.08617591857910156
0 0.5081947864964604 0.2982583027333021 0.027817631140351295 0.05691969022154808
0 0.4321184102445841 0.3194528967142105 0.030900288373231888 0.07450118660926819
0 0.4030034188181162 0.3319347910583019 0.03583686426281929 0.07638581842184067
0 0.6803380846977234 0.327088950201869 0.01813197135925293 0.0415000282227993
0 0.41765405610203743 0.3229686878621578 0.033800460398197174 0.0700332447886467
0 0.5102957896888256 0.36006439477205276 0.04925265163183212 0.09647233784198761
