0 0.7991120591759682 0.7798903733491898 0.07004709541797638 0.3885383903980255
0 0.41993099451065063 0.7664484679698944 0.08552932739257812 0.38688963651657104
0 0.8642247561365366 0.5597446635365486 0.04740266874432564 0.23676015436649323
0 0.9147667773067951 0.5777253210544586 0.05720672756433487 0.24393534660339355
0 0.5513951666653156 0.7590553164482117 0.0736909881234169 0.383512020111084
0 0.6054274681955576 0.6487067341804504 0.04854278638958931 0.26890480518341064
0 0.31477781012654305 0.36297520250082016 0.04264078289270401 0.09934024512767792
0 0.5108817704021931 0.7149223536252975 0.04832754284143448 0.2935144603252411
0 0.5354995839297771 0.3961569368839264 0.034065864980220795 0.13353025913238525
0 0.6503121256828308 0.39035940170288086 0.035610198974609375 0.1269283890724182
0 0.4320802567526698 0.3267795518040657 0.017088746652007103 0.08012701570987701
0 0.366021990776062 0.3571591228246689 0.03952634334564209 0.0803663432598114
0 0.3947775363922119 0.3372936323285103 0.024610519409179688 0.06619037687778473
0 0.480928098782897 0.4148063510656357 0.0382959358394146 0.1727757751941681
0 0.6274660108610988 0.3929145485162735 0.030161237344145775 0.12069496512413025
0 0.4568984806537628 0.3949722424149513 0.03371167182922363 0.09001375734806061
0 0.4699686709791422 0.3272102437913418 0.022049475461244583 0.052896372973918915
0 0.4788282513618469 0.29825861752033234 0.011563539505004883 0.031093746423721313
0 0.6286223642528057 0.3518887758255005 0.0330440029501915 0.050357818603515625
