0 0.7870813384652138 0.5957656353712082 0.06361575424671173 0.2608414590358734
0 0.5402215495705605 0.5856540203094482 0.07022185623645782 0.23392045497894287
0 0.594548893161118 0.3588371090590954 0.022765064612030983 0.07664044946432114
0 0.6137780658900738 0.6081434786319733 0.08247389644384384 0.2716559171676636
0 0.7182801123708487 0.35668210312724113 0.031521987169981 0.07642748206853867
0 0.6912867901846766 0.34530698880553246 0.029383039101958275 0.09642206877470016
0 0.6687779668718576 0.5137579962611198 0.04603414610028267 0.14690493047237396
0 0.8758646957576275 0.5004817992448807 0.03943576663732529 0.22035148739814758
0 0.3883738871663809 0.32169702276587486 0.03132481500506401 0.07317208498716354
0 0.8419469837099314 0.47978994995355606 0.036916542798280716 0.1796361356973648
0 0.540324330329895 0.37052690610289574 0.027743101119995117 0.10560440272092819
0 0.5738982083275914 0.3290703818202019 0.019059324637055397 0.07807861268520355
0 0.5159368989989161 0.3407668471336365 0.02597651444375515 0.06859934329986572
0 0.4857390997931361 0.3027760982513428 0.01876387558877468 0.05040103197097778
0 0.4331017080694437 0.3036966323852539 0.027790356427431107 0.07064378261566162
0 0.4536854149773717 0.3012919221073389 0.017670059576630592 0.05797608569264412
0 0.7085393909364939 0.3091607056558132 0.018323469907045364 0.04173105210065842
0 0.40815010108053684 0.3207513988018036 0.02926473692059517 0.07768374681472778
0 0.5181192634627223 0.2916684113442898 0.020183658227324486 0.04379802197217941
0 0.6448825486004353 0.5312405079603195 0.07512817531824112 0.10838910937309265
0 0.4919062494300306 0.27439049538224936 0.011486577801406384 0.02599133364856243
0 0.6110423328354955 0.519657775759697 0.019242430105805397 0.06403782963752747
