0 0.48532214760780334 0.5771031454205513 0.04463624954223633 0.14532233774662018
0 0.34208049811422825 0.688159354031086 0.05425374582409859 0.17836405336856842
0 0.14029075764119625 0.6855627819895744 0.05421121045947075 0.17386291921138763
0 0.20810535550117493 0.5406852550804615 0.044228196144104004 0.1005391851067543
0 0.28577022533863783 0.4953424222767353 0.03096935711801052 0.07991120964288712
0 0.25206108670681715 0.5135378390550613 0.024170970544219017 0.09089961647987366
0 0.40820289216935635 0.6053194478154182 0.03857285901904106 0.11518944799900055
0 0.12160344794392586 0.5740640573203564 0.054437197744846344 0.07894774526357651
0 0.11867567151784897 0.6425212025642395 0.05505645275115967 0.09904229640960693
0 0.34427206590771675 0.5929865576326847 0.047956325113773346 0.09236187487840652
0 0.4288620054721832 0.54546076990664 0.027540206909179688 0.06220974400639534
0 0.378294026479125 0.5049756281077862 0.017760347574949265 0.03708686679601669
0 0.1306401565670967 0.5445234030485153 0.018850505352020264 0.04922947287559509
0 0.36259316839277744 0.5321493372321129 0.03130631521344185 0.0630989521741867
0 0.40153440833091736 0.5355964880436659 0.024483680725097656 0.05439877137541771
0 0.4079294679686427 0.4988912455737591 0.01603672467172146 0.05349387973546982
