0 0.8457650430500507 0.7516390308737755 0.09376082569360733 0.21985499560832977
0 0.6662024743855 0.6671183332800865 0.08634839206933975 0.17726270854473114
0 0.1073479987680912 0.5146118365228176 0.05306857079267502 0.10526483505964279
0 0.2670646272599697 0.46308112516999245 0.04851081222295761 0.0854417160153389
0 0.08574435487389565 0.6469532921910286 0.04915644973516464 0.17214669287204742
0 0.49290021136403084 0.5088842734694481 0.04806885868310928 0.0890570729970932
0 0.6557925455272198 0.5746232457458973 0.05585350841283798 0.11017540842294693
0 0.9359435066580772 0.7643654942512512 0.09448699653148651 0.20506608486175537
0 0.15197667479515076 0.5198148041963577 0.044321298599243164 0.11374995112419128
0 0.9564087279140949 0.6935560926795006 0.08363542705774307 0.13822440803050995
0 0.012262010015547276 0.5704852305352688 0.02452402003109455 0.07594536989927292
0 0.3650812692940235 0.463299423456192 0.032198287546634674 0.08969658613204956
0 0.03923373017460108 0.5779376477003098 0.048255350440740585 0.15717968344688416
0 0.5256009586155415 0.4573836401104927 0.046177007257938385 0.08519710600376129
0 0.3309550639241934 0.44723281636834145 0.03252262994647026 0.07027579098939896
0 0.39845127426087856 0.4781058616936207 0.037047576159238815 0.10264710336923599
0 0.42601115070283413 0.4756835140287876 0.0424165241420269 0.10741306096315384
0 0.49388275761157274 0.45097766071558 0.021816635504364967 0.07186855375766754
0 0.4537448463961482 0.46947603300213814 0.022633647546172142 0.07229987531900406
0 0.915930736809969 0.6676742695271969 0.05857238918542862 0.08637576550245285
