0 0.7345921043306589 0.6553041562438011 0.05433707311749458 0.17627911269664764
0 0.7594863176345825 0.5960114821791649 0.05825662612915039 0.13180606067180634
0 0.8757753744721413 0.7076754868030548 0.069532111287117 0.19492822885513306
0 0.044980984181165695 0.55447056889534 0.033051203936338425 0.12446051836013794
0 0.9480791911482811 0.7354114353656769 0.09218291938304901 0.210887610912323
0 0.5841095447540283 0.4755367301404476 0.03453993797302246 0.09013926237821579
0 0.5053287502378225 0.4820812940597534 0.03438444063067436 0.09312087297439575
0 0.2405720129609108 0.6260533630847931 0.0731462687253952 0.19589000940322876
0 0.4220127947628498 0.45272408053278923 0.041955091059207916 0.07313062995672226
0 0.9550155997276306 0.6654099300503731 0.08555269241333008 0.14641524851322174
0 0.5439199088141322 0.5263895578682423 0.02917799912393093 0.07525245100259781
0 0.3292525112628937 0.5320089422166348 0.024183154106140137 0.12188898772001266
0 0.30979055166244507 0.6405502632260323 0.03619837760925293 0.10593248903751373
0 0.4799155592918396 0.5046364329755306 0.028698205947875977 0.08097194880247116
0 0.24574526585638523 0.5316545143723488 0.030348945409059525 0.08772201836109161
0 0.4531580386683345 0.4952613115310669 0.024462318047881126 0.10304099321365356
0 0.30703842639923096 0.5304575599730015 0.029703617095947266 0.10930133610963821
0 0.4579525347799063 0.4621279053390026 0.03278489038348198 0.04785635322332382
0 0.5455244667828083 0.45787009969353676 0.03998980671167374 0.08482123166322708
0 0.9283288232982159 0.6333154439926147 0.05224552005529404 0.08454263210296631
0 0.5360592007637024 0.4446483366191387 0.02940082550048828 0.0978015884757042
