0 0.4138453956693411 0.7063853889703751 0.05111248418688774 0.22386589646339417
0 0.656341802328825 0.6837475448846817 0.0927366241812706 0.20080795884132385
0 0.9365685805678368 0.8885112479329109 0.1268628090620041 0.22297753393650055
0 0.3530920147895813 0.4196353554725647 0.044007301330566406 0.06697654724121094
0 0.9502314701676369 0.8334805741906166 0.09953708946704865 0.21495361626148224
0 0.23158376850187778 0.4259135536849499 0.06245749071240425 0.08922453969717026
0 0.5544861797243357 0.4230515919625759 0.03885965421795845 0.09421335905790329
0 0.09415545500814915 0.3968087211251259 0.04239596799015999 0.08619238436222076
0 0.3164408318698406 0.4769929572939873 0.0494934543967247 0.11414371430873871
0 0.5930050015449524 0.38843024149537086 0.03590536117553711 0.0689733698964119
0 0.14568918384611607 0.3864099457859993 0.04312561824917793 0.0566297322511673
0 0.5760278943926096 0.49296295270323753 0.0387752540409565 0.11680500954389572
0 0.33065071143209934 0.5729081220924854 0.040552664548158646 0.11271218210458755
0 0.24255863390862942 0.3943112678825855 0.03823811933398247 0.06135491281747818
0 0.27174726128578186 0.3654826954007149 0.019848942756652832 0.03494538366794586
0 0.6200967906042933 0.3670697771012783 0.027047252282500267 0.06461327522993088
0 0.29181183595210314 0.39879925176501274 0.028757596388459206 0.0402841791510582
0 0.6298589464277029 0.3836343437433243 0.036528777331113815 0.06204494833946228
