0 0.9313567392528057 0.6645917296409607 0.0616239532828331 0.30106663703918457
0 0.7592480555176735 0.8807656094431877 0.1054358035326004 0.23840247094631195
0 0.5237572975456715 0.8135910332202911 0.05816826969385147 0.36735039949417114
0 0.22827362082898617 0.40937937796115875 0.04966599866747856 0.11420139670372009
0 0.4401194676756859 0.8459051847457886 0.09631066024303436 0.30818796157836914
0 0.30320173874497414 0.8603186458349228 0.11378810554742813 0.27936264872550964
0 0.4837076850235462 0.4489859789609909 0.03716883808374405 0.15787866711616516
0 0.3678967235609889 0.3651706874370575 0.0190033670514822 0.09198826551437378
0 0.5880233403295279 0.444109670817852 0.042185019701719284 0.16766421496868134
0 0.2903146259486675 0.39340710267424583 0.04355492442846298 0.08297305554151535
0 0.5642893798649311 0.45067816227674484 0.03291354328393936 0.14744381606578827
0 0.40929313376545906 0.820090189576149 0.06068000942468643 0.3046974241733551
0 0.43077338859438896 0.42677054926753044 0.03189506381750107 0.09870346635580063
0 0.4000302068889141 0.4365341290831566 0.051702044904232025 0.22708235681056976
0 0.325062895193696 0.3818749748170376 0.041304875165224075 0.0993260070681572
0 0.3289198400452733 0.3439276497811079 0.03028419055044651 0.05029701814055443
