0 0.3612737115472555 0.5871268957853317 0.03988237306475639 0.18662241101264954
0 0.2871554847806692 0.5455978959798813 0.04312629625201225 0.17901268601417542
0 0.5916763786226511 0.7361062616109848 0.054518986493349075 0.3093582093715668
0 0.3783884719014168 0.8384020030498505 0.06459994614124298 0.3231959939002991
0 0.66178641282022 0.7283556163311005 0.05261273309588432 0.2635132670402527
0 0.7449637530371547 0.3740594647824764 0.029067372903227806 0.09721367806196213
0 0.09428044594824314 0.34942808374762535 0.03910692408680916 0.0734248086810112
0 0.3024245323613286 0.3452518582344055 0.029167795553803444 0.083717942237854
0 0.6744799260050058 0.4506968893110752 0.026507187634706497 0.11980582028627396
0 0.6742187980562449 0.3667390048503876 0.027032185345888138 0.07051408290863037
0 0.26400760374963284 0.3473058454692364 0.01994342729449272 0.07732900232076645
0 0.7498989813029766 0.9405608922243118 0.04577436298131943 0.1185624897480011
0 0.16162892058491707 0.3771726153790951 0.032296158373355865 0.09223609417676926
0 0.7993325237184763 0.37200891226530075 0.03749256208539009 0.07458887994289398
0 0.1246934263035655 0.3396586813032627 0.0274947639554739 0.06756473332643509
0 0.25608680211007595 0.4453272819519043 0.029643487185239792 0.15628361701965332
0 0.8086287379264832 0.350946094840765 0.04368877410888672 0.07913004606962204
0 0.23690336011350155 0.3918865844607353 0.030779313296079636 0.09097079932689667
0 0.14001714065670967 0.3488618638366461 0.03224494308233261 0.046635668724775314
