0 0.22637000679969788 0.7427078485488892 0.07225984334945679 0.32261669635772705
0 0.3821347765624523 0.6785800531506538 0.04754474014043808 0.22430182993412018
0 0.0706569254398346 0.5890765115618706 0.07350750267505646 0.19201324880123138
0 0.28779541328549385 0.6090702265501022 0.044172026216983795 0.1971958577632904
0 0.46575588546693325 0.6307285279035568 0.044919680804014206 0.23443040251731873
0 0.3342099543660879 0.6449579894542694 0.043700288981199265 0.2524905800819397
0 0.43502141907811165 0.6411808580160141 0.03630862385034561 0.21143421530723572
0 0.14791681244969368 0.5524385906755924 0.04787198454141617 0.11321652680635452
0 0.21912757493555546 0.5464184544980526 0.03963344171643257 0.11189769953489304
0 0.17315850779414177 0.5136992856860161 0.03573145717382431 0.13542382419109344
0 0.2680906318128109 0.4934319257736206 0.05027737468481064 0.124583899974823
0 0.20258134976029396 0.5072731971740723 0.03736916929483414 0.07912445068359375
