0 0.16138552501797676 0.478792704641819 0.06095156818628311 0.14612402021884918
0 0.4548046700656414 0.9021526053547859 0.05164732784032822 0.19440807402133942
0 0.5452232956886292 0.5240564793348312 0.04146909713745117 0.19461199641227722
0 0.44811064563691616 0.5350051075220108 0.03919501230120659 0.16974911093711853
0 0.5134140849113464 0.5360937044024467 0.0349271297454834 0.18995581567287445
0 0.23087500035762787 0.45281028375029564 0.03587138652801514 0.08795403689146042
0 0.32034170627593994 0.42122630774974823 0.020480036735534668 0.11055836081504822
0 0.3391794618219137 0.9528517834842205 0.046726059168577194 0.09363844245672226
0 0.285761296749115 0.4342586025595665 0.03930330276489258 0.1282263845205307
0 0.3397200461477041 0.5830879285931587 0.062010716646909714 0.22196723520755768
0 0.3922915933653712 0.5083018466830254 0.026647185906767845 0.15242479741573334
0 0.3589189648628235 0.4209742844104767 0.043361663818359375 0.09941071271896362
0 0.4335042117163539 0.5148933753371239 0.02795419655740261 0.1571815460920334
0 0.2562650628387928 0.4253469184041023 0.03661224991083145 0.1159030944108963
0 0.2872393187135458 0.3862960524857044 0.02560574933886528 0.04927537590265274
0 0.2738463580608368 0.9435008354485035 0.03145313262939453 0.11299828439950943
0 0.346401184797287 0.5062859281897545 0.0629892349243164 0.22558479011058807
0 0.3686849595978856 0.4547965805977583 0.02211895026266575 0.04950642213225365
