0 0.6332070715725422 0.7595208585262299 0.09009966999292374 0.25123101472854614
0 0.8560165278613567 0.7063859030604362 0.09079398959875107 0.18061421811580658
0 0.4948786720633507 0.6324034109711647 0.06844978034496307 0.1835993081331253
0 0.6162354238331318 0.5403526052832603 0.043874360620975494 0.12545500695705414
0 0.4374265857040882 0.4918290600180626 0.05454621464014053 0.09834323823451996
0 0.31320079043507576 0.4392062537372112 0.03504786640405655 0.10214170068502426
0 0.1847178004682064 0.41334036737680435 0.0414518341422081 0.07269562780857086
0 0.3737196568399668 0.46434755995869637 0.05282120779156685 0.07629457861185074
0 0.4433492124080658 0.4410014897584915 0.03424406051635742 0.06946262717247009
0 0.9890017509460449 0.6953378841280937 0.021996498107910156 0.06659100949764252
0 0.563488531857729 0.46179455146193504 0.034047938883304596 0.07166527956724167
0 0.34931110218167305 0.4225907325744629 0.03227243572473526 0.06756591796875
0 0.609538602642715 0.4181982986629009 0.01902327500283718 0.044356368482112885
0 0.5628936178982258 0.4353312961757183 0.04270491749048233 0.07265599817037582
0 0.5723258964717388 0.403824083507061 0.03682532161474228 0.05568097531795502
0 0.24017524160444736 0.41898827254772186 0.03525130823254585 0.08080270886421204
0 0.5774939777329564 0.3846334982663393 0.028345489874482155 0.05486700311303139
0 0.5764676332473755 0.43011005595326424 0.03895378112792969 0.06824014335870743
0 0.5614611394703388 0.41476618871092796 0.039084769785404205 0.06331651657819748
0 0.5866385456174612 0.4266413561999798 0.027994584292173386 0.07231339067220688
