0 0.43078855238854885 0.5423022210597992 0.05206270143389702 0.22757822275161743
0 0.491872226819396 0.5365918129682541 0.05352134630084038 0.24223831295967102
0 0.3680816888809204 0.328418854624033 0.02338886260986328 0.09365887194871902
0 0.421095734462142 0.32597602158784866 0.036744069308042526 0.07765789330005646
0 0.3230096874758601 0.2972841989248991 0.02673051320016384 0.061922814697027206
0 0.578155005350709 0.4996647462248802 0.034177590161561966 0.13586489856243134
0 0.5846990942955017 0.38969673216342926 0.03348135948181152 0.09979864954948425
0 0.5390961887314916 0.3145519830286503 0.02254619635641575 0.055979855358600616
0 0.13980920612812042 0.3057192787528038 0.0194510817527771 0.07040290534496307
0 0.5600034948438406 0.3821907266974449 0.029647063463926315 0.11092828214168549
0 0.5149938343092799 0.31573954969644547 0.016463374719023705 0.05580832064151764
0 0.18404869735240936 0.2912167515605688 0.027156472206115723 0.05558590218424797
0 0.16769970022141933 0.30561916157603264 0.027114640921354294 0.05295600742101669
0 0.21007458865642548 0.28107860684394836 0.024933576583862305 0.04869335889816284
0 0.16084479074925184 0.2878236137330532 0.01654413901269436 0.05082976073026657
0 0.1907864324748516 0.28273197263479233 0.032632432878017426 0.05483381450176239
0 0.169407332316041 0.32566192001104355 0.02174137905240059 0.06308595836162567
0 0.5366788981482387 0.29890648648142815 0.023447846993803978 0.06649049371480942
