0 0.6062130555510521 0.6605577766895294 0.07573918998241425 0.18172293901443481
0 0.7827228531241417 0.7689882442355156 0.1017799824476242 0.2359762042760849
0 0.9217338338494301 0.742083229124546 0.0911523848772049 0.19201774895191193
0 0.4953607376664877 0.4948065057396889 0.06225867196917534 0.15395720303058624
0 0.652517307549715 0.5618609189987183 0.04485521465539932 0.12228715419769287
0 0.4257248993963003 0.46231659501791 0.05144185945391655 0.10709516704082489
0 0.078331608325243 0.5042603686451912 0.05915012210607529 0.11634661257266998
0 0.3553641326725483 0.45610157400369644 0.03660593181848526 0.08869035542011261
0 0.38952288031578064 0.4623991623520851 0.04682159423828125 0.10899598896503448
0 0.9725226648151875 0.6965554878115654 0.05495462566614151 0.12679527699947357
0 0.2418514136224985 0.42958458326756954 0.03405158594250679 0.06056026741862297
0 0.020003480021841824 0.4802604392170906 0.03840017691254616 0.08560998737812042
0 0.2979781683534384 0.43138517439365387 0.03846855089068413 0.0672624409198761
0 0.5597736723721027 0.4455198049545288 0.0483306422829628 0.09340989589691162
