0 0.13561229407787323 0.8043601363897324 0.07871033251285553 0.2621123492717743
0 0.19074913300573826 0.5833720192313194 0.05148421600461006 0.13852255046367645
0 0.3278057761490345 0.7175740674138069 0.04619333893060684 0.21805204451084137
0 0.20082054287195206 0.8791398257017136 0.06464804708957672 0.2416878640651703
0 0.061928898096084595 0.6958929598331451 0.07421226799488068 0.26886504888534546
0 0.028145441341621336 0.6277478635311127 0.056073207408189774 0.12912338972091675
0 0.13668965175747871 0.5742975138127804 0.03586325794458389 0.09766095131635666
0 0.23159916326403618 0.7138861790299416 0.04640664905309677 0.20135433971881866
0 0.27743438445031643 0.7178957834839821 0.05621631070971489 0.24180348217487335
0 0.08639749139547348 0.5938873961567879 0.036087632179260254 0.06643261015415192
0 0.2843132973648608 0.6228929143399 0.014772367663681507 0.054044004529714584
