0 0.10904134437441826 0.6792670637369156 0.05356881767511368 0.1993800699710846
0 0.7326448783278465 0.6511726900935173 0.07653431594371796 0.2413315623998642
0 0.9036357030272484 0.7260898277163506 0.07911853492259979 0.20456932485103607
0 0.5275398008525372 0.5220225378870964 0.039948128163814545 0.10199902951717377
0 0.9570597037672997 0.7394862696528435 0.08588056266307831 0.18174968659877777
0 0.2412136159837246 0.6133679449558258 0.04076840728521347 0.15661460161209106
0 0.2966966815292835 0.5371109992265701 0.035568930208683014 0.13117560744285583
0 0.5517548564821482 0.4627651162445545 0.04610304906964302 0.08377710729837418
0 0.1374010667204857 0.5784173905849457 0.03220367431640625 0.1270729899406433
0 0.2569999396800995 0.5199097394943237 0.027581214904785156 0.06759512424468994
0 0.37148926220834255 0.44471095874905586 0.0354655496776104 0.072087861597538
0 0.47000994719564915 0.5077391937375069 0.03349952772259712 0.07956428825855255
0 0.18781610764563084 0.6085644885897636 0.03819100931286812 0.09103940427303314
0 0.9779890291392803 0.6765276305377483 0.04402198642492294 0.1030372604727745
0 0.4232996944338083 0.5021970234811306 0.023807812482118607 0.0763501450419426
0 0.5133734466508031 0.44628996029496193 0.024124765768647194 0.07120997458696365
0 0.40373397432267666 0.4463309086859226 0.036745261400938034 0.05452138930559158
0 0.45025997795164585 0.5066335611045361 0.0274537093937397 0.08244361728429794
0 0.18278551660478115 0.5489053353667259 0.027152787894010544 0.04656355082988739
0 0.24411576986312866 0.47595629282295704 0.015100598335266113 0.034382883459329605
0 0.5364655135199428 0.4399001747369766 0.02497110329568386 0.04085049033164978
0 0.44651169795542955 0.4502819608896971 0.025417709723114967 0.038541581481695175
0 0.9397533535957336 0.6573117226362228 0.05208015441894531 0.07733675837516785
