0 0.10172586143016815 0.8560516238212585 0.09376481175422668 0.28493618965148926
0 0.31681081652641296 0.7846197038888931 0.04777538776397705 0.2797340452671051
0 0.2604260854423046 0.7861543744802475 0.08243193477392197 0.3623450696468353
0 0.3634215481579304 0.7271637171506882 0.049413539469242096 0.2613271176815033
0 0.18975275196135044 0.5834081098437309 0.058647383004426956 0.16727964580059052
0 0.04653347656130791 0.6433369591832161 0.047805145382881165 0.11586977541446686
0 0.11145444586873055 0.6755429357290268 0.06256908923387527 0.20542475581169128
0 0.0765148252248764 0.6419196873903275 0.03515201061964035 0.1226060688495636
0 0.07306061126291752 0.5611992869526148 0.02024807408452034 0.05047031119465828
0 0.09432949498295784 0.6152320690453053 0.04762274771928787 0.0908234491944313
0 0.10148985963314772 0.5554324686527252 0.028143322095274925 0.05315428972244263
