0 0.803296647965908 0.7030709832906723 0.0643194168806076 0.33308038115501404
0 0.4610835909843445 0.7085034400224686 0.07419776916503906 0.2897038757801056
0 0.5720905773341656 0.6957749128341675 0.08589830249547958 0.3306140899658203
0 0.8603802919387817 0.5419755578041077 0.04819917678833008 0.24082183837890625
0 0.9007805939763784 0.551478385925293 0.04415244981646538 0.2276979684829712
0 0.6760495416820049 0.37664735317230225 0.034979961812496185 0.13275915384292603
0 0.5577066894620657 0.37174829840660095 0.031105469912290573 0.11669319868087769
0 0.3454964105039835 0.34641412645578384 0.03751199319958687 0.08438004553318024
0 0.6309949867427349 0.6029079630970955 0.04617323726415634 0.2433105856180191
0 0.4552011489868164 0.31408825144171715 0.015113353729248047 0.07089286297559738
0 0.6504309419542551 0.37747402116656303 0.025104332715272903 0.11501093953847885
0 0.5038037784397602 0.40383707731962204 0.03833446651697159 0.13646875321865082
0 0.39101327024400234 0.33680205047130585 0.039994072169065475 0.09813925623893738
0 0.4970681546255946 0.30702388659119606 0.02677450142800808 0.0627337172627449
0 0.4858749024569988 0.3719176910817623 0.039588116109371185 0.07994645088911057
0 0.42079421877861023 0.322129987180233 0.02447819709777832 0.07675151526927948
0 0.510957658290863 0.35253914818167686 0.0240936279296875 0.07174860686063766
0 0.4053390081971884 0.32415928319096565 0.028893660753965378 0.08000782877206802
0 0.4963846327736974 0.3365485928952694 0.029364729300141335 0.07127975672483444
