0 0.3509952425956726 0.5911400318145752 0.0622943639755249 0.18241339921951294
0 0.5014370437711477 0.7403144240379333 0.04053373262286186 0.26277220249176025
0 0.48528875038027763 0.506057120859623 0.044411800801754 0.14704085886478424
0 0.5448600053787231 0.600011557340622 0.044178009033203125 0.2179628610610962
0 0.8612356428056955 0.4439501389861107 0.036309052258729935 0.10179273784160614
0 0.5800893548876047 0.5748462975025177 0.037006426602602005 0.206631600856781
0 0.41369702853262424 0.44334980845451355 0.04767172411084175 0.12921202182769775
0 0.8630123026669025 0.34623490273952484 0.034090615808963776 0.06848642230033875
0 0.21220947243273258 0.31667209044098854 0.033369529992341995 0.0661403015255928
0 0.9744357708841562 0.3739709071815014 0.04096536710858345 0.11406966298818588
0 0.2599360793828964 0.3365495316684246 0.023005127906799316 0.08595474809408188
0 0.42810624837875366 0.32340893894433975 0.019808292388916016 0.06164605915546417
0 0.39364287815988064 0.4030621312558651 0.03123469278216362 0.10269158333539963
0 0.3271455466747284 0.34895434603095055 0.03328394889831543 0.08020352572202682
0 0.030195175670087337 0.30482155829668045 0.03954106196761131 0.06716592609882355
0 0.40703893918544054 0.3180428817868233 0.018602753058075905 0.07131381332874298
0 0.3361274478957057 0.3302412834018469 0.017918681725859642 0.05620638653635979
0 0.9917215462774038 0.35746291652321815 0.016556929796934128 0.0615047886967659
0 0.41220314521342516 0.2907139156013727 0.023807192221283913 0.03605647757649422
