0 0.07756661996245384 0.5780608057975769 0.07193075120449066 0.185191810131073
0 0.2349521480500698 0.7240616381168365 0.06979634612798691 0.2903352379798889
0 0.3875393979251385 0.6635085865855217 0.04745211452245712 0.2160165160894394
0 0.2922733183950186 0.603413812816143 0.047156404703855515 0.19753168523311615
0 0.4719729907810688 0.6169934496283531 0.04643974453210831 0.229084774851799
0 0.34105945751070976 0.6367983371019363 0.041640542447566986 0.24361780285835266
0 0.15161429904401302 0.5269909352064133 0.038480471819639206 0.16713663935661316
0 0.43986673280596733 0.6318241655826569 0.03533639758825302 0.21010488271713257
0 0.21851680241525173 0.5153113082051277 0.04909844323992729 0.16289426386356354
0 0.27129310369491577 0.49011489003896713 0.04546701908111572 0.13361452519893646
0 0.18132121302187443 0.5109636187553406 0.03760795667767525 0.14004957675933838
