0 0.18306578323245049 0.8619026020169258 0.0598963126540184 0.24408544600009918
0 0.3322458155453205 0.6884214133024216 0.05437514930963516 0.19424769282341003
0 0.16600965522229671 0.7496681287884712 0.05984140560030937 0.23850537836551666
0 0.14860356412827969 0.5942225009202957 0.044828128069639206 0.13798704743385315
0 0.06258872896432877 0.6901870220899582 0.09421275556087494 0.2458026111125946
0 0.24003293178975582 0.6711496934294701 0.044937800616025925 0.1622798889875412
0 0.19697372242808342 0.5718788877129555 0.049694739282131195 0.11321564018726349
0 0.02924281486775726 0.6233131550252438 0.056942105293273926 0.1142682358622551
0 0.2719549387693405 0.7242006734013557 0.056972503662109375 0.2001282125711441
0 0.036690308479592204 0.6661266982555389 0.06970380991697311 0.09891289472579956
0 0.2833848474547267 0.6044323407113552 0.01726672612130642 0.0519789382815361
