0 0.9529609195888042 0.453746534883976 0.03891172260046005 0.13844002783298492
0 0.3929561972618103 0.5504355207085609 0.05615246295928955 0.19331295788288116
0 0.9868711708113551 0.36674442142248154 0.026257609948515892 0.1029842346906662
0 0.44992061890661716 0.6307213455438614 0.037371207028627396 0.2105487883090973
0 0.3141276063397527 0.32679562643170357 0.020626569166779518 0.08333197981119156
0 0.26851553842425346 0.30121688544750214 0.03235449641942978 0.06991943717002869
0 0.5192725546658039 0.5731735676527023 0.04384741932153702 0.22689387202262878
0 0.37660692911595106 0.3229672648012638 0.02345571480691433 0.06975055485963821
0 0.5451021678745747 0.5078218579292297 0.04402146488428116 0.20335841178894043
0 0.4849245846271515 0.31285776384174824 0.02199244499206543 0.05639604106545448
0 0.4632547441869974 0.3085392862558365 0.021790791302919388 0.07476857304573059
0 0.5003897305577993 0.40330351144075394 0.03762979432940483 0.10324306786060333
0 0.47655558586120605 0.3917917385697365 0.031751155853271484 0.10745866596698761
0 0.12743474077433348 0.2920362092554569 0.021326160058379173 0.05649036914110184
0 0.08116600848734379 0.3151062950491905 0.02940504625439644 0.09065346419811249
0 0.056126018054783344 0.31302381679415703 0.018842587247490883 0.07309826463460922
0 0.10597231518477201 0.2994787208735943 0.024065827950835228 0.0505991205573082
