0 0.7694368362426758 0.7541980296373367 0.11507415771484375 0.21580806374549866
0 0.5862270817160606 0.6495262682437897 0.07013778388500214 0.17223459482192993
0 0.9194608703255653 0.767387144267559 0.0974084883928299 0.2437410205602646
0 0.6521401647478342 0.5718125402927399 0.057925034314394 0.133847177028656
0 0.23564102873206139 0.44433949887752533 0.03971876949071884 0.09004482626914978
0 0.9755246639251709 0.7072163298726082 0.0489506721496582 0.13303710520267487
0 0.48983207903802395 0.4901530593633652 0.05953259393572807 0.1401331126689911
0 0.41902971267700195 0.45492976903915405 0.04826211929321289 0.09228003025054932
0 0.04747113958001137 0.49481574818491936 0.05438283830881119 0.12072821706533432
0 0.013256371021270752 0.503151647746563 0.026512742042541504 0.07919315993785858
0 0.3804591353982687 0.44899995252490044 0.03858477994799614 0.09696044772863388
0 0.34900087118148804 0.4476173259317875 0.03298044204711914 0.0874059870839119
0 0.5634805671870708 0.4563501849770546 0.041113995015621185 0.08716167509555817
0 0.2888909336179495 0.4318867623806 0.03906268998980522 0.06790322065353394
0 0.5744524002075195 0.4343680888414383 0.034052133560180664 0.07704874873161316
