0 0.11474602669477463 0.5250961631536484 0.06832049787044525 0.16198119521141052
0 0.2775990478694439 0.6522721350193024 0.05539240688085556 0.26736873388290405
0 0.508157366886735 0.5693727657198906 0.043750811368227005 0.2249387949705124
0 0.47344580851495266 0.5886089652776718 0.03386254236102104 0.19199523329734802
0 0.42133304476737976 0.6007428392767906 0.04338860511779785 0.2037145346403122
0 0.3790592551231384 0.9509975276887417 0.03956282138824463 0.09800457209348679
0 0.18711353465914726 0.5011152848601341 0.04122050851583481 0.09657292068004608
0 0.3900302406400442 0.5812709778547287 0.033277224749326706 0.17250290513038635
0 0.3208819627761841 0.47644366696476936 0.03267061710357666 0.08992288261651993
0 0.2576591186225414 0.49671462923288345 0.034606240689754486 0.09242625534534454
0 0.323411475867033 0.5788000151515007 0.04067172855138779 0.10929904878139496
0 0.2913477420806885 0.4656955227255821 0.03104555606842041 0.0875587910413742
0 0.2307742889970541 0.484165221452713 0.048197340220212936 0.10567796230316162
0 0.3582413550466299 0.5431796163320541 0.02785653993487358 0.1308327615261078
0 0.26363614201545715 0.4348682425916195 0.015628337860107422 0.05505930632352829
0 0.21081892773509026 0.46936430037021637 0.03500642627477646 0.1122196614742279
0 0.24785849452018738 0.4107992425560951 0.012276172637939453 0.051251307129859924
0 0.2969827111810446 0.5666789598762989 0.032635997980833054 0.09591416269540787
0 0.29857884626835585 0.42500382103025913 0.022074317559599876 0.04795532301068306
