0 0.8067784197628498 0.6851903349161148 0.061472512781620026 0.31408873200416565
0 0.48745422437787056 0.652546301484108 0.07440529018640518 0.29826775193214417
0 0.5899965763092041 0.6676153540611267 0.08478856086730957 0.29620039463043213
0 0.8597103245556355 0.524320937693119 0.042111970484256744 0.21261800825595856
0 0.8995564933866262 0.5245707929134369 0.04571695253252983 0.21808242797851562
0 0.646063232794404 0.5873696282505989 0.04806118085980415 0.23850537836551666
0 0.6707360744476318 0.3686828836798668 0.027932405471801758 0.11195157468318939
0 0.5711371656507254 0.3652416206896305 0.03167695924639702 0.11264998465776443
0 0.3666720576584339 0.33896560966968536 0.03280661255121231 0.08489939570426941
0 0.5220153816044331 0.3985268995165825 0.03710994869470596 0.1229855865240097
0 0.6963584665209055 0.37949836626648903 0.02995758131146431 0.08571482449769974
0 0.4975672010332346 0.3683221861720085 0.027072954922914505 0.08248589932918549
0 0.4722699401900172 0.31022701412439346 0.0160048957914114 0.0715567022562027
0 0.4388886038213968 0.3186085745692253 0.02694730833172798 0.07227592170238495
0 0.5104227419942617 0.30645009316504 0.02580280229449272 0.041916657239198685
0 0.4067029170691967 0.3325071595609188 0.03848280757665634 0.08172344416379929
0 0.5185214998200536 0.3264578338712454 0.020929718390107155 0.044180404394865036
0 0.4234179500490427 0.3227034881711006 0.02901153638958931 0.06886543333530426
0 0.6843185424804688 0.325887368991971 0.017804384231567383 0.03967658057808876
