0 0.7558247447013855 0.556180864572525 0.062355756759643555 0.22080540657043457
0 0.5361242294311523 0.5701357945799828 0.06563687324523926 0.246693417429924
0 0.84623864851892 0.4639090448617935 0.03880186006426811 0.19100990891456604
0 0.602937638759613 0.578092522919178 0.07286882400512695 0.23332078754901886
0 0.5811831476166844 0.3488244488835335 0.021176958456635475 0.08777107298374176
0 0.6535023935139179 0.5072765350341797 0.0431734099984169 0.147658109664917
0 0.7022379748523235 0.3318224772810936 0.035378120839595795 0.0921819657087326
0 0.6796105988323689 0.33671073243021965 0.03412161022424698 0.09537448734045029
0 0.5267883064225316 0.36665651574730873 0.027939939871430397 0.11562485247850418
0 0.8250707872211933 0.4622744545340538 0.05976257473230362 0.18818186223506927
0 0.4655979573726654 0.2984308507293463 0.015772342681884766 0.04712740704417229
0 0.5038635255768895 0.3318586051464081 0.029734039679169655 0.07727468013763428
0 0.5564444065093994 0.31576657481491566 0.015013933181762695 0.06033456698060036
0 0.3731297133490443 0.31465335190296173 0.028672313317656517 0.07248356938362122
0 0.4978784918785095 0.2859524618834257 0.0181429386138916 0.03917166218161583
0 0.4357775207608938 0.29586778581142426 0.020003508776426315 0.06518885493278503
0 0.41493480186909437 0.3087542951107025 0.030256127938628197 0.05183762311935425
0 0.3919621463865042 0.3160087466239929 0.022674869745969772 0.07254087924957275
0 0.39964032731950283 0.30660231597721577 0.028788160532712936 0.05568305030465126
0 0.42155320569872856 0.2989935092628002 0.03185524791479111 0.0684722289443016
