0 0.036965712904930115 0.5597609803080559 0.03366931527853012 0.12987945973873138
0 0.8803463205695152 0.7105860710144043 0.06620626151561737 0.20410215854644775
0 0.7561188228428364 0.600019745528698 0.06266532093286514 0.1370534747838974
0 0.735475504770875 0.6619598045945168 0.056893397122621536 0.18942435085773468
0 0.22526723518967628 0.6478885039687157 0.05904219299554825 0.17101304233074188
0 0.9556797854602337 0.7300047129392624 0.0858854278922081 0.20018276572227478
0 0.3269213382154703 0.5379062443971634 0.026491332799196243 0.13487043976783752
0 0.58294677734375 0.4750620722770691 0.039578914642333984 0.08940315246582031
0 0.4165810700505972 0.452149149030447 0.03862447664141655 0.08039050549268723
0 0.5414782287552953 0.5292096547782421 0.02795400656759739 0.10379668325185776
0 0.30187569186091423 0.5939422473311424 0.03953137248754501 0.19061486423015594
0 0.5012734942138195 0.48232559487223625 0.03828134387731552 0.10001190751791
0 0.4545471668243408 0.4842567890882492 0.03602313995361328 0.13696059584617615
0 0.2490890920162201 0.6115365326404572 0.05362856388092041 0.11724120378494263
0 0.9577872045338154 0.6683274507522583 0.08236513286828995 0.14806628227233887
0 0.47748802974820137 0.5049659423530102 0.03242192417383194 0.08453818410634995
0 0.5423280354589224 0.45703038573265076 0.04518742486834526 0.091380774974823
0 0.24037068150937557 0.5330185480415821 0.03379030153155327 0.08133188635110855
0 0.9329447746276855 0.6365439407527447 0.048366546630859375 0.08583106845617294
0 0.7154851797968149 0.5894187111407518 0.021163035184144974 0.04750895872712135
0 0.23722022213041782 0.5538163837045431 0.03616957738995552 0.05866194888949394
