0 0.32785386964678764 0.6450385898351669 0.07562842220067978 0.19761154055595398
0 0.4410304017364979 0.5188885107636452 0.049182988703250885 0.15337546169757843
0 0.8109828718006611 0.44521116465330124 0.03529033809900284 0.09967587888240814
0 0.5456463806331158 0.7526843547821045 0.051337383687496185 0.47863447666168213
0 0.36826782301068306 0.4630220755934715 0.05071840435266495 0.1387050598859787
0 0.5975642688572407 0.6002775579690933 0.03723917156457901 0.19213655591011047
0 0.8024650104343891 0.34876493364572525 0.03449616581201553 0.06891335546970367
0 0.8978665228933096 0.3646068349480629 0.030450057238340378 0.09107960760593414
0 0.3902416108176112 0.3227499797940254 0.025218581780791283 0.07944859564304352
0 0.22454034723341465 0.34537724778056145 0.025519419461488724 0.0753345713019371
0 0.3639378249645233 0.32904110103845596 0.017802953720092773 0.07968635857105255
0 0.34373390674591064 0.39975954592227936 0.028978824615478516 0.07865956425666809
0 0.29291325248777866 0.3605337291955948 0.03236525133252144 0.07731291651725769
0 0.9779203645884991 0.36369209364056587 0.03285493701696396 0.06689480692148209
0 0.9401201009750366 0.3601999394595623 0.0381321907043457 0.0787869319319725
0 0.16618615668267012 0.3258758969604969 0.027172600850462914 0.07018748670816422
0 0.18650578241795301 0.3217893969267607 0.028632795438170433 0.06212660297751427
0 0.30062592029571533 0.34931446239352226 0.02008056640625 0.06752213090658188
0 0.9662865996360779 0.32170056737959385 0.015235424041748047 0.030635345727205276
0 0.5512251257896423 0.5473516434431076 0.015650033950805664 0.07084545493125916
