0 0.44987007416784763 0.5833653882145882 0.03966527059674263 0.14499951899051666
0 0.3073043767362833 0.6957225278019905 0.060350943356752396 0.15888752043247223
0 0.3844654206186533 0.59909937530756 0.056211281567811966 0.13426394760608673
0 0.12547962740063667 0.6832610741257668 0.06251179426908493 0.1721094399690628
0 0.18363601714372635 0.5766409486532211 0.06726951897144318 0.13399848341941833
0 0.10019653476774693 0.5876188799738884 0.05205761268734932 0.11084471642971039
0 0.243629383854568 0.5245482306927443 0.02562413178384304 0.04853939637541771
0 0.2762343641370535 0.5082545913755894 0.03192467615008354 0.07638973742723465
0 0.3167036771774292 0.5958007872104645 0.06167161464691162 0.14537328481674194
0 0.11496531218290329 0.6191480085253716 0.0784907191991806 0.12525342404842377
0 0.3495044708251953 0.5427472852170467 0.02359294891357422 0.08056085556745529
0 0.38924888987094164 0.515454962849617 0.01570727862417698 0.03890308737754822
0 0.24925014981999993 0.48648159578442574 0.01363606471568346 0.0347890630364418
