0 0.19759472273290157 0.5673081278800964 0.0612681619822979 0.14902615547180176
0 0.3329031951725483 0.7553232163190842 0.043259359896183014 0.23084411025047302
0 0.3776971697807312 0.7137784138321877 0.04543447494506836 0.24329300224781036
0 0.2639557309448719 0.789995551109314 0.08100280910730362 0.38064253330230713
0 0.127665588632226 0.6582807973027229 0.04675685241818428 0.2207052856683731
0 0.10668490082025528 0.8393123149871826 0.07840995490550995 0.2735658884048462
0 0.01206446462083477 0.6613261178135872 0.024128634482622147 0.09794832766056061
0 0.05916746333241463 0.6311291977763176 0.04253721982240677 0.12098799645900726
0 0.09255896508693695 0.6040564849972725 0.03985908627510071 0.17217542231082916
0 0.10398729518055916 0.6250601187348366 0.057786159217357635 0.12451095879077911
0 0.11780763603746891 0.5411659460514784 0.01847105100750923 0.05420040711760521
0 0.2650936543941498 0.6325785033404827 0.02314913272857666 0.0654834732413292
