0 0.7850544340908527 0.8260034620761871 0.11075124889612198 0.34799307584762573
0 0.881502915173769 0.6007298678159714 0.05222377926111221 0.2682587206363678
0 0.9579648729413748 0.625122606754303 0.05755014345049858 0.28402310609817505
0 0.3797778971493244 0.8164210766553879 0.10321829468011856 0.3671509921550751
0 0.5749029871076345 0.7106839567422867 0.05269737169146538 0.30456283688545227
0 0.5122617892920971 0.8041881918907166 0.07881846278905869 0.39147424697875977
0 0.2806611768901348 0.3800434023141861 0.045647166669368744 0.10728058218955994
0 0.5130876898765564 0.4128037169575691 0.03556632995605469 0.12857867777347565
0 0.44648386165499687 0.43743082135915756 0.05685081332921982 0.18636678159236908
0 0.601707911118865 0.41635962575674057 0.03329725190997124 0.13229189813137054
0 0.6258046980947256 0.4306318834424019 0.033429574221372604 0.09753693640232086
0 0.40388972125947475 0.33859821408987045 0.01695723459124565 0.07583115994930267
0 0.4732059482485056 0.7422724813222885 0.055869389325380325 0.2850898206233978
0 0.44717827439308167 0.3436014596372843 0.022288799285888672 0.056707192212343216
0 0.3286916194483638 0.3713008090853691 0.027066564187407494 0.08096198737621307
0 0.37037027440965176 0.34948883578181267 0.02196509763598442 0.07726319879293442
0 0.6117552043870091 0.36665069311857224 0.014273548498749733 0.05245469510555267
0 0.35427920147776604 0.3575444333255291 0.04230155795812607 0.11255582422018051
0 0.4669934450648725 0.3658071178942919 0.01554636936634779 0.0387653149664402
0 0.4280084129422903 0.41706014424562454 0.031890105456113815 0.09436823427677155
