0 0.10227566957473755 0.8499379903078079 0.08222780376672745 0.2789469063282013
0 0.36201152205467224 0.7333327233791351 0.04681408405303955 0.26210182905197144
0 0.31556643173098564 0.7943033874034882 0.044985078275203705 0.28534144163131714
0 0.24746940657496452 0.8036382347345352 0.06695690006017685 0.3818512260913849
0 0.10100776888430119 0.6728639677166939 0.052800584584474564 0.1955862194299698
0 0.18578092753887177 0.5923649445176125 0.05563950538635254 0.1740010529756546
0 0.04462364548817277 0.6505909487605095 0.0826212614774704 0.13515375554561615
0 0.07057012617588043 0.5658059380948544 0.01900818943977356 0.04670100659132004
0 0.2817774061113596 0.7685192227363586 0.04009585455060005 0.32044708728790283
0 0.09846741519868374 0.5597344562411308 0.030661355704069138 0.059173330664634705
0 0.258206051774323 0.6433620266616344 0.021897340193390846 0.06784888356924057
0 0.08971644379198551 0.6203651204705238 0.050994981080293655 0.09842927753925323
0 0.06777529045939445 0.6075795479118824 0.0353282168507576 0.11409560590982437
