0 0.7975611798465252 0.6047636345028877 0.06119479984045029 0.24688924849033356
0 0.53612245246768 0.601361408829689 0.07217254489660263 0.264111191034317
0 0.8533091899007559 0.4846036657691002 0.037824343889951706 0.17705993354320526
0 0.8879323489964008 0.4894244819879532 0.0444088950753212 0.19123730063438416
0 0.5963390227407217 0.35531679168343544 0.0230833999812603 0.09380633383989334
0 0.6158451437950134 0.6095309853553772 0.08165121078491211 0.24999690055847168
0 0.722712385468185 0.3589795082807541 0.02820262871682644 0.06664898991584778
0 0.6938552260398865 0.3516349457204342 0.0281217098236084 0.10033374279737473
0 0.6730402950197458 0.5490015149116516 0.052091170102357864 0.1908368468284607
0 0.5423213485628366 0.3697868660092354 0.030267763882875443 0.10498549044132233
0 0.5798929212614894 0.33525050431489944 0.02126011811196804 0.08544845879077911
0 0.5198065992444754 0.34908681735396385 0.029511164873838425 0.07273250073194504
0 0.39248266257345676 0.3230813667178154 0.03199653699994087 0.07520906627178192
0 0.5240687131881714 0.29577532038092613 0.021475791931152344 0.05016248673200607
0 0.4918012022972107 0.30399854108691216 0.01901531219482422 0.04774352163076401
0 0.4577071610838175 0.3067221622914076 0.021009255200624466 0.05456852540373802
0 0.41263747215270996 0.314900703728199 0.028810620307922363 0.058728769421577454
0 0.4969143094494939 0.2759349048137665 0.01354231871664524 0.02773571014404297
0 0.43767170887440443 0.31456803157925606 0.028048133477568626 0.050113655626773834
0 0.01157990023449429 0.33570224791765213 0.023157956078648567 0.07456554472446442
0 0.7119476795196533 0.31328530237078667 0.01833033561706543 0.04036494344472885
0 0.5275968313217163 0.30751069262623787 0.027977705001831055 0.05887124687433243
0 0.5596637483686209 0.34917277470231056 0.028769683092832565 0.06540340930223465
0 0.41280972957611084 0.33399680256843567 0.027032017707824707 0.05808037519454956
