0 0.2802232727408409 0.7386026233434677 0.0732758492231369 0.21526595950126648
0 0.23946820199489594 0.5349210500717163 0.03398025035858154 0.09738481044769287
0 0.42757042683660984 0.6097780987620354 0.04240446165204048 0.16410742700099945
0 0.2778411991894245 0.5179061330854893 0.03412590175867081 0.10307765752077103
0 0.09073099680244923 0.5977595075964928 0.04972575977444649 0.1256454437971115
0 0.174460057169199 0.5645142942667007 0.04319266229867935 0.10322108864784241
0 0.1218719594180584 0.6802547127008438 0.06420695036649704 0.23155584931373596
0 0.3667163848876953 0.6136790663003922 0.06023216247558594 0.16651394963264465
0 0.2886778712272644 0.6301340907812119 0.04555809497833252 0.12038883566856384
0 0.31914987601339817 0.5501376241445541 0.04004483297467232 0.09194204211235046
0 0.3640046240761876 0.5457780361175537 0.029913688078522682 0.08354508876800537
0 0.36781437415629625 0.5236706770956516 0.025624418631196022 0.05644399672746658
