0 0.4224789496511221 0.6503108441829681 0.050060104578733444 0.20844167470932007
0 0.6883493550121784 0.8257942646741867 0.08834824711084366 0.3303745687007904
0 0.7655256390571594 0.8457388430833817 0.10603594779968262 0.3028494417667389
0 0.2818497661501169 0.614940732717514 0.04215710237622261 0.21222156286239624
0 0.5940547827631235 0.4385674223303795 0.034868527203798294 0.18337534368038177
0 0.6552386283874512 0.3745030574500561 0.03190922737121582 0.08682950586080551
0 0.5486311428248882 0.8997229710221291 0.0692523941397667 0.20054490864276886
0 0.14046433940529823 0.4180859923362732 0.042850710451602936 0.10697013139724731
0 0.2325868047773838 0.48252467066049576 0.0454091802239418 0.20006908476352692
0 0.062401993200182915 0.3713051937520504 0.03965092822909355 0.07435529679059982
0 0.25922606512904167 0.35973114520311356 0.037824295461177826 0.07281388342380524
0 0.7120684497058392 0.3536507077515125 0.03207435458898544 0.07681427150964737
0 0.10291917249560356 0.36731019988656044 0.032781608402729034 0.07241202145814896
0 0.2148777935653925 0.37193308025598526 0.023366499692201614 0.07924099266529083
0 0.25474079325795174 0.4099300764501095 0.035370685160160065 0.054544322192668915
0 0.12493933457881212 0.38182208873331547 0.021049166098237038 0.03777690604329109
