0 0.7824531905353069 0.835398331284523 0.11548223346471786 0.3292032778263092
0 0.9670779351145029 0.6357998698949814 0.0577877052128315 0.2974885404109955
0 0.3727325201034546 0.8189207315444946 0.10573363304138184 0.36215853691101074
0 0.8862595800310373 0.6122526526451111 0.051230717450380325 0.2852107882499695
0 0.5692237727344036 0.7485205680131912 0.05236782878637314 0.3751181662082672
0 0.5054147019982338 0.8100871294736862 0.08225579559803009 0.37704500555992126
0 0.5092209875583649 0.41764480620622635 0.03621864318847656 0.1311732679605484
0 0.2745419330894947 0.3841518200933933 0.0454544797539711 0.1063542440533638
0 0.6202759984880686 0.4147956073284149 0.039438534528017044 0.14781290292739868
0 0.3995544072240591 0.3426397889852524 0.016269873827695847 0.08507367968559265
0 0.44859022460877895 0.4434598609805107 0.049226950854063034 0.18390510976314545
0 0.5957592483609915 0.42053546756505966 0.028946351259946823 0.14034603536128998
0 0.46520194970071316 0.7702767699956894 0.05832548066973686 0.32327792048454285
0 0.44319074787199497 0.3440771531313658 0.02338891103863716 0.06126096472144127
0 0.42793796584010124 0.40689370781183243 0.04212679713964462 0.1238994151353836
0 0.325106680393219 0.3511822260916233 0.030562162399291992 0.08640623837709427
0 0.34952138736844063 0.3657926768064499 0.038639165461063385 0.09599730372428894
0 0.36681766528636217 0.3490704223513603 0.020651722326874733 0.08751659095287323
0 0.4301404356956482 0.3662944734096527 0.04698038101196289 0.09020769596099854
