0 0.018543146550655365 0.6641360595822334 0.03708629310131073 0.1132815033197403
0 0.5539726857095957 0.542413666844368 0.031048346310853958 0.14181289076805115
0 0.15582066401839256 0.6779456585645676 0.054740749299526215 0.18215391039848328
0 0.15879766270518303 0.5331927873194218 0.05479004234075546 0.08511997014284134
0 0.3312696162611246 0.46322088316082954 0.02857654169201851 0.07626024633646011
0 0.48512744903564453 0.5639344081282616 0.02945566177368164 0.1593177765607834
0 0.4058077745139599 0.6182859614491463 0.039198778569698334 0.18627502024173737
0 0.12581610307097435 0.601234458386898 0.05645672231912613 0.14771668612957
0 0.25032477639615536 0.5170243084430695 0.04924912378191948 0.10505867004394531
0 0.27158354595303535 0.48545611649751663 0.04544994980096817 0.09373177587985992
0 0.45811396837234497 0.4817762076854706 0.025330543518066406 0.07285338640213013
0 0.42256781458854675 0.5080843009054661 0.028945207595825195 0.05201954394578934
0 0.4350715517066419 0.473163491114974 0.015383529476821423 0.03643561527132988
0 0.49394234409555793 0.47683849558234215 0.013093280605971813 0.030586116015911102
