0 0.6741989850997925 0.6952517405152321 0.1022028923034668 0.21371324360370636
0 0.4256185293197632 0.6882794722914696 0.05157887935638428 0.19258134067058563
0 0.1517396066337824 0.3912414703518152 0.046354521065950394 0.05978931859135628
0 0.3621366024017334 0.42669910192489624 0.04232168197631836 0.06942778825759888
0 0.095748670399189 0.3920876383781433 0.04072132706642151 0.06872498989105225
0 0.3299536593258381 0.5249041095376015 0.06337771564722061 0.2064809948205948
0 0.9443747997283936 0.8898773342370987 0.11125040054321289 0.2191096842288971
0 0.954961933195591 0.8178611323237419 0.09007616341114044 0.19206856191158295
0 0.5789663791656494 0.5019645839929581 0.038765668869018555 0.11253497004508972
0 0.5550645831972361 0.4216307923197746 0.03796582296490669 0.08638004958629608
0 0.5914600975811481 0.3885391280055046 0.03354773670434952 0.06876252591609955
0 0.2391087505966425 0.4403252899646759 0.060123492032289505 0.11452805995941162
0 0.28809140250086784 0.38303011283278465 0.04399707168340683 0.06534474343061447
0 0.6176044465973973 0.36672211438417435 0.028035545721650124 0.062358155846595764
0 0.6358351707458496 0.40082501620054245 0.024057626724243164 0.05613051354885101
0 0.24481036327779293 0.3918204586952925 0.036293696612119675 0.05572056397795677
0 0.5803334955126047 0.3696136847138405 0.015796232968568802 0.03355909883975983
