0 0.6140318512916565 0.5070929676294327 0.026556015014648438 0.1284676492214203
0 0.2036919705569744 0.5472471565008163 0.033974193036556244 0.1299704611301422
0 0.15473398007452488 0.6814170405268669 0.05670713260769844 0.17554078996181488
0 0.26421732269227505 0.49449120461940765 0.03257472440600395 0.09407445788383484
0 0.022043472155928612 0.6835957169532776 0.044086944311857224 0.12446725368499756
0 0.12811142392456532 0.6125402450561523 0.05034463480114937 0.14924240112304688
0 0.535836529918015 0.5145548805594444 0.023877525702118874 0.09896604716777802
0 0.47232092544436455 0.5582731142640114 0.05500306934118271 0.1399739533662796
0 0.5044667422771454 0.4656890891492367 0.014593839645385742 0.06888817995786667
0 0.4734015045687556 0.4668744467198849 0.026613330468535423 0.07032924145460129
0 0.5496354345232248 0.4680233523249626 0.016866017132997513 0.07344089448451996
0 0.33581774216145277 0.43299817107617855 0.02549264393746853 0.05584399029612541
0 0.3089710772037506 0.4580641184002161 0.024164438247680664 0.05590434744954109
0 0.3172764419578016 0.4181641871109605 0.012966322712600231 0.02880011685192585
