0 0.32952864095568657 0.643674336373806 0.07134630531072617 0.20556525886058807
0 0.543647039681673 0.7543057948350906 0.05173692852258682 0.4811544716358185
0 0.44395062886178493 0.5186403319239616 0.05001063272356987 0.1556212157011032
0 0.8140404932200909 0.44069257751107216 0.03502287715673447 0.0891314223408699
0 0.5964649077504873 0.5968100428581238 0.03988976404070854 0.181296706199646
0 0.22651179693639278 0.3432757928967476 0.027253221720457077 0.07659395039081573
0 0.29578883573412895 0.3624083139002323 0.03474237769842148 0.09882999211549759
0 0.3685305118560791 0.4433903694152832 0.05380451679229736 0.11172997951507568
0 0.8067631721496582 0.3532862775027752 0.03547859191894531 0.08042117208242416
0 0.39302660804241896 0.3189588151872158 0.025413965806365013 0.07842843979597092
0 0.9014340154826641 0.3661094233393669 0.03175678104162216 0.08839045464992523
0 0.1883116215467453 0.31902302615344524 0.029675543308258057 0.056834008544683456
0 0.1677014110609889 0.3239392265677452 0.026265418156981468 0.06638942658901215
0 0.3669970277696848 0.32501712441444397 0.018712330609560013 0.06724613904953003
0 0.34815927129238844 0.4018542021512985 0.02987036667764187 0.09570005536079407
0 0.9424826856702566 0.34669250436127186 0.03282184526324272 0.05251700058579445
0 0.9858671901747584 0.3530284073203802 0.024490928277373314 0.03727499768137932
0 0.551403415389359 0.5446971356868744 0.01428213156759739 0.06405669450759888
0 0.9719794392585754 0.3229980254545808 0.015216827392578125 0.030392901971936226
