0 0.018756087869405746 0.6773277595639229 0.03751217573881149 0.12574101984500885
0 0.12872330658137798 0.6051775962114334 0.05197979137301445 0.15314653515815735
0 0.25673798844218254 0.49533460289239883 0.03375043720006943 0.08660782873630524
0 0.5899094585329294 0.5242561027407646 0.027762223035097122 0.1392536610364914
0 0.3228694200515747 0.43563617765903473 0.02398550510406494 0.07293489575386047
0 0.15605894289910793 0.6696674153208733 0.05632800981402397 0.19314049184322357
0 0.5136115429922938 0.5469445250928402 0.025559281930327415 0.08654802292585373
0 0.29836190957576036 0.4557623043656349 0.02865746058523655 0.0865786224603653
0 0.4471827931702137 0.5943945869803429 0.03634653240442276 0.13843350112438202
0 0.1909511648118496 0.5630162619054317 0.040908657014369965 0.07063882797956467
0 0.5244517084211111 0.4784317575395107 0.024644803255796432 0.06328760832548141
0 0.20397051889449358 0.5122559852898121 0.01872965134680271 0.04754028469324112
0 0.4886764110997319 0.47882956080138683 0.01955881156027317 0.041145917028188705
0 0.43619359750300646 0.5380839183926582 0.030414247885346413 0.0720909982919693
0 0.45647795125842094 0.4951724670827389 0.03169264644384384 0.06230752915143967
0 0.46848510578274727 0.49826109781861305 0.03768501430749893 0.07563955336809158
