0 0.32216736674308777 0.7058315724134445 0.07629191875457764 0.2405829131603241
0 0.40468333289027214 0.528808243572712 0.05051245540380478 0.15267308056354523
0 0.6122831590473652 0.6226775348186493 0.04207334667444229 0.18122631311416626
0 0.5559641607105732 0.6678815931081772 0.05061540752649307 0.2656647861003876
0 0.329853480681777 0.4650072678923607 0.046620916575193405 0.12850366532802582
0 0.7557231429964304 0.3591860271990299 0.03313808515667915 0.08594364672899246
0 0.32794356904923916 0.3331665210425854 0.01946563646197319 0.07412757724523544
0 0.2688983678817749 0.37432847544550896 0.033759355545043945 0.09459313005208969
0 0.8413468599319458 0.3691650442779064 0.036791324615478516 0.09616860002279282
0 0.19978325068950653 0.35852891579270363 0.025693178176879883 0.08911139518022537
0 0.30613349098712206 0.4158205520361662 0.026557588949799538 0.06105783209204674
0 0.35718636494129896 0.33649796433746815 0.022187447175383568 0.058158282190561295
0 0.7622496131807566 0.4312557689845562 0.029361534863710403 0.1089576706290245
0 0.9131560809910297 0.34770018607378006 0.03632555156946182 0.07485760748386383
0 0.8853892683982849 0.3641718775033951 0.03132963180541992 0.08227714896202087
0 0.60085554048419 0.8688547313213348 0.05087604373693466 0.2622295022010803
0 0.16243312694132328 0.31927861645817757 0.02598964050412178 0.04929790645837784
0 0.3127379836514592 0.3748548571020365 0.01386716403067112 0.034430015832185745
