0 0.7055331580340862 0.6608414053916931 0.10130824893712997 0.26683104038238525
0 0.5011688284575939 0.5260697603225708 0.047736071050167084 0.10152977705001831
0 0.16784529015421867 0.6407552808523178 0.0480976328253746 0.1728365123271942
0 0.10449889488518238 0.5749340653419495 0.04360588267445564 0.1656627655029297
0 0.5269214864820242 0.4608076252043247 0.03852863237261772 0.07215411216020584
0 0.22523987852036953 0.5280783101916313 0.042995404452085495 0.10309003293514252
0 0.8758586049079895 0.7413477823138237 0.0914602279663086 0.19907663762569427
0 0.0655946135520935 0.5983097292482853 0.03352080285549164 0.09805340319871902
0 0.9553066715598106 0.6788785606622696 0.086382195353508 0.11026111245155334
0 0.18604202568531036 0.5183516852557659 0.028125226497650146 0.06453361362218857
0 0.31440294906497 0.44634103029966354 0.03681673854589462 0.07433293759822845
0 0.3617688175290823 0.4510768000036478 0.027149509638547897 0.053015220910310745
0 0.9477028027176857 0.7485203668475151 0.09896107017993927 0.18686579167842865
0 0.49116769433021545 0.44630423560738564 0.032355308532714844 0.0779585912823677
0 0.4400768391788006 0.5058117993175983 0.03410305827856064 0.08464232832193375
0 0.007680763925691281 0.7261676639318466 0.015356555581092834 0.1309015452861786
0 0.3912795130163431 0.485538125038147 0.032182980328798294 0.10210829973220825
0 0.41224408708512783 0.48555877432227135 0.0312773697078228 0.11765145510435104
0 0.16766404500231147 0.47670098952949047 0.011281835846602917 0.0364525280892849
0 0.40242815017700195 0.5038672834634781 0.0455397367477417 0.0822230875492096
