0 0.42706539668142796 0.54458237439394 0.05217127874493599 0.21694619953632355
0 0.4931870587170124 0.5412886217236519 0.05063948780298233 0.24571914970874786
0 0.36143560986965895 0.3259209208190441 0.02316913567483425 0.09111341089010239
0 0.4165390320122242 0.3242376111447811 0.034783102571964264 0.08042328804731369
0 0.3164483904838562 0.29525663517415524 0.02625131607055664 0.059735339134931564
0 0.5747897513210773 0.44954612851142883 0.035303689539432526 0.21373802423477173
0 0.5317861558869481 0.30215300619602203 0.026351595297455788 0.07874312996864319
0 0.5509108062833548 0.39930203184485435 0.029448460787534714 0.09211205691099167
0 0.5079960878938437 0.31090520322322845 0.020940493792295456 0.06865045428276062
0 0.1563818184658885 0.3053961358964443 0.026485776528716087 0.05578695982694626
0 0.13074623327702284 0.3056148812174797 0.01874563656747341 0.07062701880931854
0 0.17007896583527327 0.2887401804327965 0.022978341206908226 0.04432748258113861
0 0.5592381120659411 0.34908490628004074 0.014178705401718616 0.04098103940486908
0 0.1514931321144104 0.2860079985111952 0.017817914485931396 0.05006879195570946
0 0.19217319786548615 0.2806848268955946 0.01582813262939453 0.04686092957854271
