0 0.36344220116734505 0.6076893731951714 0.03837607055902481 0.19403432309627533
0 0.6790873296558857 0.725786529481411 0.05721864849328995 0.22881262004375458
0 0.6108682863414288 0.7606029212474823 0.06300558894872665 0.2924242615699768
0 0.2787500135600567 0.5296678617596626 0.0402999147772789 0.14751137793064117
0 0.41095899417996407 0.8576213121414185 0.0633450523018837 0.2847557067871094
0 0.6515251398086548 0.41399264335632324 0.029399871826171875 0.17032408714294434
0 0.7187878005206585 0.3708629682660103 0.03136482089757919 0.09008301794528961
0 0.7815613392740488 0.35012294352054596 0.046273279935121536 0.07678106427192688
0 0.23931880667805672 0.44296450912952423 0.045545317232608795 0.183076411485672
0 0.15290025249123573 0.38994381576776505 0.033156849443912506 0.10097558796405792
0 0.2864453671500087 0.34794917330145836 0.028963183984160423 0.08154409378767014
0 0.11655839812010527 0.34399154409766197 0.0258393045514822 0.04881875962018967
0 0.08523976802825928 0.3505057282745838 0.02731892466545105 0.04517010599374771
0 0.8093343377113342 0.951664250344038 0.04396486282348633 0.09561606496572495
0 0.24778432212769985 0.35379746928811073 0.019469570368528366 0.04223484545946121
0 0.22874521277844906 0.3672304190695286 0.021512817591428757 0.034543462097644806
