0 0.8282677046954632 0.7532472610473633 0.12002291530370712 0.21839141845703125
0 0.6344404928386211 0.6668188273906708 0.07061495631933212 0.17602390050888062
0 0.9314794652163982 0.7828663811087608 0.1017393097281456 0.24095217883586884
0 0.6581025961786509 0.5902989879250526 0.057005930691957474 0.1449119597673416
0 0.03083593025803566 0.6215706393122673 0.06167186051607132 0.19746504724025726
0 0.25665701925754547 0.45329442247748375 0.04265248775482178 0.09548144787549973
0 0.11281757988035679 0.5021350644528866 0.04842172935605049 0.12031983584165573
0 0.9681547284126282 0.7015781924128532 0.06349945068359375 0.1348029226064682
0 0.059418462216854095 0.49779265373945236 0.05128749459981918 0.10111050307750702
0 0.31742591224610806 0.44052330777049065 0.04142303392291069 0.0741199478507042
0 0.43119049072265625 0.46626971662044525 0.043399810791015625 0.1080305278301239
0 0.3960880395025015 0.46633922681212425 0.04384894296526909 0.10167139023542404
0 0.49947237968444824 0.5083425305783749 0.05529356002807617 0.10494410246610641
0 0.36464378237724304 0.45974285155534744 0.03362441062927246 0.09765137732028961
0 0.557267690077424 0.45857594907283783 0.0460844524204731 0.09642139077186584
0 0.5271873716264963 0.4458785764873028 0.02305011823773384 0.09204360097646713
0 0.4791254345327616 0.4587346985936165 0.03011469915509224 0.07409782707691193
