0 0.12039009854197502 0.6782117784023285 0.05879158526659012 0.201571524143219
0 0.8995138891041279 0.733740322291851 0.08234605938196182 0.2122793048620224
0 0.14090167358517647 0.5820778012275696 0.03341112285852432 0.13326382637023926
0 0.728071428835392 0.5893993824720383 0.0632903128862381 0.11771473288536072
0 0.9566473253071308 0.7371111586689949 0.08651170879602432 0.1784384399652481
0 0.2454690895974636 0.6122914925217628 0.0407198891043663 0.1483655720949173
0 0.5291008837521076 0.5286848358809948 0.04127559810876846 0.10932990163564682
0 0.30014654994010925 0.5342468991875648 0.035006165504455566 0.1305902749300003
0 0.3742660880088806 0.45078083500266075 0.03831017017364502 0.08364223688840866
0 0.5518985390663147 0.4596206843852997 0.0498504638671875 0.08088874816894531
0 0.7452088706195354 0.684851236641407 0.05990877002477646 0.15233446657657623
0 0.46615593507885933 0.5044760517776012 0.05271182209253311 0.07928886264562607
0 0.2586723417043686 0.5067133642733097 0.03041684627532959 0.0957760289311409
0 0.9701460245996714 0.6713048964738846 0.05970792844891548 0.10416582226753235
0 0.424180013127625 0.49588048458099365 0.024004602804780006 0.10441839694976807
0 0.19302339293062687 0.5959441512823105 0.03990917280316353 0.13704833388328552
0 0.5152533408254385 0.44860777631402016 0.028026532381772995 0.07453490048646927
0 0.40777016803622246 0.45016565546393394 0.03788032382726669 0.06541620939970016
0 0.18622328341007233 0.525889977812767 0.028845667839050293 0.08147981762886047
0 0.44906589947640896 0.44845372065901756 0.024596642702817917 0.03765665739774704
