0 0.7942981496453285 0.8137927651405334 0.09356279671192169 0.3724093437194824
0 0.3947921395301819 0.8167838454246521 0.09113121032714844 0.36513960361480713
0 0.9380593299865723 0.5834438875317574 0.054526329040527344 0.21682895720005035
0 0.5254610665142536 0.7944672256708145 0.08493886142969131 0.40417006611824036
0 0.5877376087009907 0.6929745078086853 0.04850635677576065 0.32058584690093994
0 0.8738008737564087 0.5855120122432709 0.0509181022644043 0.26182425022125244
0 0.5218025334179401 0.40445950627326965 0.03571806102991104 0.13011223077774048
0 0.29316908679902554 0.37177353724837303 0.04318852350115776 0.10060357302427292
0 0.6336551066488028 0.40318356454372406 0.03970189020037651 0.14318165183067322
0 0.48790521547198296 0.7340954393148422 0.05237521976232529 0.29790768027305603
0 0.45853359065949917 0.43078599125146866 0.04757876321673393 0.17915423214435577
0 0.456076979637146 0.33816262520849705 0.022895097732543945 0.06176643446087837
0 0.41461700201034546 0.3469214607030153 0.016163110733032227 0.059367094188928604
0 0.440106856636703 0.4058999978005886 0.030696963891386986 0.08951937407255173
0 0.610570514574647 0.40390515327453613 0.032445717602968216 0.13731104135513306
0 0.3530864417552948 0.3601645566523075 0.05014026165008545 0.09456992894411087
0 0.37802650313824415 0.3415179029107094 0.02626178227365017 0.0668308287858963
0 0.41783992061391473 0.30990261770784855 0.009288978762924671 0.031672436743974686
