0 0.598646342754364 0.5051762163639069 0.03298497200012207 0.12550455331802368
0 0.4134042263031006 0.3288712650537491 0.018451213836669922 0.08945009112358093
0 0.4654690381139517 0.3281210586428642 0.026889514178037643 0.0779753178358078
0 0.37307229079306126 0.29988857358694077 0.022176314145326614 0.06806664168834686
0 0.21244708634912968 0.2997576557099819 0.02690713480114937 0.07444369047880173
0 0.4806296043097973 0.5224671140313148 0.09442391246557236 0.20275332033634186
0 0.6283813957124949 0.3923488222062588 0.03190045431256294 0.12262909859418869
0 0.5586446281522512 0.3129931353032589 0.020792435854673386 0.0782495066523552
0 0.43981727957725525 0.3126930370926857 0.021193504333496094 0.05475892126560211
0 0.5337776783853769 0.43002933263778687 0.019385386258363724 0.05113250017166138
0 0.23646487016230822 0.3069829158484936 0.023721003904938698 0.06862767785787582
0 0.651877224445343 0.4145744889974594 0.029210805892944336 0.12612012028694153
0 0.2985487822443247 0.27803126350045204 0.027630377560853958 0.04445821791887283
0 0.5798206329345703 0.3104618787765503 0.03223395347595215 0.0819772481918335
0 0.3033559201285243 0.2679846752434969 0.02065739594399929 0.051301512867212296
0 0.5228357072919607 0.48721516132354736 0.02400369569659233 0.08110368251800537
0 0.2636143146082759 0.2782270163297653 0.02443072758615017 0.06528723239898682
0 0.2500950042158365 0.2846330273896456 0.02429990842938423 0.056082937866449356
0 0.25781244970858097 0.29051428474485874 0.027677346020936966 0.050853241235017776
