0 0.7052578330039978 0.530405730009079 0.05478715896606445 0.202225923538208
0 0.5217290148139 0.5483999252319336 0.06654123961925507 0.22212570905685425
0 0.7819761876016855 0.44158985465765 0.060886431485414505 0.167358860373497
0 0.5571239832788706 0.3416445888578892 0.021126318722963333 0.07815910130739212
0 0.47511306405067444 0.31834689900279045 0.02431488037109375 0.0795368179678917
0 0.652527523227036 0.3233550153672695 0.028879309073090553 0.07786362618207932
0 0.5781344659626484 0.5639813542366028 0.07653150707483292 0.22603577375411987
0 0.6758199818432331 0.33348339423537254 0.03166923671960831 0.058537356555461884
0 0.5041541699320078 0.3609340190887451 0.023960400372743607 0.09182518720626831
0 0.45723602175712585 0.2852633260190487 0.019223928451538086 0.04299723356962204
0 0.42996991891413927 0.29194064624607563 0.014859342947602272 0.048042211681604385
0 0.34070204477757215 0.3158036954700947 0.02739736996591091 0.05567131191492081
0 0.6155151017010212 0.47605227306485176 0.05120716243982315 0.11563102155923843
0 0.40165166836231947 0.29531872645020485 0.017053579911589622 0.05203194171190262
0 0.5223249914124608 0.32195839658379555 0.014890575781464577 0.06630999594926834
0 0.36606072820723057 0.3041688073426485 0.03148703649640083 0.053163085132837296
0 0.3861031774431467 0.30255552008748055 0.020108629018068314 0.051331497728824615
0 0.35835535544902086 0.298015957698226 0.028243208304047585 0.05160761997103691
0 0.6073885671794415 0.4965110421180725 0.04495277255773544 0.08596229553222656
0 0.38454799074679613 0.27189301140606403 0.01707901991903782 0.025083456188440323
