0 0.03350833059175784 0.6163844913244247 0.06700777262449265 0.1980796754360199
0 0.6436506509780884 0.6840941533446312 0.08699512481689453 0.2082921713590622
0 0.8294935114681721 0.7416662350296974 0.11207447201013565 0.19642384350299835
0 0.06404832005500793 0.49844691902399063 0.05054614692926407 0.10696567595005035
0 0.2579661123454571 0.4506491869688034 0.04193558543920517 0.09323421120643616
0 0.967375360429287 0.7088407874107361 0.0652492493391037 0.15740132331848145
0 0.6571088433265686 0.5769875571131706 0.04882407188415527 0.1276852935552597
0 0.9368701465427876 0.7685613855719566 0.10631857067346573 0.22054938971996307
0 0.12059255875647068 0.5032670944929123 0.04350941255688667 0.11214908957481384
0 0.3650365648791194 0.46061331406235695 0.03092513047158718 0.09522319585084915
0 0.5519453044980764 0.45248888432979584 0.04239172860980034 0.08683344721794128
0 0.49997723661363125 0.5070592053234577 0.05256504938006401 0.09512392431497574
0 0.4006964676082134 0.4696693979203701 0.04765655845403671 0.1012301966547966
0 0.5226617455482483 0.4410954900085926 0.022733449935913086 0.08289078623056412
0 0.3202057480812073 0.4360017627477646 0.041654229164123535 0.06394216418266296
0 0.4398100860416889 0.4841265231370926 0.03720436245203018 0.07288089394569397
0 0.47972691617906094 0.46622708067297935 0.030030202120542526 0.08248566836118698
0 0.32740012370049953 0.4501180686056614 0.031073521822690964 0.04496396332979202
0 0.4321560077369213 0.46544455736875534 0.04237522929906845 0.10033611953258514
0 0.011755126528441906 0.544198527932167 0.023510253056883812 0.05420604348182678
