0 0.11064722388982773 0.8065039291977882 0.0944058895111084 0.23630256950855255
0 0.3398735634982586 0.7419504374265671 0.04881324619054794 0.2567858397960663
0 0.21936841309070587 0.827159196138382 0.0790715217590332 0.34156447649002075
0 0.1462613996118307 0.5980126112699509 0.033865880221128464 0.13537678122520447
0 0.19017695263028145 0.5987082198262215 0.04415086656808853 0.15889693796634674
0 0.07139990665018559 0.7122655287384987 0.06230325624346733 0.21276207268238068
0 0.29488193430006504 0.7762412205338478 0.04714624956250191 0.2411002665758133
0 0.05627271183766425 0.6467192694544792 0.10765315592288971 0.17934976518154144
0 0.26977648213505745 0.7465024888515472 0.04269979149103165 0.2780300974845886
0 0.23668745160102844 0.6854355037212372 0.04831647872924805 0.15506702661514282
0 0.05139999929815531 0.5824054889380932 0.020506659522652626 0.050022803246974945
