0 0.6275503523647785 0.7907656878232956 0.06072602421045303 0.3309272229671478
0 0.7055429816246033 0.7925681173801422 0.07193827629089355 0.28520554304122925
0 0.3726360443979502 0.6256579160690308 0.03892939165234566 0.204270601272583
0 0.2758009433746338 0.5724019482731819 0.04249131679534912 0.17960895597934723
0 0.6332730408757925 0.4274919554591179 0.03147883340716362 0.17795370519161224
0 0.27429230231791735 0.3557223752140999 0.02797558344900608 0.08573688566684723
0 0.6971063371747732 0.3736075460910797 0.028504561632871628 0.08724367618560791
0 0.7578793875873089 0.3609166108071804 0.04348602145910263 0.09345769137144089
0 0.07376637309789658 0.355325298383832 0.03657042980194092 0.06224146857857704
0 0.14515475556254387 0.3946359306573868 0.036575160920619965 0.09818920493125916
0 0.23505089804530144 0.4581082984805107 0.04337658733129501 0.1761137694120407
0 0.11124930530786514 0.35677244141697884 0.031951189041137695 0.06498495489358902
0 0.8563172463327646 0.9653385728597641 0.04167060926556587 0.06932279467582703
0 0.23331150691956282 0.3512480556964874 0.02106771431863308 0.06387931108474731
0 0.23183795809745789 0.3682679682970047 0.025432467460632324 0.05417713522911072
