0 0.15318328142166138 0.6733899712562561 0.05308794975280762 0.16247057914733887
0 0.20646413043141365 0.5370936654508114 0.036898352205753326 0.12252824753522873
0 0.267228439450264 0.5026037506759167 0.03568124771118164 0.10595228523015976
0 0.619727348908782 0.4990902282297611 0.025627564638853073 0.11500371247529984
0 0.12826054356992245 0.6253386214375496 0.04971356317400932 0.16211654245853424
0 0.49328296817839146 0.5710703358054161 0.02951674535870552 0.12744848430156708
0 0.022974923253059387 0.6922736428678036 0.045949846506118774 0.12355320900678635
0 0.5411713244393468 0.5193877853453159 0.02109088934957981 0.1048140600323677
0 0.34395005088299513 0.4390659425407648 0.02422354184091091 0.059596676379442215
0 0.31435314379632473 0.4500821568071842 0.0292632095515728 0.09136302024126053
0 0.46112449187785387 0.5313458554446697 0.024924421682953835 0.07329215854406357
0 0.47881332598626614 0.45951589196920395 0.026662301272153854 0.07702390849590302
0 0.5055812476202846 0.45806368440389633 0.015839433297514915 0.07401661574840546
0 0.35365980258211493 0.39614142291247845 0.012643980793654919 0.03354814276099205
0 0.555776322260499 0.46068456023931503 0.017527390271425247 0.06062643229961395
0 0.4793794574216008 0.4801142308861017 0.030827904120087624 0.061496395617723465
