0 0.11003967747092247 0.7902672737836838 0.09672126919031143 0.2159927785396576
0 0.33833881095051765 0.738682359457016 0.046936966478824615 0.24377721548080444
0 0.14363360032439232 0.5957675576210022 0.034986160695552826 0.12863671779632568
0 0.18985480070114136 0.6003827527165413 0.047295451164245605 0.15802158415317535
0 0.21339832618832588 0.864825502038002 0.06952623277902603 0.26702311635017395
0 0.23571862280368805 0.683659590780735 0.04837977886199951 0.14925511181354523
0 0.03148901910753921 0.6518958657979965 0.061247676610946655 0.1832582652568817
0 0.06966763734817505 0.713274709880352 0.05903587490320206 0.21748147904872894
0 0.28052644431591034 0.7767820656299591 0.06483221054077148 0.25590723752975464
0 0.0883097592741251 0.5840971749275923 0.04008220508694649 0.06124585494399071
0 0.05191052611917257 0.5846836306154728 0.01982804201543331 0.04686719924211502
0 0.28426870703697205 0.6257825680077076 0.019141554832458496 0.05259064584970474
