0 0.6488584037870169 0.5066315829753876 0.05377669259905815 0.165244460105896
0 0.5014549978077412 0.5146147608757019 0.06466612964868546 0.17290908098220825
0 0.5359252281486988 0.5312185660004616 0.10114894062280655 0.24707044661045074
0 0.5211773039773107 0.32983385771512985 0.023987436667084694 0.08035950362682343
0 0.7259298451244831 0.41718868166208267 0.036669112741947174 0.14550580084323883
0 0.7062337398529053 0.4137154147028923 0.03146052360534668 0.1441778987646103
0 0.6343206521123648 0.3158470503985882 0.030801724642515182 0.09244795888662338
0 0.3954534353688359 0.27873085625469685 0.019611025229096413 0.04746905341744423
0 0.4308428643271327 0.3075140006840229 0.021715497598052025 0.06847599893808365
0 0.6136358501389623 0.31583452597260475 0.026599789038300514 0.08411509543657303
0 0.48341808933764696 0.31423587538301945 0.015147591009736061 0.044292766600847244
0 0.4664081810042262 0.3389817737042904 0.02094445191323757 0.09234832972288132
0 0.2892525792121887 0.30994654074311256 0.030307769775390625 0.05579037219285965
0 0.3727759658358991 0.2819513585418463 0.012831616215407848 0.036151569336652756
0 0.31170199532061815 0.30840711668133736 0.029951954260468483 0.06882313638925552
0 0.3448336720466614 0.2903388421982527 0.02160942554473877 0.05155109986662865
0 0.40379357943311334 0.25584417302161455 0.010285568423569202 0.024040604010224342
0 0.324185567907989 0.2871225755661726 0.02471635304391384 0.06240677461028099
0 0.4763188837096095 0.3130849879235029 0.0226727481931448 0.045255597680807114
0 0.3156092055141926 0.2907780818641186 0.03262326866388321 0.06581946462392807
