0 0.1692858822643757 0.4673038125038147 0.05842874199151993 0.13059496879577637
0 0.44929397106170654 0.5162806063890457 0.04514431953430176 0.1719202697277069
0 0.45750794373452663 0.8883075267076492 0.05920572206377983 0.22325947880744934
0 0.549458360299468 0.5083387866616249 0.04169602319598198 0.1906302124261856
0 0.2897880729287863 0.9316061064600945 0.03818793222308159 0.1367877572774887
0 0.2388344705104828 0.44224128499627113 0.03634536266326904 0.08400709182024002
0 0.326572572812438 0.41427183896303177 0.020024608820676804 0.11296810209751129
0 0.39723873138427734 0.4922354966402054 0.02774965763092041 0.1318722665309906
0 0.2900331560522318 0.4300408512353897 0.03847496584057808 0.1280188262462616
0 0.36786556243896484 0.4014994651079178 0.04219233989715576 0.07483944296836853
0 0.5196236725896597 0.5232338383793831 0.03545184060931206 0.17624951899051666
0 0.3501217719167471 0.5393648445606232 0.06154949590563774 0.2665412425994873
0 0.2661072015762329 0.43230048939585686 0.03402209281921387 0.08352287858724594
0 0.2580179926007986 0.4164573587477207 0.03248877450823784 0.1000291183590889
0 0.2756985481828451 0.4030752554535866 0.033147167414426804 0.06876488029956818
