0 0.1520920805633068 0.7011262029409409 0.05592282861471176 0.1969580352306366
0 0.6262021064758301 0.5114167779684067 0.024299144744873047 0.1279555857181549
0 0.12773742899298668 0.6136087700724602 0.0474902018904686 0.14774690568447113
0 0.27075110748410225 0.4906205087900162 0.03197477012872696 0.1000758707523346
0 0.2087302841246128 0.5258966647088528 0.04122129827737808 0.11734246462583542
0 0.021485111333049645 0.6943589597940445 0.04296325147151947 0.14389660954475403
0 0.32017514668405056 0.44761648401618004 0.030720066279172897 0.07694362848997116
0 0.3534970283508301 0.41733214631676674 0.02614438533782959 0.08117908984422684
0 0.5033789994195104 0.5717763490974903 0.02952899970114231 0.12483910471200943
0 0.4651514170691371 0.5245311930775642 0.023514365777373314 0.1262838989496231
0 0.48214694298803806 0.46213290467858315 0.023226071149110794 0.07852155715227127
0 0.5472208140417933 0.5270917117595673 0.022710656747221947 0.11884337663650513
0 0.5067032217048109 0.454810643568635 0.014788198284804821 0.05414055660367012
0 0.5601445436477661 0.4521998502314091 0.01679253578186035 0.07691235095262527
