0 0.7999042496085167 0.7559349983930588 0.0677814930677414 0.36599287390708923
0 0.4343373365700245 0.7333484441041946 0.08667752891778946 0.3445020020008087
0 0.5463846251368523 0.7330616116523743 0.09858159720897675 0.3544578552246094
0 0.862250279635191 0.5580020472407341 0.046728990972042084 0.24557088315486908
0 0.9102426525205374 0.572629764676094 0.0514032356441021 0.2591533958911896
0 0.3228021916002035 0.3583832271397114 0.04110724851489067 0.09557054191827774
0 0.6137628443539143 0.6397484838962555 0.04461870342493057 0.2694140076637268
0 0.5409454945474863 0.3913665786385536 0.03383379057049751 0.12713868916034698
0 0.4378886939957738 0.32325971126556396 0.017058515921235085 0.07636070251464844
0 0.6567686684429646 0.3909863159060478 0.03572044521570206 0.1372780054807663
0 0.6319453958421946 0.389449767768383 0.02685575559735298 0.1223774403333664
0 0.4778071641921997 0.3141481466591358 0.02625298500061035 0.06657568365335464
0 0.486604917794466 0.4171881824731827 0.040615178644657135 0.15074583888053894
0 0.3742948714643717 0.3519820012152195 0.039969731122255325 0.0802619531750679
0 0.4014262082055211 0.327016718685627 0.024524236097931862 0.07363821566104889
0 0.4651603754609823 0.3824356272816658 0.037309836596250534 0.07139517366886139
0 0.4897516258060932 0.3611316345632076 0.033933259546756744 0.07495897263288498
0 0.4711292330175638 0.35630369558930397 0.044541168957948685 0.07613355666399002
0 0.48298544250428677 0.3352006394416094 0.02973003312945366 0.049054864794015884
