0 0.8386325128376484 0.7796483114361763 0.11057720333337784 0.24897290766239166
0 0.6490314491093159 0.6537897139787674 0.07036147266626358 0.1625078022480011
0 0.26622402109205723 0.4524654299020767 0.055329132825136185 0.10106387734413147
0 0.9324038848280907 0.7734414637088776 0.10107164084911346 0.21815019845962524
0 0.9627975709736347 0.7086287140846252 0.07440481334924698 0.14052081108093262
0 0.07921725139021873 0.5018913410604 0.04268079251050949 0.10607074946165085
0 0.6570526845753193 0.5703677199780941 0.04859314113855362 0.11007707566022873
0 0.32715898752212524 0.4436410591006279 0.03761088848114014 0.06942181289196014
0 0.5005165934562683 0.5292388796806335 0.05121779441833496 0.122852623462677
0 0.0424383141216822 0.5957012921571732 0.08464886248111725 0.22183218598365784
0 0.13999721594154835 0.5122695788741112 0.05379008129239082 0.12229542434215546
0 0.36630478501319885 0.4645896591246128 0.03302454948425293 0.09115511924028397
0 0.4010693784803152 0.4828885570168495 0.02876884862780571 0.0690094381570816
0 0.43339304346591234 0.47718019410967827 0.028960609808564186 0.05450477451086044
0 0.4690372822806239 0.4916259180754423 0.02380976639688015 0.0614142082631588
0 0.5457185264676809 0.4785542003810406 0.03490014001727104 0.07751091569662094
0 0.5090586245059967 0.45666129887104034 0.02149057388305664 0.05993732810020447
0 0.5321496725082397 0.4365159757435322 0.03413534164428711 0.05336914211511612
0 0.5074608502909541 0.4278829600661993 0.023723458871245384 0.06152025982737541
