0 0.6033209189772606 0.7301575988531113 0.07805423438549042 0.21370717883110046
0 0.8443197980523109 0.7270555049180984 0.11428017914295197 0.2175673544406891
0 0.6132836099714041 0.542325884103775 0.04879350587725639 0.1329033374786377
0 0.22921347245573997 0.4131830148398876 0.041927240788936615 0.06598981469869614
0 0.41942187026143074 0.4803774915635586 0.048008061945438385 0.08291422575712204
0 0.17689316347241402 0.4222911149263382 0.04973588138818741 0.09007725119590759
0 0.4668732825666666 0.6131228879094124 0.057494211941957474 0.17991723120212555
0 0.30475956201553345 0.42359405755996704 0.03826451301574707 0.08466720581054688
0 0.4390328945592046 0.44079603627324104 0.030284786596894264 0.07761887460947037
0 0.35558983124792576 0.45192616432905197 0.0586729533970356 0.10744170844554901
0 0.9880506275221705 0.6991440579295158 0.023897742852568626 0.06750844419002533
0 0.5579867009073496 0.4400886036455631 0.03898363187909126 0.07736790925264359
0 0.6158721689134836 0.41194580122828484 0.027463722974061966 0.07095154374837875
0 0.5798821449279785 0.40537079237401485 0.03387951850891113 0.057112377136945724
