0 0.3860486801713705 0.7105734050273895 0.054646801203489304 0.23638492822647095
0 0.6139707937836647 0.663231335580349 0.08564324676990509 0.1695493906736374
0 0.311939250677824 0.5653671473264694 0.054708145558834076 0.1649930775165558
0 0.907106839120388 0.8751277774572372 0.14277391135692596 0.2497445046901703
0 0.5979967471212149 0.3936716206371784 0.03569931909441948 0.08028499037027359
0 0.9353783838450909 0.8133818432688713 0.11709203571081161 0.1919693797826767
0 0.08643125742673874 0.40057725459337234 0.04882797598838806 0.08742137253284454
0 0.5531508922576904 0.4083173871040344 0.03879809379577637 0.07297646999359131
0 0.33531133458018303 0.4205138683319092 0.04763283580541611 0.08350813388824463
0 0.5759212132543325 0.4991706907749176 0.035869549959897995 0.12708765268325806
0 0.13495751097798347 0.3851725123822689 0.0429714098572731 0.06286733597517014
0 0.23109489120543003 0.38589661940932274 0.04005115106701851 0.06451498717069626
0 0.21368105337023735 0.43497512117028236 0.060418687760829926 0.11035067588090897
0 0.2757540885359049 0.38682935759425163 0.043874431401491165 0.07426204532384872
0 0.29808553494513035 0.4548014663159847 0.041319895535707474 0.08783429116010666
0 0.6296906117349863 0.36623137816786766 0.02269725874066353 0.0653080865740776
0 0.8625357151031494 0.9481105022132397 0.08015966415405273 0.1037413701415062
0 0.6392682436853647 0.3816080316901207 0.03224186971783638 0.058338865637779236
0 0.28328061662614346 0.42693173699080944 0.016405414789915085 0.03798764571547508
