0 0.4351419322192669 0.5244364142417908 0.051694534718990326 0.21392822265625
0 0.5868812911212444 0.4495755210518837 0.054353855550289154 0.2202679067850113
0 0.15259241499006748 0.30464497581124306 0.0191413052380085 0.07942689210176468
0 0.4852822180837393 0.5441058948636055 0.04788918420672417 0.20449955761432648
0 0.37583230156451464 0.32497841492295265 0.020540738478302956 0.08641446381807327
0 0.3371267970651388 0.30148621648550034 0.03529543802142143 0.07037769258022308
0 0.43469262681901455 0.33164094388484955 0.02053375169634819 0.07611098885536194
0 0.22653510235249996 0.27408934012055397 0.02269000932574272 0.062261708080768585
0 0.18055232148617506 0.3071761466562748 0.02701721154153347 0.0818905308842659
0 0.5466645006090403 0.3104136250913143 0.02293233945965767 0.046724848449230194
0 0.5231407405808568 0.3071784973144531 0.02072467841207981 0.06939756870269775
0 0.5018735639750957 0.4656481444835663 0.038266800343990326 0.10132980346679688
0 0.19970985315740108 0.28049542382359505 0.01956857368350029 0.06382844597101212
0 0.41462293826043606 0.30587194859981537 0.017365407198667526 0.0389154851436615
