0 0.11137853562831879 0.7830532938241959 0.09747016429901123 0.2093593180179596
0 0.14403386041522026 0.5930249281227589 0.03151818364858627 0.12434510141611099
0 0.20960595458745956 0.8696370273828506 0.0667896419763565 0.25908270478248596
0 0.1913568526506424 0.6004107743501663 0.05066460371017456 0.14880362153053284
0 0.33723144605755806 0.7354854643344879 0.0482545867562294 0.22998970746994019
0 0.03178074554307386 0.6570747271180153 0.061777494847774506 0.187968447804451
0 0.06822122074663639 0.6942099258303642 0.06218038871884346 0.24259553849697113
0 0.2349783182144165 0.7054393142461777 0.04433941841125488 0.19800063967704773
0 0.2806824594736099 0.7662576586008072 0.06552374362945557 0.2499997913837433
0 0.08812127262353897 0.5848009809851646 0.039470523595809937 0.06301693618297577
