0 0.5704699978232384 0.7566979080438614 0.08712796866893768 0.2562115490436554
0 0.8045712225139141 0.6937271058559418 0.09298601001501083 0.18869811296463013
0 0.15886839851737022 0.4088727943599224 0.048864804208278656 0.07501920312643051
0 0.6041249390691519 0.5050058700144291 0.03964872285723686 0.08299709111452103
0 0.9835386276245117 0.7216857112944126 0.03292274475097656 0.0921931341290474
0 0.2087530493736267 0.4049595817923546 0.041227519512176514 0.06539760529994965
0 0.43834742344915867 0.5944850966334343 0.05688886716961861 0.1569427102804184
0 0.39863464795053005 0.4843391366302967 0.048176359385252 0.08830032497644424
0 0.2967381365597248 0.42089448869228363 0.049036361277103424 0.08600446581840515
0 0.42800270952284336 0.4329391401261091 0.03756432607769966 0.06006109341979027
0 0.6196927074342966 0.40323634445667267 0.025125790387392044 0.06965145468711853
0 0.33422007597982883 0.43193842470645905 0.05155139043927193 0.0763179361820221
0 0.5546691175550222 0.4325316250324249 0.03589601442217827 0.08130645751953125
0 0.3341755513101816 0.40151500329375267 0.0513186939060688 0.06394623965024948
0 0.5750341657549143 0.40330967493355274 0.031423378735780716 0.059440020471811295
0 0.5887188194319606 0.3769490737468004 0.026697492226958275 0.05752921476960182
0 0.5950773833319545 0.4012648407369852 0.023365354165434837 0.04985694959759712
