0 0.4887192603200674 0.5728489458560944 0.04392881318926811 0.14622849225997925
0 0.20923517644405365 0.5528196543455124 0.04329723119735718 0.1261684000492096
0 0.2860798481851816 0.5027022995054722 0.03101210668683052 0.06855184584856033
0 0.3439105860888958 0.6860139295458794 0.049989841878414154 0.1754363626241684
0 0.13949820585548878 0.6800416260957718 0.05434345081448555 0.1647571623325348
0 0.2520348038524389 0.5096111968159676 0.0245637409389019 0.07214953005313873
0 0.417796116322279 0.584448404610157 0.051188014447689056 0.14840079843997955
0 0.12187318131327629 0.5675487518310547 0.053510747849941254 0.08623313903808594
0 0.34705367125570774 0.5949828885495663 0.0462292917072773 0.08772998303174973
0 0.1192109752446413 0.6357777826488018 0.053706515580415726 0.09397926181554794
0 0.11604259721934795 0.5957011356949806 0.04719258472323418 0.07737214863300323
0 0.36521596275269985 0.5305301025509834 0.03123791143298149 0.06482090055942535
0 0.3810209631919861 0.506283275783062 0.019022822380065918 0.039172276854515076
0 0.40629067458212376 0.5134598463773727 0.02751629427075386 0.08053669333457947
0 0.367228364571929 0.5477625355124474 0.027607988566160202 0.05396215617656708
0 0.13841955177485943 0.5562708601355553 0.031185638159513474 0.06882993876934052
0 0.1550021469593048 0.6173267811536789 0.02576315402984619 0.05116543173789978
