0 0.4192292932420969 0.6851329430937767 0.05258326604962349 0.1898595541715622
0 0.6662482395768166 0.6884859949350357 0.09798021614551544 0.20264485478401184
0 0.09381043538451195 0.39213068038225174 0.040753088891506195 0.0755404382944107
0 0.9401175156235695 0.8899591416120529 0.11976499855518341 0.2169489562511444
0 0.3588765747845173 0.42437446117401123 0.04117331653833389 0.06202888488769531
0 0.14922550320625305 0.3916804399341345 0.047048211097717285 0.061957042664289474
0 0.9517943859100342 0.8222724720835686 0.09641122817993164 0.19587241113185883
0 0.5546551700681448 0.4211098626255989 0.03833026811480522 0.08744777739048004
0 0.3244904391467571 0.5134431943297386 0.06377746909856796 0.18905042111873627
0 0.5780643112957478 0.4983103312551975 0.04211244732141495 0.11391902714967728
0 0.5916769504547119 0.3888862058520317 0.03435468673706055 0.06747572124004364
0 0.23539260774850845 0.4388393796980381 0.06513531506061554 0.11006207019090652
0 0.2928937915712595 0.4008235651999712 0.03187518194317818 0.04530436173081398
0 0.24426539801061153 0.39650020375847816 0.03934605047106743 0.06474477797746658
0 0.6364970924332738 0.3928591925650835 0.022648001089692116 0.04266649857163429
0 0.6203970788046718 0.3766695559024811 0.023845767602324486 0.048297226428985596
0 0.2741605043411255 0.3658493757247925 0.015381932258605957 0.03342407941818237
0 0.2284269779920578 0.3945825435221195 0.04859471321105957 0.06061346083879471
