0 0.5906193014234304 0.49096132069826126 0.03433270379900932 0.13047011196613312
0 0.450419407337904 0.5304067954421043 0.05527319759130478 0.2139890044927597
0 0.18629724066704512 0.30053961649537086 0.021780526265501976 0.07059622555971146
0 0.35614962596446276 0.29662027955055237 0.025058532133698463 0.06383198499679565
0 0.3969000931829214 0.32852135598659515 0.01814086362719536 0.08200189471244812
0 0.5691326260566711 0.31291587837040424 0.02165532112121582 0.04778692498803139
0 0.5099650919437408 0.4616108387708664 0.043102264404296875 0.11579403281211853
0 0.27086113672703505 0.2746571712195873 0.024175381287932396 0.06202831119298935
0 0.21254453342407942 0.30024798959493637 0.022768115624785423 0.0584673136472702
0 0.23621239699423313 0.28010841459035873 0.022495318204164505 0.06474418938159943
0 0.6159686204046011 0.3942105919122696 0.054320286959409714 0.11520335078239441
0 0.45415573101490736 0.3236902803182602 0.018943404778838158 0.07605347037315369
0 0.5483391527086496 0.2842514179646969 0.030662108212709427 0.03791194409132004
0 0.5442365286871791 0.31308451667428017 0.020782088860869408 0.07146400958299637
0 0.4839539583772421 0.5612571910023689 0.04326362535357475 0.154379740357399
0 0.4300400735810399 0.3172745406627655 0.020408058539032936 0.05066937208175659
0 0.21775999944657087 0.28482259437441826 0.023455118760466576 0.06037714332342148
0 0.20839142799377441 0.29006571881473064 0.020040273666381836 0.05390593037009239
0 0.21358911972492933 0.31962806545197964 0.019173478707671165 0.052611541002988815
