0 0.6493346318602562 0.6707799732685089 0.08341483771800995 0.19050759077072144
0 0.8315341249108315 0.7601497322320938 0.10088939964771271 0.2269381582736969
0 0.07421214133501053 0.489520825445652 0.04825101047754288 0.0922631174325943
0 0.9361002668738365 0.7544767037034035 0.09788112342357635 0.1863904744386673
0 0.6574664954096079 0.5676481686532497 0.04968004301190376 0.1132500097155571
0 0.13296620547771454 0.5134210661053658 0.05427742004394531 0.11600299179553986
0 0.257973188534379 0.4427078999578953 0.03821449354290962 0.08517146855592728
0 0.9661802425980568 0.703306682407856 0.0676395446062088 0.1396409422159195
0 0.32364330254495144 0.446069423109293 0.03923160955309868 0.08288396149873734
0 0.018748425180092454 0.578393429517746 0.0366702601313591 0.164292573928833
0 0.502578591927886 0.5121741443872452 0.04784269258379936 0.09037509560585022
0 0.3678646385669708 0.4647109694778919 0.037055015563964844 0.09234360605478287
0 0.049840424209833145 0.6469177715480328 0.04994124919176102 0.09829559177160263
0 0.5459161996841431 0.4559764936566353 0.04155683517456055 0.09481705725193024
0 0.4014516230672598 0.4755875989794731 0.04101986810564995 0.10966144502162933
0 0.5181267019361258 0.45030527003109455 0.0224275104701519 0.0514468289911747
0 0.43706693686544895 0.4806641396135092 0.033422280102968216 0.05587882921099663
0 0.47616575937718153 0.4851196352392435 0.026999330148100853 0.05917023494839668
0 0.4190562665462494 0.4359216373413801 0.01483011245727539 0.04086553677916527
