0 0.10141091048717499 0.8275829255580902 0.08056630194187164 0.252083957195282
0 0.36011449061334133 0.7335677966475487 0.04950590059161186 0.24953143298625946
0 0.31104507483541965 0.782802402973175 0.052280474454164505 0.25450587272644043
0 0.24395348504185677 0.8065361678600311 0.0710357204079628 0.3819907307624817
0 0.19031789898872375 0.5913912728428841 0.04137909412384033 0.1609727293252945
0 0.047907945699989796 0.6368239521980286 0.06936265528202057 0.1822725534439087
0 0.09658535942435265 0.6797840967774391 0.05197610706090927 0.1948813945055008
0 0.17065835930407047 0.594005823135376 0.03478365018963814 0.11326408386230469
0 0.2572776563465595 0.7261166274547577 0.08179006725549698 0.23634439706802368
0 0.09429368004202843 0.5642241816967726 0.035565681755542755 0.056477781385183334
0 0.08249236643314362 0.6346296779811382 0.05413433909416199 0.10536041110754013
