0 0.12512227706611156 0.6287643760442734 0.05040876194834709 0.1736362874507904
0 0.14824169874191284 0.6855451017618179 0.05244147777557373 0.17108073830604553
0 0.21771224215626717 0.532709389925003 0.040884532034397125 0.12501424551010132
0 0.6365038510411978 0.5056364759802818 0.02806992456316948 0.14063207805156708
0 0.2803683988749981 0.4981449842453003 0.03649260848760605 0.10595452785491943
0 0.020862994715571404 0.7261044308543205 0.04172598943114281 0.16482971608638763
0 0.5175996301695704 0.5552245229482651 0.02814326249063015 0.13290396332740784
0 0.3321960810571909 0.43787970393896103 0.02937452867627144 0.08070860803127289
0 0.366735833697021 0.41440123319625854 0.026033615693449974 0.07721167802810669
0 0.5572484852746129 0.5320005156099796 0.02160515822470188 0.08845401555299759
0 0.470992773771286 0.5267935283482075 0.024392366409301758 0.07008073478937149
0 0.5654029846191406 0.44288964942097664 0.018009424209594727 0.07624397426843643
0 0.4908525049686432 0.445929953828454 0.01728343963623047 0.05234463885426521
0 0.5116401193663478 0.44930308870971203 0.015615319833159447 0.051775868982076645
