0 0.9848246574401855 0.4527028352022171 0.030350685119628906 0.12945547699928284
0 0.5613446235656738 0.4675910621881485 0.033858537673950195 0.1423497498035431
0 0.33280972205102444 0.32511185482144356 0.023674916476011276 0.08809594064950943
0 0.4080944899469614 0.5352060869336128 0.05289452150464058 0.17655177414417267
0 0.28739275969564915 0.29967016726732254 0.028420258313417435 0.06601805984973907
0 0.3920868458226323 0.3240382708609104 0.023190880194306374 0.08610803633928299
0 0.4390485528856516 0.5907019302248955 0.03662686422467232 0.19457660615444183
0 0.5084031522274017 0.5660792961716652 0.048302650451660156 0.22483570873737335
0 0.5032507535070181 0.312703313305974 0.023549508303403854 0.05338961258530617
0 0.4817313253879547 0.30761731788516045 0.023257732391357422 0.06682779639959335
0 0.5339485052973032 0.38715117052197456 0.03419380262494087 0.08924732357263565
0 0.5073842164129019 0.3771726153790951 0.03134174272418022 0.09605490416288376
0 0.0870133638381958 0.309118140488863 0.02110305428504944 0.07301298528909683
0 0.16175174713134766 0.2869313005357981 0.01980692148208618 0.055596161633729935
0 0.11258083768188953 0.31054919213056564 0.02969949319958687 0.07347624003887177
0 0.42052408307790756 0.5718814879655838 0.07256726920604706 0.15248379111289978
0 0.13520576525479555 0.2905925512313843 0.02284177578985691 0.04238414764404297
0 0.5091375596821308 0.4135914370417595 0.03487572818994522 0.13040195405483246
