0 0.06452853977680206 0.6003025770187378 0.0738268718123436 0.19908404350280762
0 0.21588874608278275 0.7517441511154175 0.06988991796970367 0.30278658866882324
0 0.37509242817759514 0.6826894953846931 0.04871001094579697 0.22128309309482574
0 0.28387969732284546 0.6398008614778519 0.0469435453414917 0.24024119973182678
0 0.4581396337598562 0.6463599130511284 0.04720015451312065 0.244926318526268
0 0.13746205531060696 0.5436834990978241 0.04119975492358208 0.15994924306869507
0 0.20772911980748177 0.5368097126483917 0.04950270801782608 0.15689527988433838
0 0.33180708810687065 0.6449899449944496 0.03691890090703964 0.23033328354358673
0 0.4284517224878073 0.6596365571022034 0.0342065803706646 0.22678565979003906
0 0.26640595495700836 0.4955628179013729 0.04926407337188721 0.12361042946577072
0 0.1665627034381032 0.5396267734467983 0.030793214216828346 0.09987377375364304
0 0.25074640195816755 0.508781086653471 0.031071877107024193 0.08354093879461288
0 0.17320998292416334 0.47373729944229126 0.016271566972136497 0.045892417430877686
0 0.20950931310653687 0.46319481171667576 0.020500540733337402 0.05223732069134712
0 0.19525677897036076 0.5224362760782242 0.03925048187375069 0.08620885014533997
