0 0.21994591690599918 0.6508357524871826 0.06113241985440254 0.18129479885101318
0 0.7358433362096548 0.6636568382382393 0.05801505967974663 0.1904999166727066
0 0.882020365446806 0.7019157707691193 0.06744422763586044 0.199337899684906
0 0.03192327357828617 0.5655319541692734 0.03197968751192093 0.13862457871437073
0 0.9555509202182293 0.7276984229683876 0.0879906639456749 0.19382090866565704
0 0.7560446485877037 0.6000732406973839 0.06461887061595917 0.13510017096996307
0 0.2984039541333914 0.6347098350524902 0.03739769384264946 0.09475958347320557
0 0.24576491676270962 0.5970625728368759 0.05101663991808891 0.14515134692192078
0 0.5407463312149048 0.5271595492959023 0.029381752014160156 0.1105349212884903
0 0.4133402518928051 0.4484308734536171 0.036778710782527924 0.07588954269886017
0 0.32646978460252285 0.5373758226633072 0.02834339067339897 0.1355712115764618
0 0.4990970194339752 0.48779551312327385 0.03455543518066406 0.11113103479146957
0 0.5808652881532907 0.4688054323196411 0.03369336202740669 0.07903158664703369
0 0.2996875289827585 0.5069924145936966 0.02249925211071968 0.06631198525428772
0 0.9601594433188438 0.6676481887698174 0.07781438529491425 0.14838193356990814
0 0.4498046524822712 0.48590148985385895 0.03225598484277725 0.13315925002098083
0 0.4754535313695669 0.501198548823595 0.03196735307574272 0.07825753837823868
0 0.5394231919199228 0.44641076400876045 0.0464663989841938 0.10673997551202774
0 0.29960467852652073 0.5624593198299408 0.03965156152844429 0.063670814037323
0 0.9338797330856323 0.6323537230491638 0.03863239288330078 0.07928597927093506
0 0.556412959471345 0.4563592839986086 0.02996664121747017 0.055065665394067764
0 0.463063633069396 0.45383373834192753 0.01663989946246147 0.041261035948991776
