0 0.14903606474399567 0.6443047076463699 0.04969501495361328 0.15638843178749084
0 0.9027654528617859 0.7340816110372543 0.09387874603271484 0.22239837050437927
0 0.7392560355365276 0.6562035605311394 0.05824842303991318 0.15958450734615326
0 0.7389421947300434 0.5808600261807442 0.05769786983728409 0.1203087717294693
0 0.957298994064331 0.7431977465748787 0.08540201187133789 0.2037602812051773
0 0.1608158741146326 0.5812244191765785 0.03074704483151436 0.13018925487995148
0 0.2617659829556942 0.6273395121097565 0.038005731999874115 0.16115480661392212
0 0.9711633566766977 0.6688542738556862 0.05767326429486275 0.12846358120441437
0 0.30782974883913994 0.5264977477490902 0.03221883624792099 0.12346165627241135
0 0.21341866813600063 0.5844035595655441 0.05016894266009331 0.19928762316703796
0 0.38954623974859715 0.45418131723999977 0.04177837446331978 0.09012676030397415
0 0.560019601136446 0.4610327295958996 0.04952726513147354 0.07778175920248032
0 0.43356652837246656 0.4962576813995838 0.02302560769021511 0.05873773247003555
0 0.27638421580195427 0.5160088129341602 0.03280641883611679 0.10543123632669449
0 0.4805205166339874 0.49777811393141747 0.0327298641204834 0.0801660344004631
0 0.5347598437219858 0.506713692098856 0.037249136716127396 0.10278523713350296
0 0.4588039396330714 0.48961973935365677 0.028974151238799095 0.10689027607440948
0 0.5211389306932688 0.43746406957507133 0.027631569653749466 0.09415283054113388
0 0.5234729405492544 0.46000466123223305 0.029270123690366745 0.06534368544816971
0 0.42461184225976467 0.4592328406870365 0.024959515780210495 0.04956258088350296
0 0.44964362401515245 0.4546434246003628 0.017105961218476295 0.041011981666088104
