0 0.7314468398690224 0.7832713276147842 0.11328454315662384 0.27082422375679016
0 0.5580486766994 0.6427444070577621 0.06847061961889267 0.1778235137462616
0 0.9025743380188942 0.7455439046025276 0.0884983092546463 0.22705473005771637
0 0.6453758478164673 0.5478572100400925 0.06180548667907715 0.12255427241325378
0 0.028507026017194903 0.5119938179850578 0.05701357126235962 0.09071896970272064
0 0.9792945273220539 0.7332709580659866 0.03984270244836807 0.17700698971748352
0 0.4838078208267689 0.5148264691233635 0.05830083042383194 0.10870246589183807
0 0.22128616273403168 0.42953701317310333 0.03665339946746826 0.08918741345405579
0 0.2762768864631653 0.4351208768785 0.03418850898742676 0.08308237046003342
0 0.5659486539661884 0.45959098264575005 0.04285464435815811 0.09951599687337875
0 0.40992627665400505 0.4456252306699753 0.049304865300655365 0.09948810935020447
0 0.3414067029953003 0.4453423358500004 0.037246108055114746 0.08985180407762527
0 0.3724122755229473 0.4411119595170021 0.035130999982357025 0.08798845112323761
0 0.4653582815080881 0.44573451578617096 0.03359084203839302 0.06368717551231384
0 0.5927703622728586 0.43320486322045326 0.018134642392396927 0.05619794875383377
0 0.567749286070466 0.4127768538892269 0.039252329617738724 0.05765300244092941
0 0.36192777194082737 0.4112727791070938 0.017669010907411575 0.03687205910682678
0 0.46786450780928135 0.4673031587153673 0.02858142927289009 0.06207597628235817
