0 0.05121055990457535 0.6741820871829987 0.054042257368564606 0.18598467111587524
0 0.20986587926745415 0.6397569701075554 0.04224791377782822 0.17573152482509613
0 0.10295893717557192 0.5897037014365196 0.030830198898911476 0.14424578845500946
0 0.22600896656513214 0.518186379224062 0.0455172061920166 0.11158934980630875
0 0.8966730013489723 0.7486033216118813 0.09843559563159943 0.23930223286151886
0 0.7075809948146343 0.5831951685249805 0.05742468684911728 0.12136260420084
0 0.3474522717297077 0.45813166722655296 0.039023496210575104 0.08060251921415329
0 0.2654464542865753 0.5289439931511879 0.03773331642150879 0.12653745710849762
0 0.7267307266592979 0.6820441484451294 0.06672529876232147 0.1697533130645752
0 0.9540601596236229 0.7537062391638756 0.09185390174388885 0.21817664802074432
0 0.14681290462613106 0.540463037788868 0.03351864963769913 0.09357418119907379
0 0.54093655385077 0.4634808711707592 0.04164009168744087 0.08444853872060776
0 0.14925239607691765 0.6120278909802437 0.040008626878261566 0.1553143411874771
0 0.4361587818711996 0.49774572998285294 0.04063744470477104 0.0986025482416153
0 0.3932021800428629 0.46136363968253136 0.04290502145886421 0.08397471159696579
0 0.515893965959549 0.5078849270939827 0.04155898094177246 0.08174790441989899
0 0.9658723101019859 0.6784435175359249 0.06636171042919159 0.10999005287885666
0 0.501273762434721 0.45346328243613243 0.031268976628780365 0.07317089289426804
0 0.403752195648849 0.47906217351555824 0.03062114678323269 0.07745695859193802
0 0.4529955983161926 0.48715509101748466 0.03395414352416992 0.07566388696432114
0 0.43856868147850037 0.4518968425691128 0.03528308868408203 0.038784198462963104
0 0.5090272668749094 0.43414822593331337 0.029738474637269974 0.047605641186237335
0 0.40855165757238865 0.4945003017783165 0.02508549764752388 0.0690937489271164
