0 0.5608506323769689 0.5386054590344429 0.029036903753876686 0.1384362131357193
0 0.018443020060658455 0.6677496656775475 0.03688604012131691 0.11701969802379608
0 0.49158617854118347 0.5364257916808128 0.02970576286315918 0.1489924043416977
0 0.25005780160427094 0.5293450057506561 0.04033219814300537 0.130595862865448
0 0.15662424266338348 0.6732215955853462 0.054572343826293945 0.16262651979923248
0 0.41406469978392124 0.6058776006102562 0.04140882566571236 0.17893485724925995
0 0.1304793655872345 0.6035839021205902 0.06568796932697296 0.14797121286392212
0 0.3304075123742223 0.4540952779352665 0.026662493124604225 0.08439428359270096
0 0.16394849121570587 0.5413597375154495 0.06400930881500244 0.09814813733100891
0 0.46447948832064867 0.48371679708361626 0.024814510717988014 0.07718726247549057
0 0.2834690809249878 0.4718615487217903 0.03097975254058838 0.0822298675775528
0 0.432382196187973 0.49006999284029007 0.03623247146606445 0.06892259418964386
0 0.4141660276800394 0.536449272185564 0.04137151315808296 0.10508910566568375
0 0.4296343866735697 0.5156863778829575 0.030900288373231888 0.06409505009651184
