0 0.2592418845742941 0.6780258417129517 0.0623827688395977 0.2806236743927002
0 0.10058921203017235 0.5322341769933701 0.06577209383249283 0.15073135495185852
0 0.4958459082990885 0.5908074155449867 0.043335963040590286 0.22546352446079254
0 0.40891030989587307 0.6201093792915344 0.04353649541735649 0.2102140188217163
0 0.46005349792540073 0.6037284508347511 0.03410797193646431 0.20370669662952423
0 0.3324816580861807 0.9544769935309887 0.036533307284116745 0.0910460576415062
0 0.17453217506408691 0.4958820715546608 0.04029577970504761 0.15078939497470856
0 0.3113719169050455 0.586384579539299 0.044111061841249466 0.19448402523994446
0 0.2780305268242955 0.48246438056230545 0.02741875685751438 0.08804728090763092
0 0.30440561193972826 0.49092700332403183 0.02838733233511448 0.09996388852596283
0 0.24826341308653355 0.5078785791993141 0.028528261929750443 0.09309251606464386
0 0.37195217050611973 0.6010691598057747 0.028319407254457474 0.1714562326669693
0 0.20765910111367702 0.50169812515378 0.03757662698626518 0.10765770822763443
0 0.3468321915715933 0.5951681882143021 0.030907820910215378 0.11763301491737366
0 0.2872659983113408 0.4271133728325367 0.0241564754396677 0.04751870781183243
0 0.23807057458907366 0.42813301645219326 0.01563241519033909 0.057977210730314255
0 0.3570891562849283 0.5188998635858297 0.01801471784710884 0.059134673327207565
0 0.2515111118555069 0.4450730551034212 0.015198349952697754 0.054997000843286514
0 0.3484521862119436 0.5586390383541584 0.032571982592344284 0.11095712333917618
