0 0.5416951291263103 0.7414359450340271 0.057964228093624115 0.46221935749053955
0 0.8188933245837688 0.44381123036146164 0.03495349735021591 0.09038929641246796
0 0.5978025682270527 0.5853197276592255 0.04708585888147354 0.1747109293937683
0 0.4469660818576813 0.5176582112908363 0.048600196838378906 0.16114802658557892
0 0.3302501253783703 0.6417447626590729 0.07123186439275742 0.2120535969734192
0 0.29828071035444736 0.3572274409234524 0.03515749052166939 0.09419267624616623
0 0.22921817936003208 0.3474249802529812 0.028873492032289505 0.08433651179075241
0 0.9082767479121685 0.36752209439873695 0.03144874423742294 0.08944619446992874
0 0.36894617043435574 0.45631320029497147 0.05864758417010307 0.1543336659669876
0 0.8109262101352215 0.35436852648854256 0.03484144061803818 0.08062485605478287
0 0.1722181085497141 0.3259073868393898 0.028020132333040237 0.07212348282337189
0 0.948044216260314 0.34938048012554646 0.032121848315000534 0.05742696300148964
0 0.9894313933327794 0.3544852249324322 0.020866775885224342 0.03676261752843857
0 0.3697787942364812 0.3251032158732414 0.017914677038788795 0.0701708048582077
0 0.3964035212993622 0.3287837393581867 0.025139689445495605 0.06293932348489761
0 0.1907692076638341 0.31322821229696274 0.028730178251862526 0.04681657254695892
0 0.35006958805024624 0.39673351868987083 0.02876110002398491 0.0764569565653801
0 0.978756201453507 0.3252698676660657 0.015055561438202858 0.03024766780436039
0 0.5512920143082738 0.5430632457137108 0.015040064230561256 0.06653980910778046
0 0.3940142150968313 0.3085004389286041 0.023321937769651413 0.057612717151641846
0 0.978261137381196 0.37853144109249115 0.0424683578312397 0.06786075234413147
