0 0.39417479559779167 0.6294721812009811 0.043932460248470306 0.19976505637168884
0 0.6571253649890423 0.8167204260826111 0.07332315295934677 0.3319135904312134
0 0.7293886430561543 0.7919836193323135 0.07697830349206924 0.2508092224597931
0 0.27386708930134773 0.57149538397789 0.04354295879602432 0.165818452835083
0 0.7292117718607187 0.35730766877532005 0.03926544263958931 0.08484571427106857
0 0.13929505925625563 0.42037421837449074 0.027297532185912132 0.08810246735811234
0 0.6697350852191448 0.3752012401819229 0.03546109050512314 0.08685830235481262
0 0.10846216417849064 0.36988912150263786 0.04564376547932625 0.07956322282552719
0 0.6044713975861669 0.3833734504878521 0.023175621405243874 0.09318294376134872
0 0.5028865151107311 0.8811363503336906 0.06980051845312119 0.2361752837896347
0 0.06083875522017479 0.36755678802728653 0.038809388875961304 0.0864962488412857
0 0.6167980786412954 0.4687998928129673 0.03884310647845268 0.08676952868700027
0 0.2332126945257187 0.47675031423568726 0.03175771236419678 0.12628132104873657
0 0.22301019169390202 0.365109346807003 0.030144859105348587 0.07158665359020233
0 0.26569721661508083 0.3715481013059616 0.03044147416949272 0.05354103446006775
0 0.22633021511137486 0.4163481704890728 0.029358793050050735 0.0527658686041832
0 0.24756106734275818 0.40111818723380566 0.032387375831604004 0.04713528975844383
0 0.2605107966810465 0.34758079051971436 0.03261427953839302 0.05930870771408081
