0 0.608326219022274 0.6619156152009964 0.07276992499828339 0.18670323491096497
0 0.7879220023751259 0.7783549278974533 0.1021394282579422 0.252778023481369
0 0.9215699657797813 0.7453705370426178 0.09116964042186737 0.1943158507347107
0 0.6519843097776175 0.5617938116192818 0.04614396020770073 0.12161983549594879
0 0.08531539142131805 0.5053206086158752 0.0632270872592926 0.11712044477462769
0 0.49810532853007317 0.4965395927429199 0.06715907901525497 0.152446448802948
0 0.972008204087615 0.7175889611244202 0.05585308000445366 0.17160415649414062
0 0.021814294275827706 0.4849337562918663 0.04225953295826912 0.09147529304027557
0 0.243515033274889 0.4382641352713108 0.035976387560367584 0.07925046235322952
0 0.4266789611428976 0.4584455005824566 0.04960150644183159 0.10012694448232651
0 0.38966887071728706 0.4588249512016773 0.04471872001886368 0.10563782602548599
0 0.29883179627358913 0.4309840202331543 0.04133279249072075 0.06584489345550537
0 0.35614105500280857 0.45927000418305397 0.03716175630688667 0.08991605788469315
0 0.5655280351638794 0.46302803978323936 0.034969329833984375 0.08266185969114304
0 0.5446970583871007 0.4358472675085068 0.025800133123993874 0.05360874533653259
0 0.5593074439093471 0.4213052000850439 0.024654721841216087 0.05161319300532341
0 0.5715309381484985 0.43496001698076725 0.02102804183959961 0.03884090855717659
0 0.5393636580556631 0.426060251891613 0.018126439303159714 0.0692962259054184
