0 0.3048688769340515 0.4813116192817688 0.04605984687805176 0.07975387573242188
0 0.3585157636553049 0.6581596210598946 0.044505525380373 0.2036771923303604
0 0.14488288387656212 0.6772447600960732 0.051895953714847565 0.17010481655597687
0 0.5034148581326008 0.5533758103847504 0.04081545025110245 0.1292300820350647
0 0.2158527411520481 0.5525542050600052 0.042276717722415924 0.12379726767539978
0 0.4344397187232971 0.5857760235667229 0.049805402755737305 0.15488718450069427
0 0.2540939152240753 0.5013614110648632 0.023903846740722656 0.0969969853758812
0 0.1226473730057478 0.5886239856481552 0.061193834990262985 0.15898272395133972
0 0.4139825161546469 0.519729545339942 0.021712254732847214 0.04986033961176872
0 0.37888371385633945 0.5325634554028511 0.0305052287876606 0.07055778801441193
0 0.3939733384177089 0.49552830681204796 0.016089653596282005 0.03665690869092941
