0 0.64094821177423 0.5064390450716019 0.052403878420591354 0.15518781542778015
0 0.513805222697556 0.32915960252285004 0.021827125921845436 0.08199289441108704
0 0.7195322401821613 0.4219302833080292 0.03524217754602432 0.1454729437828064
0 0.6954737789928913 0.41085653007030487 0.03216705471277237 0.14489826560020447
0 0.4592801332473755 0.3351661339402199 0.021981000900268555 0.0908561497926712
0 0.6284638289362192 0.31360309571027756 0.03206758573651314 0.08730100095272064
0 0.5231656618416309 0.5239427015185356 0.11626825481653214 0.24844114482402802
0 0.4225441515445709 0.30964059568941593 0.020426273345947266 0.05786128714680672
0 0.6084837913513184 0.31444207951426506 0.02770709991455078 0.08899404853582382
0 0.4770264271646738 0.3137431889772415 0.016342926770448685 0.05795207619667053
0 0.38465213775634766 0.2783300392329693 0.018040776252746582 0.04209842532873154
0 0.2788779977709055 0.3101197835057974 0.03009932115674019 0.05563659593462944
0 0.36161504965275526 0.2850155085325241 0.013792848214507103 0.039743274450302124
0 0.3917554975487292 0.25542725063860416 0.01090152282267809 0.02554493024945259
0 0.30116982478648424 0.31283504888415337 0.02187635935842991 0.05588056892156601
0 0.33515630941838026 0.2855379395186901 0.020911430940032005 0.04758777469396591
0 0.5675681829452515 0.44877366349101067 0.027208328247070312 0.09448852390050888
