0 0.6516171209514141 0.5098327919840813 0.05368318408727646 0.17090390622615814
0 0.5243690963834524 0.3316871039569378 0.02427954599261284 0.08332165330648422
0 0.5423703193664551 0.5342597812414169 0.09140777587890625 0.2465808093547821
0 0.5034378655254841 0.5137620866298676 0.065451480448246 0.17208760976791382
0 0.72241554223001 0.41712571680545807 0.05702633783221245 0.1531827747821808
0 0.6360483877360821 0.3190174400806427 0.03175153583288193 0.0987863540649414
0 0.4330443795770407 0.30716585740447044 0.02026338502764702 0.07219838351011276
0 0.39971054811030626 0.2792035657912493 0.01772131957113743 0.04623258486390114
0 0.6153250690549612 0.3169473931193352 0.02395791932940483 0.08364622294902802
0 0.47403405979275703 0.339779295027256 0.031653739511966705 0.09501476585865021
0 0.37625051755458117 0.2825959846377373 0.012519026175141335 0.03646032512187958
0 0.2918472411110997 0.31051235273480415 0.028821969404816628 0.05694446712732315
0 0.48478533048182726 0.31418569572269917 0.015085363760590553 0.04829743877053261
0 0.3106262627989054 0.29961105063557625 0.031170058995485306 0.06757412105798721
0 0.34864537697285414 0.29012690111994743 0.020465826615691185 0.0467844232916832
0 0.6187767265364528 0.28894431702792645 0.029259776696562767 0.039264168590307236
0 0.32450194377452135 0.2874329015612602 0.024110818281769753 0.06220857799053192
0 0.40744186053052545 0.2566091362386942 0.01032943744212389 0.024565506726503372
0 0.33018759451806545 0.29754092171788216 0.023482751101255417 0.04921398311853409
