0 0.1832277923822403 0.8525380864739418 0.05998307466506958 0.23064227402210236
0 0.3329981565475464 0.6915862634778023 0.05675959587097168 0.197714701294899
0 0.06389484368264675 0.6887126863002777 0.09619928896427155 0.23352211713790894
0 0.14858189225196838 0.5959708914160728 0.04757004976272583 0.1387043446302414
0 0.16790467500686646 0.7397797629237175 0.05734986066818237 0.23182962834835052
0 0.19699348509311676 0.5662545524537563 0.049855053424835205 0.1079239770770073
0 0.030961417825892568 0.6237662918865681 0.05975000932812691 0.11721191555261612
0 0.26085659861564636 0.7087691277265549 0.08484375476837158 0.2662343680858612
0 0.25469962041825056 0.6047625634819269 0.016958927735686302 0.04762043431401253
0 0.18764576874673367 0.6396967694163322 0.031829070299863815 0.09986601769924164
