0 0.020513953641057014 0.6832272037863731 0.04102790728211403 0.11801724135875702
0 0.12875335849821568 0.6141996458172798 0.050866711884737015 0.1531456857919693
0 0.1540109757333994 0.659026987850666 0.05456392839550972 0.15158666670322418
0 0.25608404353260994 0.5143021419644356 0.03893933445215225 0.11380733549594879
0 0.19767130352556705 0.5455145426094532 0.042307306081056595 0.11891106516122818
0 0.5965301869437099 0.5197454020380974 0.026625728234648705 0.14134804904460907
0 0.3008366050198674 0.46065979823470116 0.029149437323212624 0.09921061247587204
0 0.5237687714397907 0.5203706994652748 0.03204093128442764 0.13125546276569366
0 0.45276048220694065 0.5758151784539223 0.0475492961704731 0.13433130085468292
0 0.32465566974133253 0.4402013476938009 0.021946405991911888 0.04159308597445488
0 0.45977605506777763 0.483921991661191 0.03294720500707626 0.060381148010492325
0 0.4941434683278203 0.48218923062086105 0.01685156859457493 0.06323085725307465
0 0.46648460626602173 0.4738970063626766 0.02686929702758789 0.061695270240306854
