0 0.8038706537336111 0.6194438636302948 0.05781574174761772 0.2705318331718445
0 0.5275563970208168 0.6171000152826309 0.07385440170764923 0.25269725918769836
0 0.895603071898222 0.5048696920275688 0.04130592197179794 0.19933222234249115
0 0.6348388306796551 0.6146481931209564 0.12469019740819931 0.3109710216522217
0 0.859569251537323 0.4937532842159271 0.03825187683105469 0.19293564558029175
0 0.5416422132402658 0.3791530169546604 0.035414982587099075 0.11739934235811234
0 0.7175246477127075 0.3536961227655411 0.034023284912109375 0.12118604779243469
0 0.5947129484266043 0.36165960505604744 0.02398700639605522 0.08725164085626602
0 0.6899251099675894 0.35617102682590485 0.027701091021299362 0.10886207222938538
0 0.3885827250778675 0.3357611149549484 0.03435943275690079 0.06312897801399231
0 0.49157250486314297 0.30716174095869064 0.01842017099261284 0.04612837731838226
0 0.4577220855280757 0.30807175301015377 0.021427249535918236 0.0563761405646801
0 0.5808018324896693 0.3335356377065182 0.02514061890542507 0.07978170365095139
0 0.5229384191334248 0.34918326139450073 0.035756923258304596 0.07290363311767578
0 0.5252907518297434 0.29766167886555195 0.025864411145448685 0.04778531566262245
0 0.43987685441970825 0.3091168738901615 0.028862714767456055 0.07342100888490677
0 0.4972445131279528 0.27862095180898905 0.01344532985240221 0.02797328121960163
0 0.41708326898515224 0.31857629120349884 0.0325138084590435 0.06525400280952454
