0 0.5832765344530344 0.4457912817597389 0.054921913892030716 0.22672094404697418
0 0.4339412394911051 0.5294346809387207 0.051171351224184036 0.21898150444030762
0 0.4896881766617298 0.5308917239308357 0.05694995075464249 0.2234671264886856
0 0.14952822029590607 0.30489352717995644 0.01900714635848999 0.07897711545228958
0 0.3737285612151027 0.323830496519804 0.021009301766753197 0.08531030267477036
0 0.3301929710432887 0.3006701022386551 0.026552891358733177 0.07061979174613953
0 0.22315905429422855 0.2763112597167492 0.022472668439149857 0.06198327988386154
0 0.5441565867513418 0.312177587300539 0.0234498493373394 0.0506196990609169
0 0.17714132089167833 0.3052175045013428 0.027027392759919167 0.07779371738433838
0 0.42323802039027214 0.3277368098497391 0.036931656301021576 0.08110734820365906
0 0.19358539022505283 0.281422208994627 0.02466576173901558 0.06426145881414413
0 0.5212946059182286 0.3119135107845068 0.02110614813864231 0.06078086420893669
