0 0.4210375063121319 0.32720867544412613 0.03619828075170517 0.08049418032169342
0 0.14323663152754307 0.30493924394249916 0.019506026059389114 0.07794267684221268
0 0.43195560574531555 0.5618458539247513 0.05081677436828613 0.1901734173297882
0 0.5759042259305716 0.4437378719449043 0.0537538044154644 0.22839315235614777
0 0.486195158213377 0.5720100700855255 0.04304756969213486 0.16335779428482056
0 0.5419134022668004 0.3135363198816776 0.02469506300985813 0.0524522140622139
0 0.4996054954826832 0.4670671820640564 0.03839287906885147 0.103618323802948
0 0.4329214747995138 0.4811609350144863 0.052539777010679245 0.11513125151395798
0 0.16891927737742662 0.30295398458838463 0.02595731057226658 0.0585707351565361
0 0.3252823408693075 0.2995712645351887 0.026489686220884323 0.06615505367517471
0 0.5181374792009592 0.3120357524603605 0.021379519253969193 0.04992207512259483
0 0.2151360334828496 0.28399353474378586 0.024512553587555885 0.04948846995830536
0 0.36982165556401014 0.3283688724040985 0.022698020562529564 0.08959513902664185
0 0.1878011766821146 0.2846226096153259 0.023088980466127396 0.06106823682785034
0 0.49869843758642673 0.5086342319846153 0.03933291509747505 0.14007322490215302
0 0.5381487850099802 0.29961539059877396 0.02647881582379341 0.06814469397068024
0 0.1803284641355276 0.2881056144833565 0.01885272189974785 0.054628923535346985
