0 0.16683099791407585 0.47152186930179596 0.060022495687007904 0.13726285099983215
0 0.45763785764575005 0.8933210968971252 0.05623879283666611 0.21333253383636475
0 0.44767883978784084 0.5196313858032227 0.04590721055865288 0.17370694875717163
0 0.23795251548290253 0.4451713040471077 0.03963112831115723 0.08575935661792755
0 0.3648553006350994 0.42110181599855423 0.04118969291448593 0.1103518158197403
0 0.39490907825529575 0.4964001774787903 0.028959322720766068 0.13421982526779175
0 0.5481361038982868 0.5126457437872887 0.044381238520145416 0.190124973654747
0 0.5175634566694498 0.5290587469935417 0.036983538419008255 0.18415264785289764
0 0.32497655134648085 0.4145192988216877 0.019132470712065697 0.10850397497415543
0 0.3389605525881052 0.5953639447689056 0.04669313505291939 0.16373342275619507
0 0.2885240260511637 0.43215448409318924 0.03885655477643013 0.12823040783405304
0 0.3518574479967356 0.5002945400774479 0.04503171518445015 0.07649273425340652
0 0.3181997016072273 0.9383543990552425 0.11046917736530304 0.12329118698835373
0 0.2631742116063833 0.43505918979644775 0.03486783429980278 0.08917015790939331
0 0.30674005672335625 0.4227325804531574 0.03369738906621933 0.11320368200540543
0 0.2543574385344982 0.4121648669242859 0.031328462064266205 0.09132063388824463
0 0.2782078208401799 0.3756151422858238 0.020570063963532448 0.04229395091533661
