0 0.5984576940536499 0.5054964534938335 0.035614013671875 0.12267621606588364
0 0.4804675690829754 0.5221894904971123 0.09745445102453232 0.20736490190029144
0 0.41094106435775757 0.32970187067985535 0.01923060417175293 0.0880705714225769
0 0.20765978656709194 0.3011055812239647 0.026898454874753952 0.0752132385969162
0 0.46448745112866163 0.32786649838089943 0.023488139733672142 0.0770888403058052
0 0.6370020862668753 0.40463751554489136 0.054135750979185104 0.14811354875564575
0 0.43855427484959364 0.3129491489380598 0.020118093118071556 0.056355711072683334
0 0.5824478147551417 0.3113901112228632 0.022604798898100853 0.043549198657274246
0 0.23250466026365757 0.3061652071774006 0.02457134798169136 0.07177797704935074
0 0.3700501974672079 0.2994129918515682 0.022028278559446335 0.06756644695997238
0 0.2585419090464711 0.2798026315867901 0.025222087278962135 0.06626161187887192
0 0.5324043156579137 0.4350981432944536 0.0194260124117136 0.059000734239816666
0 0.5565576432272792 0.32202901877462864 0.019527053460478783 0.059777725487947464
0 0.29852713365107775 0.2671688012778759 0.02080085314810276 0.05197849124670029
0 0.29505318962037563 0.281093992292881 0.02666182443499565 0.04857690632343292
0 0.23860260844230652 0.29061125218868256 0.029780864715576172 0.06482747197151184
0 0.43765472155064344 0.29807345010340214 0.018970822915434837 0.03936095908284187
