0 0.02116962894797325 0.6995256319642067 0.0423392578959465 0.20532210171222687
0 0.3284094389528036 0.44993042945861816 0.03459329530596733 0.07718408107757568
0 0.08125855028629303 0.5937518030405045 0.031352341175079346 0.14590182900428772
0 0.18525172397494316 0.6225223988294601 0.04520132392644882 0.14310213923454285
0 0.8915029391646385 0.7533558830618858 0.1081731766462326 0.21959130465984344
0 0.6941620595753193 0.5850488804280758 0.06328020244836807 0.11878865212202072
0 0.5301804300397635 0.4667428769171238 0.04408998414874077 0.10245615988969803
0 0.5169800631701946 0.5286150947213173 0.06119265407323837 0.12212778627872467
0 0.9500422105193138 0.7641737312078476 0.09963731467723846 0.2138863503932953
0 0.717179000377655 0.6712645590305328 0.06865239143371582 0.146426260471344
0 0.24556844495236874 0.5320422016084194 0.04248399659991264 0.12133263796567917
0 0.12339500524103642 0.587822251021862 0.041241634637117386 0.19817708432674408
0 0.401448642835021 0.4907013550400734 0.03269333764910698 0.11361207067966461
0 0.9581507444381714 0.6920284517109394 0.08187389373779297 0.1249532476067543
0 0.4924799082800746 0.44673891365528107 0.031110620126128197 0.11440679430961609
0 0.20032422617077827 0.5097285285592079 0.037735261023044586 0.09277017414569855
0 0.3718193471431732 0.46440940350294113 0.029326915740966797 0.07844488322734833
0 0.4467873275279999 0.5047966912388802 0.030719518661499023 0.08068431913852692
0 0.42182365618646145 0.49318961054086685 0.030481766909360886 0.07515932619571686
