0 0.721605921164155 0.5406391248106956 0.05828814581036568 0.21333317458629608
0 0.5279974155128002 0.5609129369258881 0.06647982448339462 0.20429760217666626
0 0.5982574336230755 0.5509900003671646 0.10573186725378036 0.2659699618816376
0 0.8130199424922466 0.4530305191874504 0.03236427158117294 0.1734028309583664
0 0.5655092475935817 0.3443673215806484 0.02084979973733425 0.09235375374555588
0 0.48520857095718384 0.3278515674173832 0.027868032455444336 0.06300271302461624
0 0.5107784392312169 0.3656746447086334 0.02029123343527317 0.0751006007194519
0 0.7830173261463642 0.46577638760209084 0.03554067760705948 0.12353719025850296
0 0.6606313828378916 0.32585685700178146 0.02718501165509224 0.07961402833461761
0 0.6844341037794948 0.33820151910185814 0.030400371178984642 0.07113062590360641
0 0.3520337585359812 0.32023693062365055 0.031014133244752884 0.05623592808842659
0 0.44137035589665174 0.2934641093015671 0.016095256432890892 0.0442754328250885
0 0.47141026239842176 0.2835619021207094 0.019639110192656517 0.04510453715920448
0 0.4128266032785177 0.2957115154713392 0.016289662569761276 0.04644131287932396
0 0.7977324845269322 0.3933568000793457 0.026271725073456764 0.05253249406814575
0 0.3694489123299718 0.3081873692572117 0.028655076399445534 0.06450606137514114
0 0.3815470216795802 0.30471160635352135 0.025437330827116966 0.05633055418729782
0 0.5323383212089539 0.32100246846675873 0.014902114868164062 0.06782105565071106
0 0.673577737994492 0.29946085438132286 0.015663767233490944 0.04021375626325607
0 0.3977100905030966 0.29649411886930466 0.02233905717730522 0.06732688844203949
0 0.6424613473936915 0.4423956461250782 0.018732404336333275 0.05344132333993912
0 0.4154947819188237 0.28491028025746346 0.016394520178437233 0.05042675882577896
0 0.39014804922044277 0.30473862029612064 0.02761692926287651 0.05356564000248909
0 0.5796541692689061 0.4963162690401077 0.020665789023041725 0.05768314003944397
