0 0.4738075193017721 0.679918147623539 0.040000151842832565 0.23696322739124298
0 0.3746564630419016 0.5664774850010872 0.057564664632081985 0.1821320801973343
0 0.9045876506716013 0.4491816535592079 0.04331379011273384 0.13918490707874298
0 0.9231915716081858 0.36324093863368034 0.03521757200360298 0.09936817735433578
0 0.29038594383746386 0.3290492556989193 0.021417761221528053 0.08394425362348557
0 0.456853698939085 0.4349876567721367 0.048288486897945404 0.13692520558834076
0 0.569718336686492 0.5672953203320503 0.03716630861163139 0.22719480097293854
0 0.5249068029224873 0.4907497242093086 0.041616059839725494 0.14718903601169586
0 0.35227965097874403 0.3495296500623226 0.021974897012114525 0.06987940520048141
0 0.24673663638532162 0.3183263707906008 0.03119523450732231 0.06190446391701698
0 0.4384721638634801 0.3902365565299988 0.029680633917450905 0.10035192966461182
0 0.45163569413125515 0.3120199963450432 0.04578514024615288 0.08025680482387543
0 0.0402029100805521 0.3362345024943352 0.026659902185201645 0.07962904870510101
0 0.07525356486439705 0.30791251361370087 0.040561042726039886 0.05377498269081116
0 0.2346072169020772 0.2856904035434127 0.012453461065888405 0.026915444061160088
0 0.36358798760920763 0.3162549827247858 0.0184722188860178 0.04756160452961922
0 0.015099460259079933 0.32166819646954536 0.02182137407362461 0.07952908426523209
0 0.5357066635042429 0.5891714841127396 0.04628448560833931 0.2533888518810272
0 0.054125260561704636 0.3106507435441017 0.033844463527202606 0.049504831433296204
