0 0.9167947880923748 0.6424805968999863 0.058763884007930756 0.2939508259296417
0 0.7708786949515343 0.8673665821552277 0.1164281815290451 0.2652668356895447
0 0.5370565894991159 0.7993475645780563 0.0592833049595356 0.39623960852622986
0 0.4590205065906048 0.8327779173851013 0.09190978854894638 0.33440959453582764
0 0.3168281093239784 0.8562532812356949 0.09910424053668976 0.2874913513660431
0 0.49019966647028923 0.43845485895872116 0.03847970813512802 0.14009390771389008
0 0.2394893728196621 0.4013950601220131 0.052007220685482025 0.11583097279071808
0 0.3758025225251913 0.35900944843888283 0.0171859972178936 0.08961153775453568
0 0.42763520404696465 0.7898165434598923 0.06172528117895126 0.27574917674064636
0 0.5986829288303852 0.45249412953853607 0.03849158436059952 0.10533031821250916
0 0.30184366181492805 0.3886465057730675 0.04331193119287491 0.08538661897182465
0 0.5742942932993174 0.4354884773492813 0.03299527242779732 0.14411506056785583
0 0.3317862097173929 0.3861152157187462 0.044167567044496536 0.09451203048229218
0 0.43691200017929077 0.4151497669517994 0.03406476974487305 0.09806696325540543
0 0.4235663590952754 0.35416229628026485 0.022298192605376244 0.058933597058057785
0 0.4044491648674011 0.4271846041083336 0.04376792907714844 0.13423071801662445
0 0.40893120132386684 0.4824250191450119 0.041550349444150925 0.15564486384391785
0 0.4190807584673166 0.3841582424938679 0.026783037930727005 0.05271843820810318
0 0.5782368425279856 0.3860406558960676 0.033037472516298294 0.0588982068002224
0 0.3262750990688801 0.33762457594275475 0.04880199581384659 0.049214236438274384
0 0.3387018386274576 0.3581928238272667 0.03190760686993599 0.0886869877576828
