0 0.8019709810614586 0.7293373942375183 0.06801395118236542 0.36134326457977295
0 0.44748687744140625 0.7330271750688553 0.0760645866394043 0.3410361111164093
0 0.859041690826416 0.5408313870429993 0.04419422149658203 0.22403085231781006
0 0.5590684786438942 0.7247716188430786 0.09511108696460724 0.37296807765960693
0 0.6232104413211346 0.6204750537872314 0.04646100848913193 0.253703236579895
0 0.9033514503389597 0.5493721067905426 0.047995854169130325 0.2238248586654663
0 0.6672650575637817 0.3777848519384861 0.035025596618652344 0.12078238278627396
0 0.3356207851320505 0.3489416018128395 0.03864734247326851 0.08587135374546051
0 0.5496196392923594 0.37943635508418083 0.03386383131146431 0.11824800819158554
0 0.6418078783899546 0.38255728781223297 0.028609324246644974 0.11358848214149475
0 0.44839709997177124 0.3250752352178097 0.017064571380615234 0.0856623575091362
0 0.49340246990323067 0.43080080300569534 0.03519401699304581 0.09977807104587555
0 0.384799350053072 0.34332429990172386 0.03706393390893936 0.07412707060575485
0 0.47187196649610996 0.3700445778667927 0.028825808316469193 0.06152019649744034
0 0.48850105982273817 0.3095835857093334 0.031105613335967064 0.06522693485021591
0 0.41347905434668064 0.3237112686038017 0.02200799062848091 0.07322190701961517
0 0.4065290689468384 0.3346206024289131 0.030027031898498535 0.07110871374607086
