0 0.7812686078250408 0.8390159159898758 0.12300243228673935 0.32196810841560364
0 0.36659402400255203 0.8214145302772522 0.10325320065021515 0.3560892343521118
0 0.8880256060510874 0.6145220994949341 0.051337528973817825 0.28210335969924927
0 0.9702079650014639 0.6388240456581116 0.05736846849322319 0.29654932022094727
0 0.5006344132125378 0.8170245736837387 0.08415331691503525 0.3659305274486542
0 0.5661126375198364 0.7366870641708374 0.052659034729003906 0.34925734996795654
0 0.2718580160290003 0.38288065791130066 0.047663141041994095 0.10003155469894409
0 0.5079429633915424 0.4199148640036583 0.03542337566614151 0.12854669988155365
0 0.39717512764036655 0.3451569937169552 0.017018962651491165 0.08356177061796188
0 0.4393204338848591 0.4412672370672226 0.06449780613183975 0.18627944588661194
0 0.4578183516860008 0.7952204346656799 0.06590943038463593 0.3633805513381958
0 0.6088684797286987 0.4189683273434639 0.058087825775146484 0.14736463129520416
0 0.441682493314147 0.34430553391575813 0.022628258913755417 0.05824849754571915
0 0.3218492213636637 0.37065689265727997 0.029665637761354446 0.07867953181266785
0 0.3508911971002817 0.36137324199080467 0.044805098325014114 0.10814177244901657
