0 0.649045754224062 0.6668638586997986 0.0764978900551796 0.18474268913269043
0 0.833601713180542 0.7699859514832497 0.10135316848754883 0.23502536118030548
0 0.13720299489796162 0.5143781863152981 0.054599154740571976 0.11127328127622604
0 0.9359575025737286 0.7561338841915131 0.10336675494909286 0.19229167699813843
0 0.656821321696043 0.5678526014089584 0.0504702553153038 0.10712191462516785
0 0.07577017322182655 0.49121253937482834 0.04789508134126663 0.09618674218654633
0 0.9664079435169697 0.7120223566889763 0.06699905544519424 0.17685674130916595
0 0.2673869375139475 0.4440397024154663 0.05880575254559517 0.09025192260742188
0 0.01975051872432232 0.5708859711885452 0.03950103744864464 0.16212615370750427
0 0.5013636108487844 0.515972126275301 0.05075187608599663 0.10414627939462662
0 0.05328165367245674 0.6479784213006496 0.04694322496652603 0.0954817458987236
0 0.3243254069238901 0.44506707787513733 0.03862934187054634 0.07505637407302856
0 0.3673520628362894 0.46799613907933235 0.03899042680859566 0.09677759557962418
0 0.43728881515562534 0.4830414764583111 0.0334957130253315 0.06571676582098007
0 0.5454923156648874 0.4575863219797611 0.0404999740421772 0.08421046286821365
0 0.5137452483177185 0.4380735084414482 0.021500587463378906 0.07221637666225433
0 0.4732340397313237 0.48556087352335453 0.024317169561982155 0.060102421790361404
0 0.531593382358551 0.43223506957292557 0.023157358169555664 0.05146302282810211
0 0.41825589537620544 0.4346273560076952 0.013895511627197266 0.03986108675599098
0 0.40324583649635315 0.4807102791965008 0.028647899627685547 0.05862685292959213
0 0.5502493269741535 0.4812534414231777 0.03509864956140518 0.09609781950712204
0 0.38659529108554125 0.43728204630315304 0.015003586187958717 0.03718821331858635
