0 0.4500073194503784 0.6271938905119896 0.039136648178100586 0.20410411059856415
0 0.9563759565353394 0.4463871270418167 0.039702415466308594 0.12869343161582947
0 0.3939502537250519 0.5244825482368469 0.05563521385192871 0.15832388401031494
0 0.9878653762862086 0.3500402830541134 0.023823833093047142 0.0727846547961235
0 0.3786954339593649 0.3344321995973587 0.022960256785154343 0.08865979313850403
0 0.2698651012033224 0.30014070868492126 0.028841327875852585 0.06634491682052612
0 0.5286077670753002 0.5600947290658951 0.06531348079442978 0.23387548327445984
0 0.31607397831976414 0.32590242102742195 0.02053670957684517 0.08339879661798477
0 0.4651112975552678 0.30886663123965263 0.02376260794699192 0.07476332038640976
0 0.5033214744180441 0.4133100397884846 0.03830380365252495 0.12221810966730118
0 0.485843176022172 0.3048456832766533 0.023281384259462357 0.06787405908107758
0 0.05849770549684763 0.3138189911842346 0.017857009544968605 0.07595884799957275
0 0.4788309754803777 0.3894135616719723 0.03017296828329563 0.1014823243021965
0 0.08308923244476318 0.3163897283375263 0.029660433530807495 0.09091148525476456
0 0.5425946712493896 0.5022952109575272 0.05304145812988281 0.20007404685020447
0 0.1307458821684122 0.29112572222948074 0.022428978234529495 0.060073450207710266
0 0.11097061447799206 0.29887520521879196 0.023076485842466354 0.05231039226055145
0 0.09828980872407556 0.2712841648608446 0.01338158268481493 0.02808195725083351
