0 0.6758986338973045 0.6452725008130074 0.08003096282482147 0.22944416105747223
0 0.8621304258704185 0.767971582710743 0.11771278083324432 0.22390569746494293
0 0.28011806681752205 0.45508455112576485 0.04157385975122452 0.08247659355401993
0 0.940800953656435 0.781330332159996 0.1104341521859169 0.2337845265865326
0 0.045852516777813435 0.5945639088749886 0.06355153024196625 0.19814135134220123
0 0.4913191441446543 0.5194079354405403 0.04970197752118111 0.10631997883319855
0 0.11452306434512138 0.6251865178346634 0.052185676991939545 0.14484837651252747
0 0.953144371509552 0.7004790753126144 0.0867166519165039 0.1472441852092743
0 0.5171330273151398 0.46930238604545593 0.05410885810852051 0.11075782775878906
0 0.13332324475049973 0.5080556161701679 0.04272085428237915 0.09270409494638443
0 0.17993214167654514 0.5307025536894798 0.057107437402009964 0.12869678437709808
0 0.3742082230746746 0.4800875410437584 0.03896024078130722 0.0979570597410202
0 0.3415073398500681 0.44846983067691326 0.02992229536175728 0.05891808494925499
0 0.4445376992225647 0.48852337151765823 0.027469635009765625 0.09011675417423248
0 0.39923352003097534 0.47853221371769905 0.033560872077941895 0.08050058037042618
0 0.42703129071742296 0.4815123714506626 0.02935614623129368 0.06966383010149002
0 0.48386422358453274 0.4566460885107517 0.023918580263853073 0.07079458981752396
0 0.502232288941741 0.4399764947593212 0.03425927087664604 0.05497809499502182
0 0.41310044564306736 0.45447568967938423 0.01791100576519966 0.06472007185220718
