0 0.32191629335284233 0.6719661578536034 0.043965600430965424 0.23219887912273407
0 0.5080037228763103 0.6681343391537666 0.07298555225133896 0.21853651106357574
0 0.6920599564909935 0.9206515178084373 0.06456045806407928 0.1582884043455124
0 0.8598976247012615 0.8589994013309479 0.1182044968008995 0.2819952368736267
0 0.579713499173522 0.4836490862071514 0.043205928057432175 0.12236984819173813
0 0.7944908365607262 0.852300614118576 0.11709098517894745 0.2908380627632141
0 0.5659407135099173 0.3969958499073982 0.03183240815997124 0.07458080351352692
0 0.16931331530213356 0.43405070155858994 0.049985505640506744 0.11672596633434296
0 0.2666956540197134 0.5342140197753906 0.04602606222033501 0.1579471230506897
0 0.6276138424873352 0.3879847452044487 0.02987217903137207 0.08596239984035492
0 0.6726107113063335 0.3708735555410385 0.03224196285009384 0.09176710247993469
0 0.2140712682157755 0.3809348661452532 0.03065507486462593 0.0528256930410862
0 0.07522772066295147 0.3867719992995262 0.050381433218717575 0.08159618079662323
0 0.1129782609641552 0.37493598461151123 0.03737834841012955 0.06495857238769531
0 0.26959477737545967 0.38253635354340076 0.03306231647729874 0.051256898790597916
0 0.26727128960192204 0.4519217275083065 0.03869001939892769 0.06258349865674973
0 0.29840787686407566 0.4331957623362541 0.03518872335553169 0.06510679423809052
0 0.262855252251029 0.407722145318985 0.04346902295947075 0.04678314924240112
0 0.26301757991313934 0.3658458683639765 0.03855133056640625 0.060733456164598465
0 0.2814007103443146 0.42057015374302864 0.06208813190460205 0.0757671371102333
0 0.27570855617523193 0.39584777131676674 0.03603386878967285 0.04909146577119827
