0 0.3543410412967205 0.5879586860537529 0.0641268715262413 0.19277797639369965
0 0.4930022358894348 0.5051162615418434 0.04576921463012695 0.15343691408634186
0 0.4961112551391125 0.7427383661270142 0.0402926430106163 0.2823455333709717
0 0.9826123956590891 0.3778839036822319 0.03477506712079048 0.1129685491323471
0 0.5432047955691814 0.5979108065366745 0.04417123645544052 0.22496595978736877
0 0.578907048329711 0.5582815036177635 0.034986209124326706 0.18729405105113983
0 0.8720349557697773 0.34672078117728233 0.03280649334192276 0.07054924219846725
0 0.26425992231816053 0.33464931324124336 0.021471237763762474 0.08175525814294815
0 0.4242627266794443 0.42858628556132317 0.041840601712465286 0.1103636845946312
0 0.21634244360029697 0.31540118902921677 0.03380386903882027 0.06718514859676361
0 0.8674392942339182 0.43842505291104317 0.04079179838299751 0.10971061140298843
0 0.43297062534838915 0.3237289823591709 0.020501041784882545 0.06363946944475174
0 0.3322557620704174 0.3513588607311249 0.03301515430212021 0.08730089664459229
0 0.400520664639771 0.4118424132466316 0.029568100348114967 0.10455597937107086
0 0.4132388234138489 0.31633007153868675 0.018991947174072266 0.06662701815366745
0 0.03931431658565998 0.3050023280084133 0.04138800501823425 0.06952523440122604
0 0.4023955762386322 0.3833514451980591 0.0325932502746582 0.08775675296783447
0 0.010913332924246788 0.3210926875472069 0.021826665848493576 0.0673968642950058
0 0.5461319088935852 0.5190111920237541 0.014042854309082031 0.06469540297985077
