0 0.22566358372569084 0.7892394363880157 0.06482364982366562 0.21538454294204712
0 0.39034407772123814 0.6491231098771095 0.037888456135988235 0.1675172597169876
0 0.20731978677213192 0.5704110451042652 0.04560108110308647 0.1179904118180275
0 0.06884775497019291 0.6103296205401421 0.052498709410429 0.11746762692928314
0 0.09735887497663498 0.6909263283014297 0.09096332639455795 0.24283400177955627
0 0.32091861963272095 0.6513400599360466 0.05509769916534424 0.18960295617580414
0 0.2346427496522665 0.6483363285660744 0.05572814866900444 0.17951329052448273
0 0.2806105259805918 0.5984884425997734 0.039383698254823685 0.13623593747615814
0 0.2610542066395283 0.541046429425478 0.046961165964603424 0.10649452358484268
0 0.13907116651535034 0.5965796299278736 0.05167996883392334 0.11691156774759293
0 0.3254509810358286 0.5771865285933018 0.040749598294496536 0.10305548459291458
0 0.2557426281273365 0.5740611553192139 0.03587851673364639 0.10500204563140869
