0 0.36465021409094334 0.673371210694313 0.045716214925050735 0.19497528672218323
0 0.19644459336996078 0.8419560790061951 0.06863866746425629 0.26595377922058105
0 0.18517290987074375 0.5802824385464191 0.04733460023999214 0.116063691675663
0 0.04890492931008339 0.6261050030589104 0.07902722805738449 0.1363910287618637
0 0.07906809449195862 0.7006070017814636 0.08087275922298431 0.22314715385437012
0 0.29559015668928623 0.6644586324691772 0.052436042577028275 0.2342008352279663
0 0.22813494503498077 0.567259781062603 0.0478215217590332 0.1347036212682724
0 0.26225446723401546 0.6144350096583366 0.04043013975024223 0.12449942529201508
0 0.19544768892228603 0.690089751034975 0.04496629163622856 0.11932525783777237
0 0.12883860152214766 0.5815575420856476 0.025141453370451927 0.05975693464279175
0 0.07212851010262966 0.6474243812263012 0.09966643154621124 0.12492688745260239
0 0.11479871906340122 0.6105268709361553 0.030820835381746292 0.06126441806554794
0 0.11987734586000443 0.5954067669808865 0.03767913579940796 0.07681011408567429
