0 0.06011861003935337 0.6623988822102547 0.05093656852841377 0.16842295229434967
0 0.8962420225143433 0.7417670413851738 0.09354305267333984 0.23278091847896576
0 0.21603386662900448 0.640762135386467 0.04214878007769585 0.17593595385551453
0 0.3506111688911915 0.4577883705496788 0.04233238846063614 0.08691351115703583
0 0.7336332686245441 0.6954623684287071 0.06477604061365128 0.15845315158367157
0 0.7108155842870474 0.5821637474000454 0.05895490571856499 0.12385105341672897
0 0.9548280946910381 0.7532278075814247 0.09034385532140732 0.21246643364429474
0 0.23047704994678497 0.5168952830135822 0.044214725494384766 0.11040208488702774
0 0.10812314972281456 0.5830302238464355 0.03264164179563522 0.13755106925964355
0 0.15504227951169014 0.5928461998701096 0.03919396549463272 0.19367149472236633
0 0.27106196247041225 0.543930497020483 0.034566592425107956 0.08456438034772873
0 0.9670756570994854 0.6771156899631023 0.06526031345129013 0.115259550511837
0 0.5191181655973196 0.5079517513513565 0.04056186601519585 0.08620473742485046
0 0.4434990994632244 0.49656105786561966 0.05300416797399521 0.1128654032945633
0 0.5466754920780659 0.4785315524786711 0.03479418903589249 0.04988810047507286
0 0.4108579996973276 0.4860617481172085 0.02424006536602974 0.06812655180692673
0 0.4009130112826824 0.4672168418765068 0.0396130308508873 0.06352971494197845
0 0.5041763186454773 0.42956680059432983 0.03368735313415527 0.08573019504547119
0 0.3818159457296133 0.43501210678368807 0.01838655397295952 0.029115507379174232
0 0.5028639258816838 0.4532041698694229 0.02898111380636692 0.07300135493278503
