0 0.9281319975852966 0.657616600394249 0.06085348129272461 0.29674550890922546
0 0.5272256135940552 0.7906544059514999 0.05713295936584473 0.33482393622398376
0 0.7641364336013794 0.8751639500260353 0.110198974609375 0.24960632622241974
0 0.2309776432812214 0.4055695869028568 0.04981539398431778 0.11273551732301712
0 0.44229909032583237 0.8386991918087006 0.095828577876091 0.3226016163825989
0 0.5891656279563904 0.44180137664079666 0.044573307037353516 0.16801829636096954
0 0.48530408181250095 0.44302041083574295 0.03854088857769966 0.1469554454088211
0 0.3688395321369171 0.3624376989901066 0.019913434982299805 0.09085346013307571
0 0.3052387163043022 0.8565167486667633 0.10530488193035126 0.28695958852767944
0 0.41324232891201973 0.8137085735797882 0.05884704738855362 0.2989327311515808
0 0.5665448065847158 0.4463668689131737 0.03302187845110893 0.1466277688741684
0 0.40059694647789 0.4828046187758446 0.048978328704833984 0.16676627099514008
0 0.43167121335864067 0.423211507499218 0.03292527049779892 0.09700088202953339
0 0.2919929977506399 0.39168355241417885 0.0405321829020977 0.08179140836000443
0 0.4162045419216156 0.3496180437505245 0.025483131408691406 0.06417291611433029
0 0.32538034953176975 0.378176961094141 0.04578845575451851 0.1051916554570198
0 0.5686500780284405 0.39120694622397423 0.035272739827632904 0.06673037260770798
0 0.4135218383744359 0.38959011249244213 0.027413154020905495 0.059433575719594955
0 0.3316722037270665 0.3452831618487835 0.031017804518342018 0.05829115957021713
