0 0.13095786422491074 0.8477505743503571 0.06164705753326416 0.30448228120803833
0 0.023552842438220978 0.6435128375887871 0.047105684876441956 0.13393054902553558
0 0.25478520616889 0.69716527312994 0.05510439723730087 0.21007351577281952
0 0.36164481565356255 0.7360899448394775 0.04010143131017685 0.24761080741882324
0 0.22084753960371017 0.5543870776891708 0.06381182372570038 0.15793076157569885
0 0.39745866134762764 0.7045797556638718 0.04223499447107315 0.274528831243515
0 0.3065234776586294 0.7942818105220795 0.05425579473376274 0.23720639944076538
0 0.15632343851029873 0.6063616946339607 0.04655594751238823 0.18237651884555817
0 0.0843488983809948 0.5984843410551548 0.04624553769826889 0.0886613205075264
0 0.13034724816679955 0.5993645153939724 0.056269071996212006 0.12190233916044235
0 0.2907091733068228 0.6888882964849472 0.057480644434690475 0.22174331545829773
0 0.11783797107636929 0.5816858410835266 0.03956950828433037 0.15937745571136475
0 0.30819535814225674 0.606386611238122 0.021259021013975143 0.05524982884526253
0 0.14562544785439968 0.5208631716668606 0.018603693693876266 0.06503313034772873
