0 0.5819298624992371 0.7579944729804993 0.08017635345458984 0.2639298439025879
0 0.8210768215358257 0.7164040803909302 0.10311784595251083 0.20681822299957275
0 0.9849685905501246 0.7269924655556679 0.03006277047097683 0.09724481403827667
0 0.16251779720187187 0.41591455042362213 0.04323693364858627 0.0876787006855011
0 0.4303455129265785 0.5506810396909714 0.09232409298419952 0.21608081459999084
0 0.6159307602792978 0.5274072512984276 0.0584600456058979 0.1233130544424057
0 0.2175204362720251 0.4130871295928955 0.037540506571531296 0.06907331943511963
0 0.5566798448562622 0.4361677020788193 0.03980112075805664 0.07289525866508484
0 0.2996939606964588 0.42332176491618156 0.0399538055062294 0.08288892358541489
0 0.43376430310308933 0.44490591436624527 0.03985481336712837 0.0759543925523758
0 0.6169635178521276 0.4062812030315399 0.023601675406098366 0.07221221923828125
0 0.5760329607874155 0.3993805218487978 0.04081564024090767 0.05762091651558876
0 0.3497466556727886 0.45214457996189594 0.03510238975286484 0.060182783752679825
0 0.33537532761693 0.4166668299585581 0.04002974182367325 0.04752587154507637
0 0.5768796447664499 0.4153891745954752 0.025451231747865677 0.048416901379823685
0 0.5701641561463475 0.37690091878175735 0.02678504027426243 0.05222184956073761
0 0.34282730147242546 0.4335698038339615 0.045212291181087494 0.07079866528511047
0 0.3248619083315134 0.40755637362599373 0.022532869130373 0.06499383598566055
