0 0.3342108018696308 0.786512017250061 0.08089766651391983 0.33262813091278076
0 0.3870371636003256 0.5508017763495445 0.0495188944041729 0.16880904138088226
0 0.7315908316522837 0.4133979603648186 0.03299837186932564 0.1822885125875473
0 0.5663469079881907 0.6893473118543625 0.052706528455019 0.2752304971218109
0 0.31176248751580715 0.5056903511285782 0.059843968600034714 0.16689029335975647
0 0.8094510678201914 0.3649441599845886 0.03146843984723091 0.09613704681396484
0 0.3391463877633214 0.3299238048493862 0.02362647093832493 0.07624077051877975
0 0.6380982026457787 0.7755235731601715 0.06836394965648651 0.44685083627700806
0 0.8587418682873249 0.3666924871504307 0.03393612056970596 0.08305907994508743
0 0.25749315693974495 0.37727421894669533 0.034015871584415436 0.08646560460329056
0 0.2899135109037161 0.4445161484181881 0.028953146189451218 0.09444474428892136
0 0.8814002396538854 0.3586713746190071 0.0305651668459177 0.06702418625354767
0 0.3079781886190176 0.3397670779377222 0.019470762461423874 0.05574985221028328
0 0.18793438095599413 0.36876896396279335 0.02434387244284153 0.06343627721071243
0 0.12177316099405289 0.3346187062561512 0.03645765781402588 0.0660654678940773
0 0.15050328336656094 0.33893741853535175 0.023617397993803024 0.043718550354242325
0 0.30660831928253174 0.3159094601869583 0.018061041831970215 0.044536441564559937
0 0.29410952934995294 0.38691372610628605 0.014431309886276722 0.035157520323991776
0 0.13831057213246822 0.31778163835406303 0.020079147070646286 0.04429980367422104
0 0.17739565670490265 0.3337194211781025 0.01127094030380249 0.03960541635751724
