0 0.18801449611783028 0.8763341382145882 0.05907747894525528 0.24732615053653717
0 0.32724433578550816 0.7002186924219131 0.04976050928235054 0.20452800393104553
0 0.23634742200374603 0.6799883171916008 0.048067450523376465 0.17875836789608002
0 0.2724698968231678 0.7106710746884346 0.05739591270685196 0.21836866438388824
0 0.17072593420743942 0.7040566802024841 0.08501563966274261 0.34225010871887207
0 0.14237582124769688 0.5769597627222538 0.039807308465242386 0.10897428542375565
0 0.05849234201014042 0.6772504076361656 0.08621189743280411 0.23924832046031952
0 0.026931158237857744 0.6362750604748726 0.053529221564531326 0.11813129484653473
0 0.1902262531220913 0.5810683146119118 0.059748195111751556 0.11282916367053986
0 0.28279120940715075 0.6009641624987125 0.01851942576467991 0.05476994067430496
