0 0.6978781707584858 0.5305784195661545 0.05571184307336807 0.1990894377231598
0 0.5546711208298802 0.34092363715171814 0.02093329466879368 0.06979912519454956
0 0.5134696587920189 0.5379328280687332 0.08208136260509491 0.2209545075893402
0 0.5000111935660243 0.36285166442394257 0.022411203011870384 0.08377286791801453
0 0.7771469466388226 0.4362025633454323 0.05781378597021103 0.1613164097070694
0 0.5835393443703651 0.5449612438678741 0.09941954910755157 0.2583156228065491
0 0.4712825892493129 0.32050205022096634 0.02402338944375515 0.07059498131275177
0 0.4516655746847391 0.2856567595154047 0.017146635800600052 0.044048625975847244
0 0.6712133046239614 0.3212302550673485 0.03308672830462456 0.0913579910993576
0 0.6504361629486084 0.322879821062088 0.027869462966918945 0.08374977111816406
0 0.42462899070233107 0.28579832054674625 0.0144484993070364 0.04028638079762459
0 0.518568086437881 0.3219451978802681 0.013082122430205345 0.0633515864610672
0 0.39667816180735826 0.2944176234304905 0.016930127516388893 0.0536881759762764
0 0.33670933265239 0.31428978964686394 0.03036811389029026 0.059474967420101166
0 0.5065843225456774 0.31670241989195347 0.012053442187607288 0.03570031002163887
0 0.3665297031402588 0.3025101814419031 0.027096152305603027 0.052624065428972244
0 0.5480548590421677 0.5572535246610641 0.13435301184654236 0.2261202037334442
0 0.3836490986868739 0.3002795558422804 0.02000448666512966 0.04814999923110008
