0 0.6832601074129343 0.5177127048373222 0.05611853674054146 0.1758277863264084
0 0.775509643368423 0.43425314873456955 0.026526307687163353 0.15406201779842377
0 0.5467223282903433 0.3364071100950241 0.02007574960589409 0.08501192927360535
0 0.7495541572570801 0.4296122342348099 0.03425312042236328 0.15644142031669617
0 0.573286198079586 0.543175145983696 0.09514431655406952 0.2805587351322174
0 0.49125038366764784 0.36121976748108864 0.022647475823760033 0.08017779141664505
0 0.5189075246453285 0.5384428948163986 0.06723351776599884 0.19722166657447815
0 0.6642907382920384 0.32323459535837173 0.02970447577536106 0.09912677109241486
0 0.644478727132082 0.3257772736251354 0.03285083919763565 0.09554197639226913
0 0.46107340417802334 0.31267622485756874 0.0209624283015728 0.07605624943971634
0 0.43858498334884644 0.28150978684425354 0.020617961883544922 0.0470539927482605
0 0.5047629531472921 0.3216019943356514 0.024399232119321823 0.06436403095722198
0 0.3848060192540288 0.2931978665292263 0.017728233709931374 0.049045734107494354
0 0.41258116951212287 0.2808732520788908 0.014982509426772594 0.056565072387456894
0 0.4458324732258916 0.2548658521845937 0.010734224691987038 0.022821808233857155
0 0.3249425711110234 0.31236417405307293 0.031096244230866432 0.05042180046439171
0 0.3693746207281947 0.2974631581455469 0.018578624352812767 0.04491515830159187
