0 0.9205063339322805 0.6464886963367462 0.05989046022295952 0.2952892780303955
0 0.7679662704467773 0.8700369745492935 0.11202836036682129 0.25992551445961
0 0.5342484470456839 0.800502136349678 0.058649491518735886 0.3932463228702545
0 0.23625164665281773 0.40122929960489273 0.05152635648846626 0.11306877434253693
0 0.4883987791836262 0.44158273190259933 0.038709260523319244 0.14367471635341644
0 0.4525633677840233 0.8347597271203995 0.09606198966503143 0.3304804861545563
0 0.31331897526979446 0.855600506067276 0.10220380127429962 0.28792232275009155
0 0.5949720032513142 0.43608977645635605 0.04139456897974014 0.15952979028224945
0 0.373934393748641 0.36022768169641495 0.018472861498594284 0.0908399373292923
0 0.29969625547528267 0.3905272074043751 0.044262029230594635 0.08492270857095718
0 0.42338610254228115 0.7925279289484024 0.06142682954668999 0.26981642842292786
0 0.41625308990478516 0.464980810880661 0.06859791278839111 0.19339793920516968
0 0.5687306877225637 0.4400405287742615 0.02689642831683159 0.14600080251693726
0 0.42106071673333645 0.35991060733795166 0.024263571947813034 0.06972312927246094
0 0.3293129615485668 0.37610337883234024 0.04707469791173935 0.10201765596866608
0 0.3245451394468546 0.34009257145226 0.05145232751965523 0.052797380834817886
