0 0.5798502685502172 0.5356887504458427 0.02756967581808567 0.1464260071516037
0 0.1570697668939829 0.6760958284139633 0.05414699390530586 0.18494674563407898
0 0.2550753355026245 0.516569335013628 0.03748345375061035 0.10924241691827774
0 0.019675344337770184 0.6731571964919567 0.03934957832098007 0.11822708696126938
0 0.1289602853357792 0.596686601638794 0.05698201805353165 0.13882005214691162
0 0.18616985902190208 0.5375261977314949 0.047949694097042084 0.10623897612094879
0 0.324964034371078 0.44517992064356804 0.020157670602202415 0.07861074060201645
0 0.29515311121940613 0.4687694273889065 0.029132485389709473 0.09238141030073166
0 0.43289436027407646 0.6061798632144928 0.041904352605342865 0.16808408498764038
0 0.48038780130445957 0.4769686162471771 0.023784685879945755 0.074878990650177
0 0.5081233801320195 0.5450403317809105 0.02762141264975071 0.16043709218502045
0 0.44858952797949314 0.4839555397629738 0.036458540707826614 0.08701951801776886
0 0.4346248861402273 0.5312124229967594 0.04671330377459526 0.11729282885789871
