0 0.6035335548222065 0.6596224680542946 0.07781634479761124 0.17980630695819855
0 0.779384683817625 0.7486688569188118 0.10133066028356552 0.20708109438419342
0 0.9220110774040222 0.7465812861919403 0.09163761138916016 0.20057255029678345
0 0.6502844206988811 0.5643747597932816 0.0481659397482872 0.1283421814441681
0 0.24074051715433598 0.4390568733215332 0.03429751470685005 0.08135545253753662
0 0.4961475543677807 0.5087671726942062 0.05437054485082626 0.12709829211235046
0 0.07664148882031441 0.5048592872917652 0.06658444553613663 0.1196800246834755
0 0.9744617938995361 0.6942825876176357 0.051076412200927734 0.12225329130887985
0 0.35476396046578884 0.45486245676875114 0.03622026368975639 0.09104164689779282
0 0.38766660168766975 0.4556026756763458 0.047133542597293854 0.09464013576507568
0 0.29705944657325745 0.4361770525574684 0.039455533027648926 0.07720912992954254
0 0.017467911510721024 0.47593480721116066 0.03490733727812767 0.07405955344438553
0 0.43303920701146126 0.4813859239220619 0.03683791309595108 0.07285554707050323
0 0.5616411920636892 0.4626392796635628 0.04355878755450249 0.0845622569322586
0 0.4767420347779989 0.44929978623986244 0.02663249894976616 0.058607228100299835
0 0.47857937775552273 0.4701641332358122 0.02425069734454155 0.05666109547019005
0 0.5569124929606915 0.43791554495692253 0.037352465093135834 0.08053215593099594
0 0.5688629038631916 0.4242996145039797 0.03448233753442764 0.05397054925560951
0 0.5481411218643188 0.4281735382974148 0.024120092391967773 0.07282274216413498
0 0.4067805167287588 0.42997896671295166 0.017151307314634323 0.04023170471191406
