0 0.5689064506441355 0.47610315680503845 0.033891964703798294 0.15009456872940063
0 0.40363031066954136 0.3260935917496681 0.028488922864198685 0.08181913197040558
0 0.34713315963745117 0.32594242691993713 0.02496969699859619 0.08794116973876953
0 0.5193925146013498 0.30676451325416565 0.029542971402406693 0.07163971662521362
0 0.4978142734616995 0.5345181077718735 0.048570822924375534 0.21914902329444885
0 0.42215441539883614 0.543892078101635 0.06063828617334366 0.24186883866786957
0 0.4954281151294708 0.31190868839621544 0.021116971969604492 0.0732496902346611
0 0.3026001751422882 0.2995090186595917 0.029538869857788086 0.06781959533691406
0 0.11024748347699642 0.30735593289136887 0.020049523562192917 0.07314406335353851
0 0.18481399677693844 0.2828462291508913 0.017061959952116013 0.05443212762475014
0 0.5292884465306997 0.3821917623281479 0.029458951205015182 0.09984096884727478
0 0.13624210096895695 0.312880452722311 0.027131546288728714 0.08999203890562057
0 0.5554936286062002 0.3996519222855568 0.038434695452451706 0.10271354019641876
0 0.1552969515323639 0.29335110262036324 0.031358540058135986 0.051531411707401276
0 0.5520902164280415 0.4316808432340622 0.03905806690454483 0.1041172444820404
0 0.5095847370103002 0.28294595424085855 0.012451553717255592 0.029411422088742256
