0 0.6263401508331299 0.7626389116048813 0.08533930778503418 0.26239797472953796
0 0.4881489798426628 0.6271254196763039 0.0658591240644455 0.17345161736011505
0 0.8516747839748859 0.6967271715402603 0.09130201488733292 0.1613800823688507
0 0.6156055219471455 0.5412016734480858 0.04473743587732315 0.12639681994915009
0 0.182082612067461 0.41493096575140953 0.04302582889795303 0.07598160952329636
0 0.4330107867717743 0.4890468195080757 0.05291295051574707 0.09139217436313629
0 0.365433506667614 0.44023898988962173 0.06828682124614716 0.11911357939243317
0 0.44301832281053066 0.43801092728972435 0.03289790078997612 0.07635646313428879
0 0.3110543005168438 0.4355224594473839 0.036118291318416595 0.09569524228572845
0 0.23715020157396793 0.41395827755331993 0.043137241154909134 0.07226520031690598
0 0.5611334089189768 0.43638887256383896 0.03977661207318306 0.07484351098537445
0 0.6087659597396851 0.40902819111943245 0.02458047866821289 0.07010332494974136
0 0.5735111124813557 0.4225945435464382 0.03990349918603897 0.0842360183596611
0 0.9894774314016104 0.6955315321683884 0.021043013781309128 0.06392499804496765
0 0.5770274279639125 0.3880794458091259 0.029633140191435814 0.055941008031368256
0 0.5893344162032008 0.4232749305665493 0.031174516305327415 0.07962565869092941
