0 0.01938258484005928 0.6777062378823757 0.03876516968011856 0.12437235563993454
0 0.2475523166358471 0.5296665877103806 0.049284838140010834 0.12862327694892883
0 0.5706007834523916 0.5277352854609489 0.027593564242124557 0.12909863889217377
0 0.500066339969635 0.5291890725493431 0.027852296829223633 0.14209048449993134
0 0.4228018168359995 0.5892648100852966 0.04218010976910591 0.14959585666656494
0 0.3262939630076289 0.4514126256108284 0.02137289009988308 0.051803842186927795
0 0.28764539398252964 0.48608553037047386 0.02536778524518013 0.06301205605268478
0 0.44027468003332615 0.4918482340872288 0.037369538098573685 0.09220457822084427
0 0.18044789507985115 0.5383389480412006 0.04952976852655411 0.09339896589517593
0 0.1267079897224903 0.6174327731132507 0.06152252107858658 0.16365373134613037
0 0.47440780978649855 0.48824457451701164 0.02599201165139675 0.07637091726064682
0 0.15465793572366238 0.6604254469275475 0.0564311258494854 0.15534977614879608
0 0.2978028832003474 0.4399363398551941 0.015642261132597923 0.03294563293457031
0 0.16249873861670494 0.5732666067779064 0.054658494889736176 0.08988770097494125
0 0.4235975854098797 0.5320234447717667 0.04074420779943466 0.11008724570274353
