0 0.23248187452554703 0.7902149260044098 0.070990189909935 0.21565967798233032
0 0.3973299916833639 0.6360018029808998 0.03743858262896538 0.15870340168476105
0 0.21413766220211983 0.5585234053432941 0.0400376096367836 0.114476777613163
0 0.073202945291996 0.6156226359307766 0.05084457993507385 0.12458597868680954
0 0.3304138071835041 0.6394679993391037 0.05598054081201553 0.1884513795375824
0 0.11587229371070862 0.6628978997468948 0.10589383542537689 0.2593914568424225
0 0.2857288718223572 0.5824363641440868 0.04128384590148926 0.10597547143697739
0 0.24596686102449894 0.6138780638575554 0.05567793920636177 0.17137955129146576
0 0.26074962317943573 0.5525117479264736 0.03369021415710449 0.07576488703489304
0 0.26509732007980347 0.5291269570589066 0.04236137866973877 0.08193448185920715
0 0.2774350643157959 0.5093994569033384 0.026662230491638184 0.044299568980932236
