0 0.5689878463745117 0.6796267330646515 0.05310535430908203 0.25313514471054077
0 0.3801759369671345 0.5394060462713242 0.04832635074853897 0.14915576577186584
0 0.3088861107826233 0.493934765458107 0.04761075973510742 0.13620606064796448
0 0.6631659381091595 0.8971481770277023 0.06025709956884384 0.20525571703910828
0 0.6280071027576923 0.6780676543712616 0.0366729274392128 0.2537716031074524
0 0.33977631852030754 0.7878426760435104 0.08009269088506699 0.3694855868816376
0 0.11472301557660103 0.33416562527418137 0.03388328105211258 0.06965993344783783
0 0.7954621203243732 0.3730876296758652 0.03322587162256241 0.09308990836143494
0 0.28223998565226793 0.43528540432453156 0.027511024847626686 0.12864044308662415
0 0.33211730141192675 0.33232565224170685 0.02362659014761448 0.07685616612434387
0 0.1801164597272873 0.3619343973696232 0.02974015474319458 0.09512151032686234
0 0.29908854980021715 0.33397258818149567 0.019637608900666237 0.07558009028434753
0 0.25451786257326603 0.37200313061475754 0.0347016341984272 0.08654223382472992
0 0.7213693261146545 0.4131697490811348 0.03053140640258789 0.17889173328876495
0 0.856885552406311 0.3687893748283386 0.05276966094970703 0.07991093397140503
0 0.14482242800295353 0.34086951799690723 0.025433052331209183 0.0556638278067112
0 0.844169020652771 0.3317270800471306 0.029299259185791016 0.04405318200588226
0 0.16951456386595964 0.329542500898242 0.01455148495733738 0.033274438232183456
