0 0.11012421175837517 0.5213747769594193 0.08848614245653152 0.16239747405052185
0 0.2884283773601055 0.6498068273067474 0.05944850295782089 0.28001242876052856
0 0.512983238324523 0.5604587644338608 0.043100547045469284 0.20789185166358948
0 0.47738424502313137 0.5785196647047997 0.0327729694545269 0.18199323117733002
0 0.42431531473994255 0.5967190563678741 0.044001005589962006 0.2100934386253357
0 0.19224048033356667 0.4938165247440338 0.03967747837305069 0.09967291355133057
0 0.3960366304963827 0.9441627264022827 0.04192657396197319 0.11042726039886475
0 0.36273379903286695 0.5570371486246586 0.027501678094267845 0.0840337947010994
0 0.3208107650279999 0.46135908365249634 0.04226243495941162 0.10966300964355469
0 0.3277454376220703 0.5654912777245045 0.03934609889984131 0.10094515234231949
0 0.2564419098198414 0.47341031953692436 0.04533717781305313 0.1203012689948082
0 0.2207115087658167 0.46276695281267166 0.03993122652173042 0.12186427414417267
0 0.3951549408957362 0.5675736591219902 0.030266379937529564 0.16112051904201508
0 0.29178814869374037 0.4728560447692871 0.02511904202401638 0.10877960920333862
0 0.2362955752760172 0.46021731197834015 0.04730980470776558 0.1252647340297699
0 0.2528460444882512 0.413934962823987 0.01440897025167942 0.0556623674929142
0 0.26926021557301283 0.431561853736639 0.015603994950652122 0.05770318955183029
0 0.36501551885157824 0.4957809131592512 0.017731929197907448 0.050890859216451645
