0 0.10143719613552094 0.8291506096720695 0.0810101106762886 0.24702118337154388
0 0.36111582443118095 0.7336800545454025 0.04598667472600937 0.25844094157218933
0 0.31296275928616524 0.7863049209117889 0.053122617304325104 0.2624285817146301
0 0.24426640942692757 0.6875341609120369 0.05117247253656387 0.16383446753025055
0 0.09933147393167019 0.6766706183552742 0.05116717144846916 0.2007995992898941
0 0.19822724163532257 0.5864528492093086 0.02841472625732422 0.1568395048379898
0 0.06429571844637394 0.6491990983486176 0.09703262150287628 0.1430075764656067
0 0.17522889003157616 0.6051981449127197 0.04020228236913681 0.10674154758453369
0 0.2396520022302866 0.8494349718093872 0.056722331792116165 0.2943354845046997
0 0.09671388007700443 0.5626666340976954 0.031521666795015335 0.05975087359547615
0 0.06900733150541782 0.5657402239739895 0.01974349096417427 0.04931437224149704
0 0.27568390406668186 0.7184453383088112 0.049571443349123 0.22489483654499054
0 0.182801085524261 0.5371081475168467 0.014315878972411156 0.04799346998333931
