0 0.3487139819189906 0.3250585049390793 0.02378854714334011 0.08770260214805603
0 0.49656306579709053 0.5298069715499878 0.05200371891260147 0.18531566858291626
0 0.40538443345576525 0.32390913367271423 0.028222227469086647 0.08249884843826294
0 0.3044455526396632 0.2993644028902054 0.02943108044564724 0.06890949606895447
0 0.11314127128571272 0.3071516789495945 0.019153272733092308 0.07498050481081009
0 0.4226013422012329 0.5395561829209328 0.05851542949676514 0.22990252077579498
0 0.49825519882142544 0.3132251724600792 0.02291078492999077 0.07541064918041229
0 0.13885110057890415 0.3132975660264492 0.028569329530000687 0.08933436125516891
0 0.18785839388146996 0.28204535506665707 0.015513849444687366 0.052904170006513596
0 0.5220419522374868 0.3106642868369818 0.024099063128232956 0.055251460522413254
0 0.5631810072809458 0.45031193643808365 0.04664187505841255 0.20520652830600739
0 0.1590547151863575 0.2897751200944185 0.03180424124002457 0.05442163720726967
0 0.5329030035063624 0.3730359673500061 0.029055451974272728 0.07768058776855469
0 0.15132436156272888 0.264687517657876 0.017807960510253906 0.027008671313524246
0 0.14903439581394196 0.29389099031686783 0.02774679660797119 0.05404593050479889
0 0.5108620403334498 0.2823361586779356 0.013003921136260033 0.03225114569067955
