0 0.5563985332846642 0.7503449767827988 0.07943682372570038 0.25375816226005554
0 0.7955628149211407 0.688350535929203 0.08881320804357529 0.1760743409395218
0 0.4330662116408348 0.6028170138597488 0.06334881484508514 0.17000558972358704
0 0.1519300974905491 0.4083252586424351 0.04415414482355118 0.0670008733868599
0 0.6012725587934256 0.5140841938555241 0.03954572603106499 0.1024676039814949
0 0.9818534012883902 0.7246928811073303 0.03629321977496147 0.10082435607910156
0 0.3942292332649231 0.4855065159499645 0.0486598014831543 0.09183569997549057
0 0.20505592226982117 0.40525615960359573 0.04023939371109009 0.07337184250354767
0 0.5540850162506104 0.42440396919846535 0.038207292556762695 0.06874991208314896
0 0.42339552007615566 0.4383852519094944 0.038771580904722214 0.07895613461732864
0 0.286329859867692 0.41982823982834816 0.03695397451519966 0.08979839831590652
0 0.3299538977444172 0.44723255559802055 0.06417689472436905 0.09923078864812851
0 0.6206199647858739 0.3995777629315853 0.02657475508749485 0.06297259777784348
0 0.5917323110625148 0.3836747221648693 0.029085969552397728 0.06792863458395004
0 0.5822434537112713 0.4077567793428898 0.041924141347408295 0.06778670102357864
0 0.3333215303719044 0.40760687738657 0.053588010370731354 0.07151336967945099
0 0.2120121419429779 0.41832336969673634 0.030711710453033447 0.05759340897202492
