0 0.42595199309289455 0.5431373566389084 0.052628349512815475 0.21383896470069885
0 0.4935969412326813 0.5397523865103722 0.050641536712646484 0.2480507344007492
0 0.3590185884386301 0.3249436058104038 0.024446893483400345 0.09130937606096268
0 0.414441604167223 0.323351189494133 0.03212151676416397 0.07845166325569153
0 0.3142644641920924 0.2941552959382534 0.025923466309905052 0.058000437915325165
0 0.5316368099302053 0.31317808479070663 0.023931454867124557 0.05542825162410736
0 0.5062601985409856 0.3046289924532175 0.020356560125947 0.054907310754060745
0 0.5641034487634897 0.44813599437475204 0.054709482938051224 0.21921508014202118
0 0.1546523990109563 0.30430774204432964 0.026775503531098366 0.060679879039525986
0 0.12786862533539534 0.30657172575592995 0.019072270020842552 0.07183147221803665
0 0.17279626987874508 0.2853322308510542 0.02871532365679741 0.045648809522390366
0 0.20440659206360579 0.2862184401601553 0.013255929574370384 0.04741020128130913
0 0.5557482121512294 0.3493667542934418 0.01519021950662136 0.039032936096191406
0 0.5082617877051234 0.4376249220222235 0.015917396172881126 0.051825206726789474
0 0.18370637856423855 0.28355780243873596 0.02636934444308281 0.04625225067138672
