0 0.7781299725174904 0.84407077729702 0.12443919479846954 0.31185850501060486
0 0.895457923412323 0.6208642274141312 0.05346202850341797 0.27778181433677673
0 0.3492916002869606 0.8327517062425613 0.09677238762378693 0.3344966471195221
0 0.9774452336132526 0.6586834341287613 0.04453621059656143 0.3002590239048004
0 0.2625627666711807 0.392273236066103 0.047973036766052246 0.11178771406412125
0 0.557930875569582 0.7366801351308823 0.054120637476444244 0.31720754504203796
0 0.48844414949417114 0.8193609416484833 0.09062480926513672 0.3612644076347351
0 0.5024070143699646 0.42614248394966125 0.03666496276855469 0.14399486780166626
0 0.45242313109338284 0.7718152850866318 0.05771059915423393 0.28967949748039246
0 0.610943328589201 0.42222563177347183 0.04005875438451767 0.1558849960565567
0 0.39055044017732143 0.3492247276008129 0.017222117632627487 0.08590062707662582
0 0.5870425226166844 0.4250688701868057 0.02720036543905735 0.1362839639186859
0 0.3144559320062399 0.375561960041523 0.030720781534910202 0.07764680683612823
0 0.4385732654482126 0.44744205474853516 0.05620603635907173 0.18392431735992432
0 0.43648602347821 0.34639017283916473 0.02285466156899929 0.07589420676231384
0 0.4165676049888134 0.4130953289568424 0.045889757573604584 0.1205287054181099
0 0.34441835805773735 0.36315030977129936 0.044575951993465424 0.11129798740148544
0 0.4224043432623148 0.4426546134054661 0.05206172540783882 0.11934614926576614
