0 0.5452626459300518 0.6646298840641975 0.08092059940099716 0.19731487333774567
0 0.344240153208375 0.6734491214156151 0.048552561551332474 0.2253749817609787
0 0.75058913230896 0.9353132769465446 0.06628131866455078 0.12937341630458832
0 0.18247211538255215 0.42920707166194916 0.055318962782621384 0.10972544550895691
0 0.6579182501882315 0.36952219158411026 0.03192753717303276 0.08149494230747223
0 0.27856652066111565 0.535822294652462 0.04314091056585312 0.14949612319469452
0 0.8863455057144165 0.8503007516264915 0.11955451965332031 0.23938123881816864
0 0.8383131623268127 0.8667371273040771 0.12747907638549805 0.26495444774627686
0 0.07273149490356445 0.38884248957037926 0.03947877883911133 0.08747666329145432
0 0.11926894448697567 0.3776492699980736 0.037377845495939255 0.05554400384426117
0 0.2199963629245758 0.38597623631358147 0.041353583335876465 0.0614602193236351
0 0.5759376883506775 0.4633481279015541 0.03820681571960449 0.08410991728305817
0 0.5592456106096506 0.3967253006994724 0.03312091901898384 0.07655978947877884
0 0.30968576669692993 0.4108843356370926 0.04408121109008789 0.06406071782112122
0 0.27438539266586304 0.45349136367440224 0.04105973243713379 0.10848147422075272
0 0.6155330296605825 0.39549742825329304 0.030643653124570847 0.050096724182367325
0 0.2662774920463562 0.37618428096175194 0.03932344913482666 0.0718529149889946
0 0.6054763435386121 0.36075105145573616 0.014463949017226696 0.03230283409357071
