0 0.019275935366749763 0.6791348643600941 0.03855187073349953 0.11995819956064224
0 0.5690718414261937 0.5283028855919838 0.02930464781820774 0.13323576748371124
0 0.25011229887604713 0.5283138379454613 0.049323178827762604 0.12707655131816864
0 0.4202826917171478 0.5913087502121925 0.04122269153594971 0.1509665995836258
0 0.4981976095587015 0.532937154173851 0.028159428387880325 0.14309683442115784
0 0.12703054398298264 0.6184614598751068 0.06435243785381317 0.16632169485092163
0 0.15595907531678677 0.6637253016233444 0.05415381118655205 0.16707119345664978
0 0.32722293119877577 0.4483378864824772 0.02214679680764675 0.05799496918916702
0 0.28894147276878357 0.4682759419083595 0.028827905654907227 0.09021271765232086
0 0.43909657560288906 0.49463775381445885 0.03815646097064018 0.09123849123716354
0 0.17843912914395332 0.5379610992968082 0.04950479418039322 0.09191042929887772
0 0.47324541211128235 0.47996521927416325 0.025377988815307617 0.05999721959233284
