0 0.715725876390934 0.6328606307506561 0.08510275185108185 0.22658377885818481
0 0.04082335252314806 0.6821608245372772 0.05503981187939644 0.193148672580719
0 0.8979528658092022 0.7559368833899498 0.1091860756278038 0.2379557341337204
0 0.0986087080091238 0.5920770093798637 0.03244714066386223 0.14737354218959808
0 0.20529263094067574 0.6361889541149139 0.04444531351327896 0.16120308637619019
0 0.2188690509647131 0.5139464996755123 0.043321918696165085 0.10133259743452072
0 0.26103362813591957 0.531625472009182 0.04028329998254776 0.13139669597148895
0 0.9523499831557274 0.7523650676012039 0.09530000388622284 0.21592369675636292
0 0.34216145798563957 0.45487476885318756 0.03708495944738388 0.0766618549823761
0 0.5406715869903564 0.473178144544363 0.04195117950439453 0.09981655329465866
0 0.14504694566130638 0.5971906259655952 0.042698346078395844 0.20798267424106598
0 0.5146669391542673 0.5039550699293613 0.040464211255311966 0.07691837102174759
0 0.38165169954299927 0.44872703589498997 0.027547836303710938 0.054825592786073685
0 0.42913734912872314 0.49985799938440323 0.0333402156829834 0.09046711027622223
0 0.9629024378955364 0.6815013363957405 0.07320346683263779 0.11496569216251373
0 0.4997209729626775 0.4518526457250118 0.030837202444672585 0.06825404614210129
0 0.4016409693285823 0.4806339964270592 0.028623437508940697 0.08061735332012177
0 0.45135581493377686 0.5000874549150467 0.037490129470825195 0.08044353127479553
0 0.13209287263453007 0.5176358427852392 0.01603912189602852 0.051569025963544846
0 0.5080222245305777 0.4391036443412304 0.03984208032488823 0.06318732351064682
