0 0.520637322217226 0.5601735860109329 0.03796825557947159 0.1428183615207672
0 0.14647700265049934 0.685252271592617 0.055866919457912445 0.17796973884105682
0 0.013233141973614693 0.6672126725316048 0.026466283947229385 0.10401047766208649
0 0.4492211230099201 0.5766757950186729 0.04228983074426651 0.14417724311351776
0 0.3178121503442526 0.47928328067064285 0.04063565656542778 0.08109016716480255
0 0.22119444236159325 0.5460060499608517 0.03496553748846054 0.07290666550397873
0 0.37503710947930813 0.6568622291088104 0.043891143053770065 0.1696963906288147
0 0.12136931717395782 0.5940446257591248 0.06614337861537933 0.18476605415344238
0 0.25830780901014805 0.49904124811291695 0.02439146116375923 0.0904613509774208
0 0.3759901225566864 0.5756893455982208 0.0376591682434082 0.08929282426834106
0 0.3928155656903982 0.51542385853827 0.028232406824827194 0.04935883358120918
0 0.42675026040524244 0.4982309006154537 0.024002885445952415 0.07526194304227829
0 0.23721120972186327 0.5006989128887653 0.016803765669465065 0.04521141201257706
0 0.4053539214655757 0.48422325402498245 0.018310165032744408 0.03803880512714386
0 0.1224767416715622 0.56406694278121 0.023910939693450928 0.0440138503909111
