0 0.408727515488863 0.6145447194576263 0.03606853634119034 0.16740840673446655
0 0.22548186220228672 0.5357676111161709 0.03763561323285103 0.0950850173830986
0 0.25294484198093414 0.7560276463627815 0.06350219249725342 0.2089853435754776
0 0.34597637690603733 0.6125600188970566 0.05935268476605415 0.15678605437278748
0 0.07892072200775146 0.6230554133653641 0.049120642244815826 0.14948883652687073
0 0.10867653787136078 0.6830310150980949 0.06208875775337219 0.17215906083583832
0 0.15786215104162693 0.5807891972362995 0.042794276028871536 0.09022233635187149
0 0.2995788212865591 0.5789138302206993 0.0392269603908062 0.10873167216777802
0 0.25968682393431664 0.6479885093867779 0.055437229573726654 0.11243095248937607
0 0.2715805657207966 0.5107170268893242 0.039514876902103424 0.07258771359920502
0 0.2722508069127798 0.543594267219305 0.041464995592832565 0.08491414040327072
0 0.09181983768939972 0.6486639752984047 0.07081000506877899 0.09925957024097443
0 0.10134649649262428 0.6108701713383198 0.08384080976247787 0.11870286613702774
0 0.13754970207810402 0.604777816683054 0.03819749504327774 0.07719434052705765
