0 0.013429000973701477 0.6687274873256683 0.026858001947402954 0.10688048601150513
0 0.5227112881839275 0.5648489072918892 0.037268541753292084 0.15796597301959991
0 0.3776441626250744 0.6540848612785339 0.042267344892024994 0.16444969177246094
0 0.4534856267273426 0.5632498115301132 0.039286233484745026 0.14022818207740784
0 0.14809691719710827 0.6800102517008781 0.05381448194384575 0.1720629781484604
0 0.319697517901659 0.4635622724890709 0.03939685970544815 0.06430540978908539
0 0.2274547703564167 0.523141298443079 0.040509916841983795 0.09692425280809402
0 0.11813332140445709 0.6194917261600494 0.06332004070281982 0.1703532338142395
0 0.37716070376336575 0.5727341324090958 0.03329319879412651 0.07992222905158997
0 0.2590889157727361 0.5083888061344624 0.02364363707602024 0.06644783169031143
0 0.4280807375907898 0.4981232360005379 0.023659467697143555 0.07988853752613068
0 0.1348977703601122 0.5435144938528538 0.04355733469128609 0.08304858952760696
0 0.3958876486867666 0.5144981257617474 0.029353808611631393 0.0520487055182457
0 0.4068280700594187 0.4842892922461033 0.01728694513440132 0.037376828491687775
0 0.13028668984770775 0.6624049246311188 0.08636646717786789 0.12868016958236694
0 0.1365592535585165 0.5801630616188049 0.04885436221957207 0.104331374168396
