0 0.5009153969585896 0.6275909021496773 0.06425914913415909 0.1782374531030655
0 0.8629273064434528 0.7092545479536057 0.08987341076135635 0.17695114016532898
0 0.6530416011810303 0.7722657322883606 0.10643267631530762 0.26149165630340576
0 0.6214197985827923 0.53664231300354 0.04744758456945419 0.120383620262146
0 0.1947686430066824 0.4214772656559944 0.04678649827837944 0.08671404421329498
0 0.44344174303114414 0.4980260320007801 0.05614762380719185 0.09457681328058243
0 0.3189360797405243 0.4423488639295101 0.038662075996398926 0.0979871079325676
0 0.3737219627946615 0.4458310455083847 0.059683751314878464 0.09540066123008728
0 0.4460013508796692 0.4383356124162674 0.03335094451904297 0.06775805354118347
0 0.5604617111384869 0.45015522092580795 0.044849298894405365 0.09547780454158783
0 0.9893582705408335 0.6959167942404747 0.021283436566591263 0.07145123183727264
0 0.24514066614210606 0.41342148929834366 0.036444712430238724 0.06605495512485504
0 0.6079500196501613 0.4214501976966858 0.01983628235757351 0.04776954650878906
0 0.5699118971824646 0.41325655207037926 0.04123878479003906 0.06598138064146042
0 0.3429314373061061 0.39957677014172077 0.015961622819304466 0.0398348905146122
