0 0.4723558183759451 0.6727253496646881 0.04005856439471245 0.22539228200912476
0 0.3757372200489044 0.5629723146557808 0.056725144386291504 0.18434078991413116
0 0.908905828371644 0.4419046565890312 0.04354219511151314 0.13064371049404144
0 0.5457492582499981 0.5683905184268951 0.07791676372289658 0.29594480991363525
0 0.2923037651926279 0.3293924108147621 0.019548464566469193 0.08482159674167633
0 0.9286688324064016 0.3615288697183132 0.03367109224200249 0.10109250992536545
0 0.3589829448610544 0.34101081639528275 0.030071783810853958 0.09429164230823517
0 0.4597060326486826 0.4279520660638809 0.046813059598207474 0.12336781620979309
0 0.4416599990800023 0.3929312974214554 0.029633665457367897 0.10195848345756531
0 0.4636394623667002 0.30882546678185463 0.033170510083436966 0.07390094548463821
0 0.24518717266619205 0.30488246493041515 0.02354900911450386 0.05910932645201683
0 0.44164495449513197 0.30989422276616096 0.021930789574980736 0.06953427940607071
0 0.04480752721428871 0.3289034068584442 0.026867642998695374 0.08970582485198975
0 0.020150419790297747 0.3184828869998455 0.02535039745271206 0.08309366554021835
0 0.08285975828766823 0.30416797287762165 0.03125757724046707 0.0558495856821537
