0 0.4310177266597748 0.5234529301524162 0.05119037628173828 0.16229645907878876
0 0.3252563998103142 0.6797557324171066 0.0771055668592453 0.2321053445339203
0 0.5521391984075308 0.7415120899677277 0.051834773272275925 0.4143856167793274
0 0.603320574387908 0.621398575603962 0.04437727853655815 0.20573391020298004
0 0.35312906466424465 0.4776054695248604 0.05688471719622612 0.16458506882190704
0 0.7892645113170147 0.35017985478043556 0.03494825214147568 0.07040608674287796
0 0.3824187992140651 0.3246538080275059 0.024431442841887474 0.06941808015108109
0 0.797936450690031 0.4455140084028244 0.032675884664058685 0.10668483376502991
0 0.15813485346734524 0.3217015881091356 0.0289008729159832 0.06111026182770729
0 0.2180160228163004 0.35086335614323616 0.025092054158449173 0.08700618892908096
0 0.8823321936652064 0.3661358319222927 0.029255961999297142 0.09627711027860641
0 0.9641861319541931 0.36078156903386116 0.02877950668334961 0.06491909176111221
0 0.18060120940208435 0.32133108749985695 0.028516769409179688 0.06304407864809036
0 0.28852545097470284 0.3707631193101406 0.03394494205713272 0.0938713476061821
0 0.3337222393602133 0.4140060730278492 0.027015995234251022 0.0740867629647255
0 0.3533907774835825 0.3252163603901863 0.016930270940065384 0.07111699879169464
0 0.9274248834699392 0.3656696677207947 0.03638191148638725 0.08672428131103516
0 0.9487424730323255 0.32037096936255693 0.015017318539321423 0.02821468748152256
