0 0.27459064684808254 0.5712191015481949 0.04051012918353081 0.1683865487575531
0 0.6456924676895142 0.763444572687149 0.06873703002929688 0.2612378001213074
0 0.3846177216619253 0.6055566594004631 0.04301555082201958 0.1608552783727646
0 0.7190060988068581 0.7705515027046204 0.06994052231311798 0.2303556203842163
0 0.14014513790607452 0.3959226794540882 0.03349602222442627 0.10102490335702896
0 0.26791819371283054 0.3569360375404358 0.036034513264894485 0.07682573795318604
0 0.6790761947631836 0.3821815215051174 0.03362274169921875 0.09347008913755417
0 0.6132277371361852 0.38659438863396645 0.02503647841513157 0.09599221497774124
0 0.7393233068287373 0.35846611857414246 0.04072723537683487 0.08088332414627075
0 0.6243326310068369 0.47869572788476944 0.036957550793886185 0.09333665668964386
0 0.4787941686809063 0.8752283975481987 0.06916870921850204 0.24904166162014008
0 0.23299086093902588 0.4700750485062599 0.04086041450500488 0.17687954008579254
0 0.10546454042196274 0.358558114618063 0.03446224331855774 0.06569092720746994
0 0.22505571506917477 0.3607538938522339 0.026480387896299362 0.07056331634521484
0 0.06586111895740032 0.35647447779774666 0.03642154857516289 0.06709162145853043
0 0.24577546399086714 0.40158298425376415 0.027943706139922142 0.05038159713149071
