0 0.03333694487810135 0.652725450694561 0.06580500304698944 0.203835591673851
0 0.3346586115658283 0.7629417181015015 0.05143151432275772 0.26473355293273926
0 0.26133330538868904 0.6768386214971542 0.04853937774896622 0.2193140685558319
0 0.2417912296950817 0.5376203432679176 0.06913759559392929 0.11326976120471954
0 0.16013842076063156 0.7478545755147934 0.0651654452085495 0.36808106303215027
0 0.39428262785077095 0.7110316753387451 0.05369386821985245 0.22669148445129395
0 0.3006049394607544 0.6951746791601181 0.042992234230041504 0.25746187567710876
0 0.17308465018868446 0.5713576972484589 0.051023222506046295 0.14896142482757568
0 0.4204508066177368 0.6873519942164421 0.04551243782043457 0.24895702302455902
0 0.17337843216955662 0.5035313628613949 0.02279846742749214 0.07147746533155441
0 0.10272368788719177 0.5970773845911026 0.03905516862869263 0.11581853032112122
0 0.13356544449925423 0.5641777366399765 0.03820248693227768 0.15201106667518616
