0 0.20567437633872032 0.5402691476047039 0.03798367828130722 0.12484397739171982
0 0.6177268978208303 0.500910684466362 0.027733754366636276 0.11797091364860535
0 0.2670789957046509 0.5038466081023216 0.03329825401306152 0.10669170320034027
0 0.1535360850393772 0.6763035356998444 0.05241779237985611 0.16678279638290405
0 0.022115301340818405 0.6936861835420132 0.04423060268163681 0.12422739714384079
0 0.12754807993769646 0.6085848361253738 0.050813041627407074 0.13003960251808167
0 0.4913503769785166 0.570700615644455 0.030950356274843216 0.12688475847244263
0 0.5398238897323608 0.5145781747996807 0.02297806739807129 0.09726401418447495
0 0.3433695435523987 0.43442254327237606 0.022771596908569336 0.05023990198969841
0 0.46071326173841953 0.5320863798260689 0.02510838583111763 0.08522088825702667
0 0.5053955437615514 0.4621768444776535 0.01487722434103489 0.06365826725959778
0 0.312727689743042 0.4466135650873184 0.028776049613952637 0.08191952109336853
0 0.47722336649894714 0.4655131325125694 0.02570939064025879 0.07324032485485077
0 0.5522707346826792 0.46026864647865295 0.021886873990297318 0.072043776512146
