0 0.5649823192507029 0.4771750643849373 0.032805491238832474 0.15387149155139923
0 0.4122885223478079 0.5369104295969009 0.05344874784350395 0.19481828808784485
0 0.4361187815666199 0.6023437827825546 0.037491798400878906 0.20685407519340515
0 0.33761544805020094 0.32507801800966263 0.022859906777739525 0.08934648334980011
0 0.5020498279482126 0.5639050453901291 0.04635648801922798 0.21385756134986877
0 0.2935368474572897 0.29820508509874344 0.031589578837156296 0.06537272036075592
0 0.9904469726607203 0.43176037818193436 0.019106006249785423 0.08949275314807892
0 0.3982053520157933 0.32424576953053474 0.022203588858246803 0.0746297612786293
0 0.5307016726583242 0.396784957498312 0.0579645149409771 0.1128392145037651
0 0.48533474188297987 0.3046843484044075 0.019705628976225853 0.06303299963474274
0 0.5082489904016256 0.3124007526785135 0.026213835924863815 0.05082874372601509
0 0.17035908717662096 0.2840523589402437 0.01893075741827488 0.060562048107385635
0 0.5105118211358786 0.4987693578004837 0.037682246416807175 0.09316334128379822
0 0.09528753161430359 0.30967171862721443 0.01871439814567566 0.07182274013757706
0 0.1243432192131877 0.3262522295117378 0.023810600861907005 0.06662203371524811
0 0.1431536078453064 0.29068260081112385 0.019857466220855713 0.04252329841256142
0 0.11962980963289738 0.3032939452677965 0.027377653867006302 0.05511832609772682
0 0.5236826660111547 0.3532094322144985 0.014028454199433327 0.04736822098493576
