0 0.8106398582458496 0.6470973938703537 0.05557084083557129 0.289260596036911
0 0.5145079009234905 0.6452190726995468 0.07196535915136337 0.2541064918041229
0 0.9024441484361887 0.5236667320132256 0.04198103025555611 0.2208547443151474
0 0.6049949154257774 0.6440237015485764 0.08066849410533905 0.290905624628067
0 0.8637207746505737 0.5109068676829338 0.039284706115722656 0.2040514200925827
0 0.7113577239215374 0.358303789049387 0.032260797917842865 0.12031883746385574
0 0.68543859757483 0.3625769503414631 0.026773978024721146 0.10632220655679703
0 0.48704166430979967 0.30339034274220467 0.018842602148652077 0.06397048383951187
0 0.6661562211811543 0.5583194196224213 0.048496343195438385 0.19369035959243774
0 0.5858814958482981 0.3599289730191231 0.0324736125767231 0.10756327211856842
0 0.5344112636521459 0.3879138454794884 0.030804062262177467 0.12143842875957489
0 0.5173173658549786 0.3557977266609669 0.03615441173315048 0.07618872076272964
0 0.3841520305722952 0.33437590301036835 0.03626711294054985 0.07886901497840881
0 0.5230146888643503 0.29441414028406143 0.026477623730897903 0.06077440083026886
0 0.45455473102629185 0.3149556405842304 0.022618819028139114 0.06513748317956924
0 0.5243878364562988 0.32914821431040764 0.029318571090698242 0.059777937829494476
0 0.4125052448362112 0.3275350332260132 0.03199441358447075 0.08239525556564331
0 0.43406965769827366 0.3138996511697769 0.025327730923891068 0.06763502955436707
0 0.5779268024489284 0.35770972818136215 0.026274299249053 0.08907674252986908
0 0.6029068231582642 0.5360582992434502 0.020743370056152344 0.062415823340415955
