0 0.736644733697176 0.6683468297123909 0.05959282070398331 0.17706312239170074
0 0.1696359310299158 0.6511946022510529 0.05185370519757271 0.18082207441329956
0 0.9010739326477051 0.7174724414944649 0.07923507690429688 0.21001578867435455
0 0.7437982317060232 0.5766201391816139 0.055727433413267136 0.10937805473804474
0 0.27388570830225945 0.6289545074105263 0.03709997981786728 0.16308267414569855
0 0.3955389019101858 0.4555320143699646 0.03857774659991264 0.08911705017089844
0 0.9579651355743408 0.7187009826302528 0.08406972885131836 0.1828206330537796
0 0.22590861283242702 0.5919976010918617 0.050582122057676315 0.2084982544183731
0 0.5372994057834148 0.508391235023737 0.03419484943151474 0.11113239079713821
0 0.5680877454578876 0.4542730264365673 0.04416189342737198 0.07704611867666245
0 0.43690317310392857 0.48271482437849045 0.02400832250714302 0.09753261506557465
0 0.9711816068738699 0.6588321067392826 0.05718583986163139 0.11368090659379959
0 0.4625330753624439 0.49508680775761604 0.0337432399392128 0.12192878872156143
0 0.3144691586494446 0.5106723494827747 0.02856743335723877 0.08721665292978287
0 0.4856504313647747 0.49220819398760796 0.032225750386714935 0.10214623063802719
0 0.29004377126693726 0.5182829424738884 0.03328275680541992 0.10814861953258514
0 0.006068871356546879 0.5812925882637501 0.012137742713093758 0.10414377599954605
0 0.16935239359736443 0.5707683861255646 0.04370524734258652 0.11457794904708862
0 0.9425631761550903 0.6426047347486019 0.052642822265625 0.08154886215925217
0 0.550675118342042 0.44163678027689457 0.02832059934735298 0.052369434386491776
0 0.3129051811993122 0.5370983257889748 0.03343687206506729 0.0754520446062088
0 0.4254293320700526 0.4436413422226906 0.029238080605864525 0.0572858601808548
0 0.5292592765763402 0.45607871375977993 0.019431734457612038 0.032243262976408005
