0 0.9109746925532818 0.63404580950737 0.05898609012365341 0.2886309027671814
0 0.774176836013794 0.8619526326656342 0.1182091236114502 0.2760947346687317
0 0.5414411071687937 0.7799060046672821 0.05844073370099068 0.3762311339378357
0 0.4673076756298542 0.8279765695333481 0.09320387989282608 0.34362730383872986
0 0.32763735204935074 0.858234778046608 0.09634681046009064 0.28353026509284973
0 0.49328061379492283 0.4341379180550575 0.03880004957318306 0.14412100613117218
0 0.24574154987931252 0.3946094401180744 0.05036590248346329 0.10659781843423843
0 0.380225932225585 0.35750384628772736 0.01832277700304985 0.08882215619087219
0 0.43508871272206306 0.7627149149775505 0.060366012156009674 0.23162685334682465
0 0.6015627030283213 0.4246269464492798 0.03922443464398384 0.13724267482757568
0 0.3371691405773163 0.3703675903379917 0.043517112731933594 0.11952383071184158
0 0.3035848494619131 0.37768761441111565 0.03583092615008354 0.09142502397298813
0 0.44210363645106554 0.41046135127544403 0.0306107047945261 0.09406259655952454
0 0.4187741633504629 0.45904935896396637 0.06105155870318413 0.18047484755516052
0 0.5777399661019444 0.4379971772432327 0.0295883659273386 0.15313711762428284
0 0.42699711956083775 0.35580061189830303 0.022677946835756302 0.05303933843970299
