0 0.7820969596505165 0.5846285372972488 0.06320853531360626 0.2409895956516266
0 0.5411380417644978 0.5897814109921455 0.07162699848413467 0.22467286884784698
0 0.5924341082572937 0.35746557638049126 0.022066354751586914 0.07532348483800888
0 0.8369707576930523 0.4920286014676094 0.03660859912633896 0.1287294179201126
0 0.5386433359235525 0.3696426600217819 0.02855987474322319 0.10991808772087097
0 0.6886458043009043 0.3448064289987087 0.028888273984193802 0.09589432924985886
0 0.7150878068059683 0.3548770025372505 0.03206033632159233 0.07658566534519196
0 0.8707934971898794 0.4896618202328682 0.03956956788897514 0.20012839138507843
0 0.6235490553081036 0.6121214479207993 0.08256378024816513 0.2743171751499176
0 0.6667991988360882 0.5112075880169868 0.05280151218175888 0.1530771404504776
0 0.570055091753602 0.3289298862218857 0.01728825643658638 0.07843157649040222
0 0.38614438753575087 0.3209269195795059 0.03062758408486843 0.07084038853645325
0 0.48228282295167446 0.3009376395493746 0.018150996416807175 0.04602232947945595
0 0.5940926428884268 0.5852237492799759 0.052840184420347214 0.19973573088645935
0 0.856863284483552 0.41792450845241547 0.03578786924481392 0.06820759177207947
0 0.5124253872781992 0.3382364436984062 0.02413802221417427 0.06873069703578949
0 0.4063918115571141 0.3179238475859165 0.023948216810822487 0.07138902693986893
0 0.44998730439692736 0.299469543620944 0.01894679106771946 0.058871056884527206
0 0.4338917611166835 0.2966596148908138 0.02099785767495632 0.06142573803663254
0 0.4286095080897212 0.3099955264478922 0.026644324883818626 0.04631214216351509
0 0.4886611760593951 0.2728279521688819 0.009554815478622913 0.024174032732844353
0 0.5145104173570871 0.28812698274850845 0.020009804517030716 0.043589189648628235
0 0.705825662240386 0.311699952930212 0.01673431321978569 0.047940127551555634
0 0.40185336489230394 0.30267627723515034 0.0245909933000803 0.040806327015161514
0 0.4160495214164257 0.31646255031228065 0.035439036786556244 0.06567580252885818
