0 0.9726824648678303 0.745006799697876 0.05393657833337784 0.36570096015930176
0 0.4866039454936981 0.8533704727888107 0.06820225715637207 0.29192301630973816
0 0.19894390366971493 0.43957457691431046 0.05494583770632744 0.12870962917804718
0 0.46616656705737114 0.4896809756755829 0.03792824596166611 0.169369637966156
0 0.2705627139657736 0.9261127188801765 0.05583960935473442 0.14751900732517242
0 0.7068959828466177 0.9421169795095921 0.052103232592344284 0.11576605588197708
0 0.3744086865335703 0.5088153406977654 0.04332773759961128 0.2062680572271347
0 0.34734857082366943 0.3890736475586891 0.01959669589996338 0.10032673180103302
0 0.3792715556919575 0.8816101774573326 0.11787889152765274 0.2367796152830124
0 0.38893241807818413 0.38232798129320145 0.03510131686925888 0.07314647734165192
0 0.5666440483182669 0.48060524463653564 0.04534287378191948 0.18615210056304932
0 0.9868895290419459 0.43168486282229424 0.02622089348733425 0.11984290927648544
0 0.41151956282556057 0.464236281812191 0.033151816576719284 0.13714013993740082
0 0.5418761968612671 0.48602185398340225 0.03480982780456543 0.16182763874530792
0 0.2614893801510334 0.42142463475465775 0.03871915489435196 0.08499683439731598
0 0.30879784747958183 0.42227864637970924 0.03216423839330673 0.07583601027727127
0 0.2796567268669605 0.3992583677172661 0.034827329218387604 0.08506308495998383
0 0.30893573723733425 0.3704673480242491 0.03727705404162407 0.05708512291312218
