0 0.1732250340282917 0.46369900554418564 0.060997284948825836 0.1272580474615097
0 0.4589238651096821 0.8854693025350571 0.06128368526697159 0.22880825400352478
0 0.4514656066894531 0.5290706157684326 0.045819759368896484 0.19987988471984863
0 0.5565743204206228 0.5040351152420044 0.054444264620542526 0.187355637550354
0 0.3290714742615819 0.4111087806522846 0.020011210814118385 0.1133139505982399
0 0.18695251271128654 0.9612464718520641 0.06102868169546127 0.07711800187826157
0 0.5219744686037302 0.5188005343079567 0.036824751645326614 0.17327304184436798
0 0.39955897349864244 0.4989711344242096 0.028302455320954323 0.15154045820236206
0 0.2951579988002777 0.429959237575531 0.03389453887939453 0.12610667943954468
0 0.24091514572501183 0.43745680525898933 0.036072276532649994 0.08492813259363174
0 0.3701303843408823 0.4137881174683571 0.039951372891664505 0.10614831745624542
0 0.35111575201153755 0.54732646048069 0.057190753519535065 0.25598815083503723
0 0.2664146665483713 0.42462413012981415 0.036103058606386185 0.10963490605354309
0 0.33154313638806343 0.9252208843827248 0.10946772247552872 0.14955826103687286
