0 0.39693685807287693 0.5190557241439819 0.053629446774721146 0.16093283891677856
0 0.321176934055984 0.32558347657322884 0.023193811997771263 0.08600226789712906
0 0.445419704541564 0.6197398379445076 0.03855914995074272 0.1975342184305191
0 0.9672293774783611 0.44726045429706573 0.04116668552160263 0.1382240355014801
0 0.553070891648531 0.47597336769104004 0.03409085422754288 0.15082478523254395
0 0.38223246950656176 0.3306356929242611 0.023286843672394753 0.0940961167216301
0 0.2738554775714874 0.30176983773708344 0.030439376831054688 0.06960466504096985
0 0.4695389810949564 0.3100915029644966 0.02390604093670845 0.0690707117319107
0 0.4901738287881017 0.30026986077427864 0.02286210097372532 0.0685344710946083
0 0.5102648492902517 0.42118950933218 0.04079289361834526 0.1278296560049057
0 0.5133197717368603 0.5627499893307686 0.04535188525915146 0.20190252363681793
0 0.486413037404418 0.3897685445845127 0.030448149889707565 0.10396493226289749
0 0.06786112301051617 0.31290673837065697 0.021669548004865646 0.07313459366559982
0 0.09097588434815407 0.3233128562569618 0.031297557055950165 0.07351459562778473
0 0.11863186676055193 0.29396635107696056 0.019474411383271217 0.04289555177092552
0 0.13998617511242628 0.2929210886359215 0.02240762673318386 0.05210123956203461
0 0.0906157623976469 0.2928567063063383 0.027289938181638718 0.04469754919409752
0 0.5280467979609966 0.49906520172953606 0.04412045329809189 0.0952969416975975
0 0.5204236749559641 0.462335042655468 0.029842186719179153 0.08247189223766327
