0 0.36836729012429714 0.5860187038779259 0.0604824535548687 0.1991790384054184
0 0.480400949716568 0.6713266521692276 0.040436744689941406 0.20812204480171204
0 0.8915728088468313 0.450725719332695 0.04456682130694389 0.13408640027046204
0 0.2804814036935568 0.33739543706178665 0.02026994153857231 0.0739065557718277
0 0.3481682650744915 0.33626461029052734 0.03410901874303818 0.08743536472320557
0 0.5751029010862112 0.5631977915763855 0.034160565584897995 0.20203399658203125
0 0.4424871616065502 0.4192894883453846 0.04830469936132431 0.11504808813333511
0 0.5130568090826273 0.4778992235660553 0.04261140897870064 0.1252046823501587
0 0.23349481262266636 0.3083035834133625 0.027075935155153275 0.06746069341897964
0 0.9050879124552011 0.3691248930990696 0.03447561338543892 0.10421068221330643
0 0.442435372620821 0.31411414965987206 0.040172673761844635 0.07821487635374069
0 0.42451654095202684 0.3959389515221119 0.02756204642355442 0.07694718986749649
0 0.06403240747749805 0.3039539083838463 0.035141680389642715 0.0664517730474472
0 0.5402011033147573 0.6250365450978279 0.04313797876238823 0.16656900942325592
0 0.5426950096152723 0.5139879323542118 0.01549916248768568 0.07288623601198196
0 0.020113938488066196 0.33228042535483837 0.0364108644425869 0.057879384607076645
