0 0.14745556376874447 0.6957347318530083 0.05296881124377251 0.18509326875209808
0 0.219908207654953 0.5286636874079704 0.04418647289276123 0.12309430539608002
0 0.12438402697443962 0.6235657632350922 0.05408843606710434 0.1583433747291565
0 0.019876277074217796 0.7095459625124931 0.03975255414843559 0.13054250180721283
0 0.6394578693434596 0.5060583725571632 0.026382779702544212 0.1351485401391983
0 0.28228943422436714 0.49816517531871796 0.03567621856927872 0.10804638266563416
0 0.5217427853494883 0.5614063739776611 0.028228092938661575 0.13240814208984375
0 0.5600384827703238 0.5177332498133183 0.022028397768735886 0.10434413701295853
0 0.3365401867777109 0.44293635711073875 0.031208205968141556 0.08418803662061691
0 0.47229776345193386 0.5198427140712738 0.02320690080523491 0.12644809484481812
0 0.36883728485554457 0.41872397996485233 0.021529769524931908 0.048051197081804276
0 0.4887157678604126 0.446764312684536 0.024709463119506836 0.0638030618429184
0 0.5138120176270604 0.45506204292178154 0.013735437765717506 0.05731620639562607
0 0.5667060371488333 0.43934113159775734 0.016391228884458542 0.07237345725297928
0 0.47795128263533115 0.47512712702155113 0.02077798917889595 0.04469447582960129
