0 0.9801953677088022 0.4532204046845436 0.03941946104168892 0.1451701670885086
0 0.40350116416811943 0.5379327684640884 0.051091693341732025 0.19504818320274353
0 0.5578704588115215 0.46829479187726974 0.03241576999425888 0.1346127837896347
0 0.3282167613506317 0.32694245874881744 0.02369821071624756 0.0878739058971405
0 0.2841589152812958 0.3007614240050316 0.035254478454589844 0.06357227265834808
0 0.38810256123542786 0.32700520753860474 0.023204684257507324 0.09245902299880981
0 0.4406598564237356 0.5914158597588539 0.03646202012896538 0.17888052761554718
0 0.5086083058267832 0.5658370293676853 0.04588489606976509 0.11821950227022171
0 0.47709688544273376 0.3093470446765423 0.025515079498291016 0.06854280084371567
0 0.4979202328249812 0.2996158115565777 0.024477099999785423 0.07181265205144882
0 0.5245295763015747 0.39085154607892036 0.036731719970703125 0.08361367136240005
0 0.524394441395998 0.5089388862252235 0.033780671656131744 0.0805097371339798
0 0.4987101200968027 0.38190243765711784 0.031137753278017044 0.09194155782461166
0 0.1533949077129364 0.28740922547876835 0.022379040718078613 0.05591960623860359
0 0.07976023852825165 0.3133036233484745 0.02300935983657837 0.0688362792134285
0 0.10840483009815216 0.3258643075823784 0.021654248237609863 0.05024378001689911
0 0.12820001132786274 0.2976637799292803 0.021698225289583206 0.048393312841653824
