0 0.3794621769338846 0.5450304672122002 0.05581991747021675 0.16856257617473602
0 0.46562003530561924 0.663052074611187 0.03675251081585884 0.22126303613185883
0 0.9194605592638254 0.4392104968428612 0.0407135970890522 0.12975959479808807
0 0.2993151368573308 0.3305356204509735 0.018687749281525612 0.08482581377029419
0 0.36410039104521275 0.34051724150776863 0.029912997037172318 0.08323923498392105
0 0.25195234455168247 0.3041166588664055 0.02691834047436714 0.0637814849615097
0 0.5327310916036367 0.5542426109313965 0.04778642579913139 0.2688097357749939
0 0.47122400999069214 0.41027070209383965 0.042925357818603516 0.09932967275381088
0 0.44851616583764553 0.3134247586131096 0.020760010927915573 0.0728950947523117
0 0.4481890741735697 0.3948894217610359 0.028400707989931107 0.0826154500246048
0 0.9433611631393433 0.37249670922756195 0.029567241668701172 0.07220825552940369
0 0.4700563307851553 0.3151216357946396 0.027131032198667526 0.06026729941368103
0 0.5590018033981323 0.5105434060096741 0.0433504581451416 0.18697857856750488
0 0.042544109746813774 0.31744876876473427 0.0502098985016346 0.08039040118455887
0 0.05576043948531151 0.34249942749738693 0.025116711854934692 0.06096433103084564
0 0.08799725398421288 0.2940276898443699 0.039576850831508636 0.06080133467912674
0 0.07035739161074162 0.3186148926615715 0.058076608926057816 0.06535415351390839
0 0.9426782615482807 0.34547460824251175 0.031858064234256744 0.07155342400074005
