0 0.6464691646397114 0.5050777941942215 0.05179867893457413 0.16177597641944885
0 0.53627859801054 0.5321282744407654 0.09485821425914764 0.251662015914917
0 0.7037558797746897 0.41449645906686783 0.033397722989320755 0.1469067484140396
0 0.499744039028883 0.5235437005758286 0.06519975513219833 0.18652644753456116
0 0.5188226941972971 0.33123257383704185 0.023824501782655716 0.08245133608579636
0 0.4633334819227457 0.3384774923324585 0.019163180142641068 0.091278076171875
0 0.7285638805478811 0.42206262052059174 0.03337402269244194 0.1470067799091339
0 0.6325688008219004 0.32767341285943985 0.02942829206585884 0.06757821142673492
0 0.42802582401782274 0.30923033133149147 0.023650551214814186 0.07360441237688065
0 0.6133304834365845 0.31644589453935623 0.027632951736450195 0.09162254631519318
0 0.3928956389427185 0.279147045686841 0.019533157348632812 0.04651347175240517
0 0.36962978821247816 0.28009112924337387 0.012625908479094505 0.03725443780422211
0 0.48082998394966125 0.3110328298062086 0.015386343002319336 0.052831586450338364
0 0.28511418122798204 0.31083315052092075 0.02775564230978489 0.05561589077115059
0 0.39960505347698927 0.25524892285466194 0.010314440354704857 0.023324288427829742
0 0.30565863847732544 0.31214743480086327 0.023416876792907715 0.05991416424512863
0 0.34293149691075087 0.28948473557829857 0.018132423982024193 0.046039752662181854
