0 0.7604228742420673 0.554483950138092 0.06261906772851944 0.2174161672592163
0 0.5374516136944294 0.574224166572094 0.06632886081933975 0.2456815093755722
0 0.6051765084266663 0.5772000178694725 0.07461738586425781 0.23424766957759857
0 0.5825969455763698 0.3477838858962059 0.02177724801003933 0.09210310876369476
0 0.6815111637115479 0.33807121217250824 0.03406882286071777 0.09584507346153259
0 0.849901843816042 0.4662921354174614 0.0396028533577919 0.19613443315029144
0 0.6551383025944233 0.5124137252569199 0.04413352161645889 0.1554143726825714
0 0.7051245924085379 0.3445282317698002 0.032860469073057175 0.06720907241106033
0 0.5279946569353342 0.3620709106326103 0.02676420286297798 0.10021434724330902
0 0.8197099324315786 0.46119214594364166 0.04030461236834526 0.16694018244743347
0 0.4690382359549403 0.2983693089336157 0.01623854599893093 0.04613117501139641
0 0.5052840001881123 0.32970893755555153 0.031362392008304596 0.0783047154545784
0 0.38369667530059814 0.31631147116422653 0.04439377784729004 0.07298193871974945
0 0.5582050918601453 0.3177825789898634 0.015223073773086071 0.05673306807875633
0 0.43888118863105774 0.2954846881330013 0.020034074783325195 0.06527131050825119
0 0.5007699308916926 0.2869263309985399 0.021039819344878197 0.046170953661203384
0 0.8418704271316528 0.40105459094047546 0.041853904724121094 0.06460511684417725
0 0.4758033035323024 0.26869732793420553 0.013656949624419212 0.02544010989367962
0 0.41938559990376234 0.2992064878344536 0.030143117532134056 0.06936340034008026
0 0.3964138384908438 0.3110882118344307 0.03923935815691948 0.0656244307756424
