0 0.6630602963268757 0.77130988240242 0.10494313389062881 0.2536007761955261
0 0.8716311231255531 0.7282509803771973 0.09182091057300568 0.21333754062652588
0 0.50456184707582 0.6188920736312866 0.057939719408750534 0.1592109203338623
0 0.6228319760411978 0.53777976334095 0.04575009271502495 0.11562749743461609
0 0.19353852234780788 0.4219689518213272 0.038025569170713425 0.08862224221229553
0 0.5620315559208393 0.45437197387218475 0.044953204691410065 0.09632763266563416
0 0.4498794674873352 0.4985755980014801 0.05566596984863281 0.09874343872070312
0 0.32224065624177456 0.4404471889138222 0.0371294729411602 0.09049691259860992
0 0.4491560570895672 0.4424949511885643 0.03378310054540634 0.06434474885463715
0 0.24863382056355476 0.41433826833963394 0.03208360821008682 0.05736435949802399
0 0.38016980327665806 0.4448140226304531 0.05847065523266792 0.09516673535108566
0 0.6060751201584935 0.42765748873353004 0.019200468435883522 0.056913502514362335
0 0.5737570524215698 0.4112701676785946 0.03735065460205078 0.0674126073718071
0 0.3551568202674389 0.42665696889162064 0.03369464725255966 0.09391267597675323
0 0.9899218920618296 0.700955118983984 0.020156193524599075 0.07216792553663254
0 0.5624950882047415 0.4215831272304058 0.04445905610918999 0.044293127954006195
