0 0.37328305281698704 0.6885751932859421 0.05022256448864937 0.22049352526664734
0 0.0605468712747097 0.6046511083841324 0.07502330839633942 0.20221367478370667
0 0.21155689284205437 0.7706113308668137 0.06878926604986191 0.32346293330192566
0 0.45438139513134956 0.6488419026136398 0.04644332081079483 0.24350175261497498
0 0.28208697959780693 0.6459819301962852 0.04690959304571152 0.23939459025859833
0 0.26272893510758877 0.5023200064897537 0.05442078039050102 0.13657209277153015
0 0.32929244078695774 0.6455784142017365 0.039980459958314896 0.22577959299087524
0 0.13391856104135513 0.5389604195952415 0.04240548610687256 0.14556358754634857
0 0.4237512946128845 0.6611528620123863 0.031853675842285156 0.22154752910137177
0 0.20833100751042366 0.5408857092261314 0.044730640947818756 0.15247248113155365
0 0.16369851864874363 0.5406360998749733 0.028066862374544144 0.09495891630649567
0 0.19518238864839077 0.5087747387588024 0.03638441488146782 0.05350782722234726
0 0.1721750684082508 0.5272014439105988 0.03993234783411026 0.08138304948806763
0 0.1697425190359354 0.47797916643321514 0.015912819653749466 0.04700609669089317
0 0.20636368729174137 0.46817868761718273 0.019893337041139603 0.047167714685201645
