0 0.9585059061646461 0.6985484063625336 0.06743736565113068 0.3194062113761902
0 0.7283501252532005 0.9136849865317345 0.0675390213727951 0.171955868601799
0 0.28166841715574265 0.8889145255088806 0.07044561207294464 0.2209097146987915
0 0.5049914475530386 0.8357732594013214 0.06207270547747612 0.3284534811973572
0 0.2119384966790676 0.4288347475230694 0.05378767102956772 0.12269821017980576
0 0.9832078572362661 0.42614230141043663 0.03358430787920952 0.11074566096067429
0 0.3572948928922415 0.3771071210503578 0.020716380327939987 0.09617669880390167
0 0.3860555700957775 0.4904901683330536 0.04368581622838974 0.2215166687965393
0 0.4743995666503906 0.4678153693675995 0.03868675231933594 0.15244144201278687
0 0.41970546171069145 0.8686385005712509 0.08318593353033066 0.2623400390148163
0 0.2705674357712269 0.404972817748785 0.03474018722772598 0.08420711010694504
0 0.41934452671557665 0.44207393378019333 0.029605770483613014 0.10565070807933807
0 0.5540968291461468 0.4733979403972626 0.03492774814367294 0.17382138967514038
0 0.3996561048552394 0.3721395172178745 0.03082296811044216 0.08284098654985428
0 0.3810701612383127 0.8623979091644287 0.06053965166211128 0.2720381021499634
0 0.31770457699894905 0.38667991012334824 0.03869674354791641 0.11541061103343964
0 0.5778627041727304 0.4602963849902153 0.04420976713299751 0.16355930268764496
0 0.2923099398612976 0.3880459703505039 0.02725529670715332 0.11169100552797318
0 0.5568620208650827 0.4104426633566618 0.03295402601361275 0.06131502613425255
