0 0.5439899936318398 0.6445374488830566 0.08081741631031036 0.18081212043762207
0 0.893836747854948 0.7354088723659515 0.09086217731237411 0.2156190276145935
0 0.6980390548706055 0.7401581555604935 0.09503722190856934 0.19725719094276428
0 0.6359772328287363 0.5524512082338333 0.05132179334759712 0.12854114174842834
0 0.4001543577760458 0.4558985009789467 0.05713291093707085 0.10912509262561798
0 0.4719898756593466 0.4947701059281826 0.05313272401690483 0.10968928784132004
0 0.9860297916457057 0.7086915597319603 0.027936076745390892 0.12704472243785858
0 0.2658862266689539 0.4256695583462715 0.03668968752026558 0.07957763969898224
0 0.36719435453414917 0.4448854923248291 0.03679013252258301 0.10787451267242432
0 0.21258695051074028 0.4291580393910408 0.03912576287984848 0.08275057375431061
0 0.33117721043527126 0.43936775624752045 0.03173096105456352 0.09180942177772522
0 0.5643763300031424 0.4466753341257572 0.04220719262957573 0.0758071020245552
0 0.5999795915558934 0.4304000213742256 0.017447615042328835 0.04238022863864899
0 0.45874098502099514 0.4459390789270401 0.034609269350767136 0.07678905129432678
0 0.571157693862915 0.4140480160713196 0.05027198791503906 0.05806189775466919
