0 0.021478233858942986 0.673901479691267 0.04295646771788597 0.11886664479970932
0 0.1545087043195963 0.6873965561389923 0.055584121495485306 0.179523766040802
0 0.6097668651491404 0.5153367593884468 0.02764158323407173 0.13296182453632355
0 0.26282551884651184 0.49665697664022446 0.03239107131958008 0.09437094628810883
0 0.20267130061984062 0.5387588441371918 0.038490258157253265 0.12103652954101562
0 0.12874489091336727 0.6032038033008575 0.04911084100604057 0.14513736963272095
0 0.47536874935030937 0.5814947485923767 0.03637685626745224 0.14150238037109375
0 0.5301091196015477 0.525275431573391 0.02313675917685032 0.11302761733531952
0 0.3043575584888458 0.4632526598870754 0.024626970291137695 0.06302189081907272
0 0.46969124116003513 0.4706013798713684 0.030757952481508255 0.08288443088531494
0 0.3328442331403494 0.4376750569790602 0.02290947362780571 0.060890790075063705
0 0.501616895198822 0.4651028886437416 0.020389556884765625 0.07734645903110504
0 0.4518203614279628 0.5476004518568516 0.025916671380400658 0.09780514985322952
0 0.5407662149518728 0.45927274599671364 0.02456660196185112 0.06776440888643265
0 0.5377278923988342 0.4752709586173296 0.02665853500366211 0.05020052567124367
0 0.4643488824367523 0.5466416627168655 0.03598499298095703 0.10877719521522522
