0 0.8090281970798969 0.777971476316452 0.12115869671106339 0.24449056386947632
0 0.6188982501626015 0.64419736713171 0.07001824676990509 0.14777199923992157
0 0.49726032093167305 0.5044365152716637 0.06612024456262589 0.16202448308467865
0 0.09333270415663719 0.5036384463310242 0.052362821996212006 0.12062615156173706
0 0.9225978851318359 0.7659280002117157 0.09660148620605469 0.2146252989768982
0 0.6530396826565266 0.5759388953447342 0.04733143001794815 0.13622525334358215
0 0.2473130077123642 0.4433719366788864 0.03519165515899658 0.08876881003379822
0 0.9689820520579815 0.7019121795892715 0.0620359405875206 0.12410905957221985
0 0.012533145025372505 0.6357960999011993 0.02506629005074501 0.09042137861251831
0 0.3065693564713001 0.4367826543748379 0.03974483162164688 0.06615405529737473
0 0.35865733586251736 0.45638222247362137 0.03350193426012993 0.0822235494852066
0 0.03575802035629749 0.4869876503944397 0.04247763752937317 0.08765542507171631
0 0.42857214249670506 0.45397115126252174 0.04412226751446724 0.09677226096391678
0 0.3923201151192188 0.4518051743507385 0.042258717119693756 0.09187889099121094
0 0.5646820552647114 0.47297909297049046 0.032422877848148346 0.050604332238435745
0 0.5598530061542988 0.4292955622076988 0.03376302868127823 0.05792151391506195
0 0.5382934808731079 0.43960241600871086 0.025323867797851562 0.061703406274318695
0 0.5350635051727295 0.4228644520044327 0.028574228286743164 0.0704633891582489
