0 0.10692891106009483 0.8451959192752838 0.08544503897428513 0.3064207434654236
0 0.35180712305009365 0.7298500761389732 0.050587248057127 0.2483336180448532
0 0.18939504958689213 0.5923489183187485 0.035883475095033646 0.14562615752220154
0 0.16156604886054993 0.5745581462979317 0.033319056034088135 0.12496651709079742
0 0.3036620505154133 0.7604336813092232 0.048017121851444244 0.21261312067508698
0 0.03996926825493574 0.6376352980732918 0.061205826699733734 0.17108120024204254
0 0.2286801114678383 0.6914076805114746 0.07351650297641754 0.16327226161956787
0 0.22663180902600288 0.8536399304866791 0.06784573942422867 0.2897234559059143
0 0.08660080656409264 0.6909793093800545 0.05067179352045059 0.2039199024438858
0 0.09255584143102169 0.569972712546587 0.03616751357913017 0.056971825659275055
0 0.2561144307255745 0.729739710688591 0.07750864326953888 0.2506938874721527
