0 0.8062484972178936 0.6902430355548859 0.06325902789831161 0.3259609341621399
0 0.48461781069636345 0.6650928258895874 0.07233705371618271 0.31129026412963867
0 0.584733784198761 0.6749464720487595 0.09035253524780273 0.3079220950603485
0 0.8589027281850576 0.5229283794760704 0.041582297533750534 0.20879457890987396
0 0.8985798601061106 0.5299800261855125 0.04582862928509712 0.21986596286296844
0 0.5691024661064148 0.3648771904408932 0.031239748001098633 0.11348526924848557
0 0.36533671617507935 0.3396320752799511 0.032533884048461914 0.08292140811681747
0 0.6691662911325693 0.37030797079205513 0.028677988797426224 0.11118093878030777
0 0.6440567374229431 0.5894342362880707 0.04882192611694336 0.2383289337158203
0 0.5195173621177673 0.39949479699134827 0.03639554977416992 0.1301456093788147
0 0.6918824203312397 0.36310258135199547 0.03476247936487198 0.10936402529478073
0 0.46980999130755663 0.3074590936303139 0.01676192320883274 0.06808848679065704
0 0.5090660098940134 0.29990414902567863 0.028638172894716263 0.06048937886953354
0 0.43742925487458706 0.3173597417771816 0.024755429476499557 0.07072465866804123
0 0.4993612580001354 0.3671111576259136 0.03477778285741806 0.08575447648763657
0 0.40272644720971584 0.33401941508054733 0.03451044484972954 0.0781664103269577
0 0.4244807902723551 0.3259766772389412 0.028100062161684036 0.059671297669410706
0 0.5231056455522776 0.34911249577999115 0.02773599699139595 0.07016804814338684
