0 0.4659857638180256 0.6600617989897728 0.060468293726444244 0.20465342700481415
0 0.3001091293990612 0.6257584318518639 0.04273106902837753 0.1984209269285202
0 0.15217848680913448 0.4188709408044815 0.04398883506655693 0.10640957951545715
0 0.7457732446491718 0.8505031913518906 0.10679636150598526 0.29875585436820984
0 0.8143855333328247 0.8566872477531433 0.09496164321899414 0.28559553623199463
0 0.6268075816333294 0.918152391910553 0.0729450210928917 0.16314756870269775
0 0.691733468323946 0.3680870607495308 0.03635606914758682 0.09585441648960114
0 0.6395955793559551 0.3758050911128521 0.03634919971227646 0.07836445420980453
0 0.24982867762446404 0.5028055757284164 0.03463532775640488 0.14541777968406677
0 0.5833086129277945 0.4676966033875942 0.03007335588335991 0.10562824457883835
0 0.10673888772726059 0.3690656628459692 0.03643965721130371 0.06005482003092766
0 0.06490451283752918 0.37741024792194366 0.0369633249938488 0.0861598551273346
0 0.5761527894064784 0.4002988785505295 0.027629708871245384 0.096059650182724
0 0.21308071352541447 0.38268784433603287 0.027684736996889114 0.06820644438266754
0 0.2484192494302988 0.4449987895786762 0.04292481020092964 0.10029695183038712
0 0.2582726664841175 0.3649826943874359 0.03679857403039932 0.07444822788238525
0 0.27621931955218315 0.416434109210968 0.033809445798397064 0.05764198303222656
