0 0.02730264887213707 0.6355277597904205 0.05460529774427414 0.1420024037361145
0 0.31870318576693535 0.7831304222345352 0.05425729602575302 0.2741558849811554
0 0.25707326270639896 0.7032775953412056 0.05404787138104439 0.248473659157753
0 0.3725897017866373 0.7128777503967285 0.03902583196759224 0.21277296543121338
0 0.14253033697605133 0.8350179642438889 0.06391799449920654 0.3288078010082245
0 0.2300429828464985 0.5443360731005669 0.06605271250009537 0.13744781911373138
0 0.4071908239275217 0.6828583255410194 0.04151122644543648 0.23497886955738068
0 0.16443260945379734 0.5898453071713448 0.04464064911007881 0.16930295526981354
0 0.09268110431730747 0.5983959026634693 0.04438503459095955 0.11656371504068375
0 0.1497486587613821 0.5629476681351662 0.03607548400759697 0.07823176681995392
0 0.1274601574987173 0.5940244160592556 0.03567333146929741 0.11481272429227829
0 0.1557428240776062 0.5035622082650661 0.01729804277420044 0.05200975388288498
0 0.2869491931051016 0.721052847802639 0.03782017156481743 0.10759620368480682
0 0.3058128533884883 0.6013370640575886 0.02859470807015896 0.06440827995538712
0 0.12845092546194792 0.5173987336456776 0.019921934232115746 0.05026749521493912
