0 0.844017505645752 0.7535607889294624 0.0933685302734375 0.22869063913822174
0 0.6641845703125 0.6664558798074722 0.08102273941040039 0.17484596371650696
0 0.14818196557462215 0.5158272832632065 0.04571486636996269 0.12446615099906921
0 0.9368313550949097 0.7756631001830101 0.09990930557250977 0.22287563979625702
0 0.2653103731572628 0.45645392686128616 0.046425603330135345 0.07551278173923492
0 0.4943892899900675 0.5092859044671059 0.04653625562787056 0.08803482353687286
0 0.1052782665938139 0.5120308697223663 0.05164794251322746 0.09921705722808838
0 0.6550634391605854 0.5747147239744663 0.056404925882816315 0.11508823186159134
0 0.9561210051178932 0.702075406908989 0.08592481911182404 0.15068063139915466
0 0.5310474745929241 0.46060026064515114 0.04143943637609482 0.08968205004930496
0 0.010862373925760949 0.5729033090174198 0.021723316982388496 0.07839948683977127
0 0.08081166818737984 0.6450405791401863 0.05511009693145752 0.1756535917520523
0 0.03359421342611313 0.5939157530665398 0.042084623128175735 0.18985091149806976
0 0.3651513997465372 0.46626321971416473 0.03504018858075142 0.09536281228065491
0 0.328911691904068 0.4464624412357807 0.03140974044799805 0.0730663314461708
0 0.4257099088281393 0.47610800713300705 0.043593596667051315 0.11093465983867645
0 0.39667682722210884 0.4776107892394066 0.03763554245233536 0.10412411391735077
0 0.49801174364984035 0.4519054628908634 0.02526874467730522 0.06290227919816971
0 0.4556320132687688 0.48311058059334755 0.020644569769501686 0.05399716645479202
0 0.05099751241505146 0.5679306201636791 0.0445575937628746 0.09404631704092026
0 0.5058783181011677 0.4399196784943342 0.033713676035404205 0.05516683682799339
0 0.9191923625767231 0.6726230792701244 0.06917772442102432 0.09004148095846176
0 0.5221519824117422 0.4390537776052952 0.03255505487322807 0.05021680146455765
0 0.37867147848010063 0.47019097208976746 0.04274704307317734 0.09473609924316406
