0 0.14186278730630875 0.6634966656565666 0.052965402603149414 0.18573163449764252
0 0.9035027623176575 0.736474983394146 0.09665584564208984 0.2235855907201767
0 0.9569140449166298 0.7364670783281326 0.0861637145280838 0.18200424313545227
0 0.7362731453031301 0.5780347511172295 0.05480499193072319 0.11416791379451752
0 0.740616250783205 0.6552719473838806 0.05714426189661026 0.15711712837219238
0 0.2578518334776163 0.6262499690055847 0.03957705572247505 0.1645030975341797
0 0.5590105652809143 0.47017766907811165 0.049161434173583984 0.08901146799325943
0 0.15607607923448086 0.5870856195688248 0.030567716807127 0.13847783207893372
0 0.9709612615406513 0.6720671691000462 0.058077432215213776 0.11956358700990677
0 0.2093560192734003 0.5812947526574135 0.05158739164471626 0.19265379011631012
0 0.5337382443249226 0.5130999237298965 0.03915581852197647 0.09688398241996765
0 0.4711294360458851 0.5041804984211922 0.05109582096338272 0.08458544313907623
0 0.38333537615835667 0.44506676867604256 0.034881044179201126 0.0660085454583168
0 0.3077530860900879 0.5525599308311939 0.0324406623840332 0.09101740270853043
0 0.5207491274923086 0.4404474049806595 0.030156563967466354 0.10356631875038147
0 0.27531454525887966 0.528971791267395 0.030654024332761765 0.07227766513824463
0 0.4293036637827754 0.4922034367918968 0.023761605843901634 0.10691045224666595
0 0.4174207095056772 0.4443793036043644 0.026402760297060013 0.059830136597156525
0 0.4511841647326946 0.4903716407716274 0.0365535244345665 0.1077263280749321
0 0.3005122719332576 0.4845272582024336 0.01249847374856472 0.041127439588308334
