0 0.3876907527446747 0.553059957921505 0.054201483726501465 0.19211243093013763
0 0.9385305158793926 0.45585300773382187 0.039544008672237396 0.1461837738752365
0 0.9684971086680889 0.3713247627019882 0.033394716680049896 0.1087581217288971
0 0.45548623241484165 0.6198825240135193 0.03955035284161568 0.18125975131988525
0 0.3705392060801387 0.3266748823225498 0.02950570546090603 0.07589251548051834
0 0.307597148232162 0.3284265138208866 0.01952657662332058 0.08262068778276443
0 0.0451373141258955 0.3160318210721016 0.020313706248998642 0.07541389763355255
0 0.5375963449478149 0.5808156654238701 0.06867074966430664 0.22243867814540863
0 0.47991005703806877 0.39678584411740303 0.05511011928319931 0.09888038784265518
0 0.46796978637576103 0.30802470818161964 0.04240288585424423 0.07461715489625931
0 0.5467840321362019 0.5065183714032173 0.05565819889307022 0.21028806269168854
0 0.11396786849945784 0.29205273650586605 0.022259032353758812 0.060031574219465256
0 0.07054568361490965 0.3251681737601757 0.028824632987380028 0.084314726293087
0 0.464840030297637 0.38283009082078934 0.031881045550107956 0.08536840975284576
0 0.0971616767346859 0.29343445412814617 0.0357830747961998 0.06217297539114952
0 0.2624135371297598 0.30062633007764816 0.031194042414426804 0.0657537430524826
0 0.06403264869004488 0.2892563473433256 0.01836499013006687 0.04967191442847252
0 0.070374870672822 0.2952435929328203 0.026500534266233444 0.045572999864816666
