0 0.44015530310571194 0.9225013107061386 0.05549187585711479 0.1539982259273529
0 0.14701019786298275 0.48085661232471466 0.062402497977018356 0.12653109431266785
0 0.4340684525668621 0.553757518529892 0.051665209233760834 0.20043063163757324
0 0.3174922578036785 0.6012858971953392 0.048874758183956146 0.23050282895565033
0 0.5033265706151724 0.5479758083820343 0.03825802728533745 0.17659306526184082
0 0.3828971264883876 0.5243918299674988 0.02828392945230007 0.15976405143737793
0 0.3104166444391012 0.4306660629808903 0.022232364863157272 0.1207587793469429
0 0.22986264526844025 0.46180158481001854 0.06058502197265625 0.0997459813952446
0 0.2765373233705759 0.45463624596595764 0.04002730920910835 0.10761010646820068
0 0.3527947962284088 0.44609520211815834 0.030599117279052734 0.08718783408403397
0 0.33376680593937635 0.4103238061070442 0.021254872903227806 0.04332055151462555
0 0.3261551018804312 0.44883808866143227 0.04823870584368706 0.08554501086473465
0 0.5340322144329548 0.5611917451024055 0.04234347492456436 0.14299006760120392
0 0.34596062265336514 0.5319669842720032 0.03418464586138725 0.08641594648361206
0 0.26180813275277615 0.4428427591919899 0.0409051887691021 0.08322639763355255
0 0.28542342176660895 0.4108582641929388 0.014955091290175915 0.04791704937815666
0 0.5102549437433481 0.4756014794111252 0.04421739652752876 0.08928701281547546
