0 0.34198540449142456 0.6450221240520477 0.06835007667541504 0.2501446604728699
0 0.5149739030748606 0.7397730201482773 0.04516463354229927 0.23607322573661804
0 0.4656411297619343 0.49019186943769455 0.04544816166162491 0.1331333965063095
0 0.5482620112597942 0.6140211671590805 0.04890694469213486 0.2415226399898529
0 0.8415966033935547 0.4517483003437519 0.040843963623046875 0.09519759565591812
0 0.8359048254787922 0.35818367451429367 0.034850217401981354 0.08336453139781952
0 0.5900746341794729 0.5955986753106117 0.04275698587298393 0.21396149694919586
0 0.39277120865881443 0.43560680747032166 0.047765303403139114 0.11898642778396606
0 0.4112074915319681 0.3194429576396942 0.02404611185193062 0.07379150390625
0 0.9757184386253357 0.36916274204850197 0.0392451286315918 0.08313734084367752
0 0.9420109037309885 0.3771546706557274 0.034270573407411575 0.10485850274562836
0 0.24261263944208622 0.3380597122013569 0.02292316034436226 0.087682344019413
0 0.19624817930161953 0.3189605288207531 0.03649533912539482 0.07242497056722641
0 0.30817549861967564 0.3506336063146591 0.024423766881227493 0.083994060754776
0 0.01662680320441723 0.31473175436258316 0.03325360640883446 0.06880469620227814
0 0.38904337864369154 0.3180132657289505 0.017564868554472923 0.07052913308143616
0 0.3723018169403076 0.3998600021004677 0.03016650676727295 0.1019209772348404
0 0.3202207386493683 0.3412335216999054 0.020270466804504395 0.07110565900802612
0 0.23524246830493212 0.3134889770299196 0.0129332784563303 0.03708956018090248
