0 0.6488628387451172 0.6731161624193192 0.08760738372802734 0.1901039183139801
0 0.8316627852618694 0.7600026652216911 0.10677828639745712 0.23337160050868988
0 0.039360395676339976 0.6235687807202339 0.07859698683023453 0.2085358053445816
0 0.9661494009196758 0.7034054845571518 0.06770124286413193 0.14534136652946472
0 0.9385828748345375 0.753702312707901 0.10369129478931427 0.19059091806411743
0 0.13214217126369476 0.5103661194443703 0.05441552400588989 0.11348016560077667
0 0.07326463237404823 0.4904707297682762 0.05003020912408829 0.09454159438610077
0 0.6577622182667255 0.5651229470968246 0.05017862468957901 0.10554906725883484
0 0.26220355555415154 0.4463183581829071 0.04899277538061142 0.091766357421875
0 0.40100174583494663 0.47368984669446945 0.04382770135998726 0.10679630935192108
0 0.4352191090583801 0.47267837822437286 0.04630136489868164 0.11147138476371765
0 0.5031909700483084 0.5123915039002895 0.04868884012103081 0.09369587153196335
0 0.32439026795327663 0.4461894929409027 0.04112203046679497 0.08591681718826294
0 0.367013406008482 0.45903465524315834 0.03536691516637802 0.08637721091508865
0 0.5484433881938457 0.4511715956032276 0.042461298406124115 0.08419481664896011
0 0.5198230501264334 0.451730253174901 0.021200846880674362 0.05199885740876198
0 0.4782560709863901 0.48218827322125435 0.029648829251527786 0.05562875419855118
0 0.2826638938859105 0.44600711576640606 0.013138318434357643 0.0197313092648983
0 0.5116199254989624 0.41431097127497196 0.013063907623291016 0.030694622546434402
