0 0.8735071420669556 0.7077988535165787 0.07325267791748047 0.19847789406776428
0 0.731611181050539 0.6521514728665352 0.05474839359521866 0.16434241831302643
0 0.0569699015468359 0.5562327206134796 0.03846720978617668 0.12927204370498657
0 0.7624780293554068 0.5776682272553444 0.058449696749448776 0.10131509602069855
0 0.5870261676609516 0.47319871187210083 0.03242383152246475 0.09698516130447388
0 0.9524261839687824 0.6682908982038498 0.08923635631799698 0.16022643446922302
0 0.94518668577075 0.72921272367239 0.0862206444144249 0.2044462412595749
0 0.24591893330216408 0.618603527545929 0.07118842750787735 0.18040716648101807
0 0.5437809824943542 0.5254884213209152 0.027735233306884766 0.06592157483100891
0 0.31737974286079407 0.6462456285953522 0.037364840507507324 0.11224013566970825
0 0.26279580034315586 0.5927733555436134 0.05271940305829048 0.19735921919345856
0 0.42483070492744446 0.45545022934675217 0.03901791572570801 0.07576887309551239
0 0.3338858187198639 0.5289918929338455 0.02235567569732666 0.11203363537788391
0 0.5081406719982624 0.48480910062789917 0.03625974804162979 0.08701002597808838
0 0.4836054500192404 0.4979502633213997 0.03906197473406792 0.10515780746936798
0 0.3116627875715494 0.5285779014229774 0.02907853201031685 0.12320102751255035
0 0.5126339616253972 0.5062799006700516 0.028957510367035866 0.07310345768928528
0 0.5486817248165607 0.4647335410118103 0.03274212032556534 0.065513014793396
0 0.46174638252705336 0.5088120475411415 0.03009018860757351 0.07232178747653961
0 0.5318534728139639 0.4335996713489294 0.016244124621152878 0.03741488978266716
0 0.4616005066782236 0.45956877060234547 0.027380753308534622 0.04378801956772804
0 0.0045914193615317345 0.5926269330084324 0.009182838723063469 0.05238736420869827
