0 0.3558705262839794 0.587340272963047 0.06544115394353867 0.1982067972421646
0 0.4943672604858875 0.7350772619247437 0.04302654415369034 0.26972055435180664
0 0.9841086864471436 0.37916096672415733 0.03178262710571289 0.11131369322538376
0 0.4959977511316538 0.49749456346035004 0.04499201849102974 0.13897112011909485
0 0.542832363396883 0.5937762260437012 0.04448423534631729 0.22352451086044312
0 0.5786339156329632 0.5493710115551949 0.035111092031002045 0.17538638412952423
0 0.8778154738247395 0.35099824517965317 0.034478284418582916 0.07798705995082855
0 0.42249466106295586 0.44097233563661575 0.048777006566524506 0.14068718254566193
0 0.8702364210039377 0.4401431903243065 0.040955353528261185 0.10523901879787445
0 0.26627752743661404 0.3347807861864567 0.021284770220518112 0.08547193557024002
0 0.41575940884649754 0.3156335987150669 0.020761538296937943 0.06447673588991165
0 0.21780621632933617 0.31424247846007347 0.03197445720434189 0.06618648022413254
0 0.43609477300196886 0.3234153315424919 0.01942458190023899 0.06713996827602386
0 0.043028466403484344 0.30608490481972694 0.039607174694538116 0.06942219287157059
0 0.32846138440072536 0.3499000445008278 0.022263716906309128 0.07502169907093048
0 0.40610787831246853 0.3803749792277813 0.03340954706072807 0.07971891015768051
0 0.4037488754838705 0.4108937345445156 0.029457401484251022 0.10319065302610397
0 0.01232226422871463 0.3100169934332371 0.024358663707971573 0.06248421221971512
0 0.007862156257033348 0.3557671867311001 0.015724312514066696 0.059000544250011444
0 0.3421884421259165 0.3287411592900753 0.01643209531903267 0.0667533203959465
0 0.4272570312023163 0.2864360576495528 0.011399030685424805 0.030455483123660088
0 0.41573123913258314 0.3446266818791628 0.02069387398660183 0.04839793220162392
0 0.40817052125930786 0.35720328241586685 0.03306996822357178 0.06014688313007355
0 0.341427999548614 0.34339937940239906 0.022458886727690697 0.06796688586473465
