0 0.45410119369626045 0.57949598133564 0.0422268882393837 0.13554230332374573
0 0.19512255117297173 0.5772005170583725 0.05293377488851547 0.13331684470176697
0 0.12827556766569614 0.6874922588467598 0.06008349731564522 0.17664732038974762
0 0.3103693723678589 0.7009472623467445 0.05949842929840088 0.17386551201343536
0 0.3872539345175028 0.6022733077406883 0.055905748158693314 0.14134423434734344
0 0.2768240459263325 0.49280133843421936 0.0316757932305336 0.07818353176116943
0 0.10423243045806885 0.575068075209856 0.05202952027320862 0.09376970678567886
0 0.2457605991512537 0.5040503032505512 0.026439119130373 0.0760599747300148
0 0.11633757874369621 0.6164347007870674 0.07227431982755661 0.1278078705072403
0 0.31473630107939243 0.611563179641962 0.049326349049806595 0.10412508994340897
0 0.34160125255584717 0.5377881750464439 0.043160200119018555 0.07253269851207733
0 0.2459380328655243 0.5396974161267281 0.0273054838180542 0.08138711750507355
0 0.38071064930409193 0.5481166429817677 0.02620241604745388 0.05611351877450943
0 0.39214099664241076 0.5104126837104559 0.015316391363739967 0.035984378308057785
0 0.12992631271481514 0.5640513114631176 0.04363367706537247 0.07007094472646713
