0 0.8083139769732952 0.6709259450435638 0.05706038326025009 0.31147366762161255
0 0.8615251071751118 0.5166909694671631 0.03978452831506729 0.1988559365272522
0 0.49947668239474297 0.6462966799736023 0.07294192165136337 0.2921665906906128
0 0.9013440255075693 0.5190221965312958 0.0445125587284565 0.21830910444259644
0 0.5971235148608685 0.655231162905693 0.08291759341955185 0.30343136191368103
0 0.7013078927993774 0.3608187958598137 0.03478384017944336 0.11771754920482635
0 0.5776745323091745 0.3591313026845455 0.03147630766034126 0.11492203921079636
0 0.6554111950099468 0.5782192200422287 0.051999710500240326 0.22453418374061584
0 0.3731970191001892 0.3361133672297001 0.03186309337615967 0.08350283652544022
0 0.6759183164685965 0.3646458797156811 0.02726287767291069 0.11395653337240219
0 0.5291717164218426 0.3883034512400627 0.03465452045202255 0.10900788009166718
0 0.47922028321772814 0.3061249442398548 0.017248058691620827 0.06567762047052383
0 0.5110104568302631 0.3603653833270073 0.04014787822961807 0.07742731273174286
0 0.4461309788748622 0.3167250379920006 0.025950049981474876 0.06942062079906464
0 0.5171255115419626 0.2958787027746439 0.027120400220155716 0.060697365552186966
0 0.4069096986204386 0.33014387637376785 0.02909116819500923 0.08772553503513336
0 0.42557031475007534 0.3195153884589672 0.02395911142230034 0.0796099528670311
0 0.5155952451750636 0.31309548392891884 0.024648046121001244 0.05187971144914627
0 0.5211789133027196 0.33124970458447933 0.028475428000092506 0.05416904017329216
