0 0.804718017578125 0.6931130439043045 0.06414127349853516 0.32539859414100647
0 0.47061939910054207 0.687869980931282 0.08163700252771378 0.32411614060401917
0 0.8581484667956829 0.5307088047266006 0.04370536655187607 0.2103988230228424
0 0.5812103748321533 0.6987066715955734 0.08983373641967773 0.3424313962459564
0 0.8992730379104614 0.5469413623213768 0.04271745681762695 0.236938938498497
0 0.5638888478279114 0.3699667453765869 0.031020164489746094 0.11596429347991943
0 0.6395165920257568 0.5814707204699516 0.0442812442779541 0.19993112981319427
0 0.3524728063493967 0.34207918494939804 0.04697065427899361 0.0853799432516098
0 0.46316206455230713 0.3110821433365345 0.016093015670776367 0.07106456905603409
0 0.5130275841802359 0.39834068715572357 0.03747696802020073 0.12614551186561584
0 0.6608790401369333 0.37151090055704117 0.02748255804181099 0.11342521011829376
0 0.6859200485050678 0.3799417056143284 0.033405400812625885 0.10824722796678543
0 0.3941099885851145 0.3354075774550438 0.03701751306653023 0.09396593272686005
0 0.4289773404598236 0.3193165585398674 0.027585506439208984 0.07427792251110077
0 0.6755179762840271 0.3261182550340891 0.015263080596923828 0.036702919751405716
0 0.4892124952748418 0.3725067637860775 0.02994217909872532 0.08032464236021042
0 0.5051123322919011 0.3043884411454201 0.028968477621674538 0.06479223072528839
0 0.5049219783395529 0.33896826207637787 0.029979657381772995 0.06332603096961975
0 0.4128043409436941 0.32476386800408363 0.034351300448179245 0.08298660069704056
0 0.515949010848999 0.346846628934145 0.029610633850097656 0.06908217817544937
