0 0.5684549566358328 0.4748879373073578 0.03213376924395561 0.14814257621765137
0 0.4975983500480652 0.5444659441709518 0.04713797569274902 0.19825592637062073
0 0.40229920763522387 0.32739320024847984 0.027602100744843483 0.08595173805952072
0 0.345109892077744 0.326224222779274 0.024607205763459206 0.08665260672569275
0 0.3005798105150461 0.29907291382551193 0.02850167825818062 0.06695304811000824
0 0.415739756077528 0.5008726194500923 0.05090954154729843 0.15219594538211823
0 0.5185904745012522 0.3117680083960295 0.024678517132997513 0.054751839488744736
0 0.49324437975883484 0.30999742075800896 0.02110600471496582 0.07075127214193344
0 0.4330288711935282 0.5841004103422165 0.03812842443585396 0.17882618308067322
0 0.10726209916174412 0.3086438849568367 0.019633430987596512 0.07396121323108673
0 0.5268149375915527 0.37706419080495834 0.028879642486572266 0.09433941543102264
0 0.5534854047000408 0.412337988615036 0.03667273372411728 0.12791544198989868
0 0.1816274467855692 0.2812048774212599 0.016276169568300247 0.04908936843276024
0 0.13380086421966553 0.31785639002919197 0.027350783348083496 0.08049801737070084
0 0.15014258306473494 0.29387756809592247 0.030761098489165306 0.048486582934856415
0 0.5075045586563647 0.2806787807494402 0.01218647975474596 0.02669912949204445
0 0.13298130594193935 0.2917561028152704 0.02921200916171074 0.04182429984211922
0 0.14419839717447758 0.2661399384960532 0.016497600823640823 0.022507159039378166
0 0.1276225969195366 0.30071317590773106 0.02006763219833374 0.056035805493593216
