0 0.7482697479426861 0.6944685503840446 0.10012783855199814 0.20328043401241302
0 0.5080958232283592 0.7374834418296814 0.08561615645885468 0.2509258985519409
0 0.12544961646199226 0.4061502143740654 0.045245133340358734 0.09023360908031464
0 0.5919190999120474 0.5099999979138374 0.03778095170855522 0.11404092609882355
0 0.969388235360384 0.853471651673317 0.061217404901981354 0.28811636567115784
0 0.397778045386076 0.43092504516243935 0.046355389058589935 0.06613833457231522
0 0.3873820658773184 0.5788915008306503 0.05072183534502983 0.14213141798973083
0 0.18153439089655876 0.3964627590030432 0.03840913623571396 0.05112270638346672
0 0.36223362758755684 0.4877771660685539 0.04683814197778702 0.10740797221660614
0 0.3139816168695688 0.39659515768289566 0.0448867566883564 0.07370240986347198
0 0.5524230003356934 0.4322049580514431 0.038305044174194336 0.09963273257017136
0 0.2827498856931925 0.4290464110672474 0.061395931988954544 0.10546485334634781
0 0.5899756792932749 0.4089827425777912 0.029126692563295364 0.05247078090906143
0 0.6289401650428772 0.40556928142905235 0.021873950958251953 0.0552859827876091
0 0.5903661847114563 0.3916219789534807 0.04500222206115723 0.06178605929017067
0 0.32108488120138645 0.4439248964190483 0.029178548604249954 0.048413679003715515
0 0.30249303579330444 0.4523161090910435 0.05040597915649414 0.0632442906498909
0 0.6044616457074881 0.38655313663184643 0.028693389147520065 0.050118084996938705
