0 0.7348413355648518 0.537421740591526 0.06088743358850479 0.20655836164951324
0 0.5319323241710663 0.5602241531014442 0.06616425514221191 0.21098692715168
0 0.8254764787852764 0.45791343599557877 0.03211536258459091 0.17078514397144318
0 0.5172618152573705 0.3593822009861469 0.02361598052084446 0.11522320657968521
0 0.5728744147345424 0.3441997356712818 0.024057721719145775 0.08994320780038834
0 0.6356618162244558 0.48878349363803864 0.05139608308672905 0.14365455508232117
0 0.7965960744768381 0.4500185549259186 0.04124407842755318 0.164084792137146
0 0.69049390591681 0.3301939517259598 0.03257017210125923 0.09657934308052063
0 0.6686312556266785 0.33198288828134537 0.030748605728149414 0.08941896259784698
0 0.49291383009403944 0.32840240001678467 0.027885055169463158 0.06904923915863037
0 0.4520096955820918 0.2955565806478262 0.016304826363921165 0.04764319583773613
0 0.5942424908280373 0.5815520957112312 0.07643695175647736 0.23759664595127106
0 0.5416646003723145 0.31869372352957726 0.015159845352172852 0.07324587553739548
0 0.36143748741596937 0.32288732938468456 0.030953383073210716 0.06233524903655052
0 0.4824666501954198 0.28406646847724915 0.020652199164032936 0.04100513458251953
0 0.3772231815382838 0.30963708460330963 0.026848888024687767 0.06610438227653503
0 0.4235367178916931 0.29566987976431847 0.01765584945678711 0.0474654957652092
0 0.4016493735834956 0.30692474730312824 0.029832934960722923 0.05058852210640907
0 0.4081749673932791 0.29590580239892006 0.020662736147642136 0.06332982331514359
0 0.4565884293988347 0.26690594106912613 0.009689951315522194 0.02393205463886261
0 0.39095568656921387 0.30569929629564285 0.028947830200195312 0.057642534375190735
