0 0.27735547348856926 0.45190754532814026 0.04074361175298691 0.08544892072677612
0 0.8567307479679585 0.7651690691709518 0.10833034664392471 0.2174912393093109
0 0.11104133538901806 0.630541704595089 0.04951704666018486 0.14817051589488983
0 0.9522996544837952 0.6968292966485023 0.08677244186401367 0.1372215300798416
0 0.9382303580641747 0.7720015645027161 0.10642938315868378 0.21872830390930176
0 0.49160556122660637 0.5237518511712551 0.04892721027135849 0.1118168756365776
0 0.17428686656057835 0.5177154131233692 0.0495634563267231 0.10050294548273087
0 0.04259198345243931 0.6034324541687965 0.06472031772136688 0.18421991169452667
0 0.6628479715436697 0.5835210904479027 0.05241699144244194 0.11058942973613739
0 0.12995300441980362 0.5093652158975601 0.048412442207336426 0.10004726052284241
0 0.37334172800183296 0.4810732714831829 0.036954380571842194 0.10044356435537338
0 0.34189942479133606 0.4541115313768387 0.03372693061828613 0.06726184487342834
0 0.44425942935049534 0.48805857822299004 0.025850821286439896 0.08676405996084213
0 0.40016200579702854 0.4902821369469166 0.02899925783276558 0.06483934074640274
0 0.6823224909603596 0.6856705322861671 0.06361494213342667 0.11725480854511261
0 0.5161152891814709 0.4590652175247669 0.05226697772741318 0.08677545934915543
0 0.42679199017584324 0.4878022260963917 0.023000050336122513 0.05933121591806412
0 0.05582967773079872 0.5388094820082188 0.03733377903699875 0.09596926718950272
0 0.4839107869192958 0.4636552222073078 0.025336837396025658 0.06732050329446793
0 0.4965429361909628 0.44229764491319656 0.042671870440244675 0.05951203405857086
0 0.4138961974531412 0.45348408818244934 0.016654063016176224 0.06501710414886475
