0 0.6154381632804871 0.5012176297605038 0.04480099678039551 0.1242375299334526
0 0.4313695076853037 0.3296081908047199 0.01794581487774849 0.08252302557229996
0 0.3947608470916748 0.30516723170876503 0.02033090591430664 0.06710220128297806
0 0.6654442436993122 0.40162087231874466 0.0507567897439003 0.1327657848596573
0 0.48754563368856907 0.32403093576431274 0.020998764783143997 0.07844483852386475
0 0.6017560847103596 0.3072892986238003 0.031697846949100494 0.07264184206724167
0 0.47442073188722134 0.5008575916290283 0.05650205537676811 0.15608316659927368
0 0.3387669203802943 0.27694252133369446 0.02185521088540554 0.043198585510253906
0 0.23971206229180098 0.3101283982396126 0.02716228924691677 0.05425824224948883
0 0.4546214584261179 0.3109617307782173 0.01716594770550728 0.05470933020114899
0 0.5399844525381923 0.4875585287809372 0.03083977662026882 0.15815040469169617
0 0.5778787489980459 0.31226247549057007 0.021774958819150925 0.07639950513839722
0 0.2653280617669225 0.3071680925786495 0.022115373983979225 0.06424473971128464
0 0.3210940659046173 0.2806975953280926 0.014467358589172363 0.040796659886837006
0 0.5087084230035543 0.5220944806933403 0.04856367036700249 0.17472271621227264
0 0.5245419256389141 0.4916065111756325 0.04405059665441513 0.11506618559360504
0 0.4711068384349346 0.5448918864130974 0.04751171916723251 0.15257267653942108
0 0.294064998626709 0.28621824085712433 0.021000266075134277 0.04757389426231384
0 0.3002479434944689 0.2573535945266485 0.0124670984223485 0.026422034949064255
