0 0.3585897572338581 0.6739915683865547 0.04644069820642471 0.20424367487430573
0 0.17521369084715843 0.5848403424024582 0.04734262079000473 0.12593922019004822
0 0.2904655449092388 0.6788056492805481 0.05330684036016464 0.252394437789917
0 0.0485194344073534 0.6201563701033592 0.06805132329463959 0.12751643359661102
0 0.19031127728521824 0.8074344843626022 0.06209038570523262 0.2820626199245453
0 0.22341366671025753 0.5504630133509636 0.04964620992541313 0.10531078279018402
0 0.06680398434400558 0.722640685737133 0.07197388261556625 0.19382570683956146
0 0.25787669979035854 0.6145924627780914 0.041185926645994186 0.12057656049728394
0 0.19168818555772305 0.6935132965445518 0.0506250374019146 0.18925361335277557
0 0.11265521869063377 0.6213399767875671 0.051162801682949066 0.12555384635925293
0 0.09807637520134449 0.6319118142127991 0.05008907988667488 0.10788285732269287
