0 0.4039648063480854 0.620081290602684 0.03580329567193985 0.15322133898735046
0 0.2458440698683262 0.7686246037483215 0.06536815315485 0.2080007791519165
0 0.22095002606511116 0.5415383502840996 0.03761468082666397 0.09888915717601776
0 0.0756536703556776 0.6290697902441025 0.05271337553858757 0.14883050322532654
0 0.25339752435684204 0.627302885055542 0.06150925159454346 0.15851151943206787
0 0.10815026983618736 0.6644848436117172 0.0736236497759819 0.17647823691368103
0 0.29221443459391594 0.5953400433063507 0.04141201823949814 0.13204103708267212
0 0.33993319794535637 0.6239441409707069 0.059035561978816986 0.14912529289722443
0 0.27081193402409554 0.5156639777123928 0.043648578226566315 0.07301699370145798
0 0.15685061179101467 0.5849875696003437 0.03812016174197197 0.1074361577630043
0 0.1395829264074564 0.6067234314978123 0.0450202114880085 0.07589484006166458
0 0.26802314817905426 0.5538343191146851 0.039283156394958496 0.09470236301422119
0 0.3481290936470032 0.5361738409847021 0.01703476905822754 0.04733089730143547
