0 0.5951004270464182 0.5069596022367477 0.02698664739727974 0.11313769221305847
0 0.25734424218535423 0.5134845227003098 0.034768246114254 0.11469629406929016
0 0.019717896357178688 0.698558047413826 0.039435792714357376 0.1545185148715973
0 0.12852039746940136 0.6200985610485077 0.049391042441129684 0.16839367151260376
0 0.19605549052357674 0.5379353575408459 0.04349527508020401 0.10482152551412582
0 0.4543905258178711 0.5918624736368656 0.033240318298339844 0.1011858657002449
0 0.15615125000476837 0.6656508073210716 0.05586278438568115 0.1691463440656662
0 0.5232011079788208 0.5187003090977669 0.03486156463623047 0.139944925904274
0 0.32345858216285706 0.4469501357525587 0.022083640098571777 0.05507528409361839
0 0.30058332718908787 0.457578182220459 0.028616834431886673 0.09403449296951294
0 0.49298352003097534 0.47345972061157227 0.020598649978637695 0.07019644975662231
0 0.46043144538998604 0.48541389778256416 0.036185599863529205 0.08870378881692886
0 0.4414617298170924 0.539422545582056 0.03064570389688015 0.06777805835008621
0 0.4499335531145334 0.5120415650308132 0.04488854482769966 0.09543024748563766
0 0.324903410859406 0.42693060263991356 0.02117910422384739 0.06260668486356735
