0 0.37033528089523315 0.6303754225373268 0.03826010227203369 0.20567817986011505
0 0.6353682279586792 0.42374739050865173 0.03035116195678711 0.1764504313468933
0 0.7000635862350464 0.7713479250669479 0.0699770450592041 0.2603629529476166
0 0.2761075496673584 0.5710341706871986 0.043024301528930664 0.18853361904621124
0 0.6248237602412701 0.7978709042072296 0.060306452214717865 0.34433895349502563
0 0.7001290917396545 0.3701801523566246 0.02737140655517578 0.08855859935283661
0 0.14430199190974236 0.3977929502725601 0.03813662379980087 0.10265907645225525
0 0.44028303027153015 0.8727341741323471 0.06264376640319824 0.254531592130661
0 0.23476578667759895 0.45078250020742416 0.04162309318780899 0.17187123000621796
0 0.7617489341646433 0.35101375356316566 0.042835284024477005 0.07197899371385574
0 0.11113172583281994 0.3567844219505787 0.030521225184202194 0.0666220560669899
0 0.27668861113488674 0.36259039118885994 0.025510024279356003 0.07704351097345352
0 0.07410426810383797 0.3537479843944311 0.033993832767009735 0.057385485619306564
0 0.2359966542571783 0.3473194036632776 0.022401046007871628 0.05116017535328865
0 0.2675092159770429 0.3272479474544525 0.011817741207778454 0.03383636474609375
