0 0.2675047516822815 0.7885303497314453 0.08602869510650635 0.380635142326355
0 0.11248226463794708 0.8272167891263962 0.06888966262340546 0.2714690864086151
0 0.3412117175757885 0.7675383985042572 0.03945925086736679 0.2554726004600525
0 0.384446507319808 0.7162370681762695 0.0444764606654644 0.24896371364593506
0 0.015579644599711173 0.6626480743288994 0.031142771244049072 0.1358461230993271
0 0.08007863909006119 0.6083484441041946 0.07160662114620209 0.17404916882514954
0 0.13675477728247643 0.6146405637264252 0.046353794634342194 0.1566978096961975
0 0.20981626585125923 0.5571607649326324 0.048492468893527985 0.13384860754013062
0 0.19837973453104496 0.5913658514618874 0.03681992366909981 0.11264152824878693
0 0.1263356488198042 0.5547422915697098 0.02863968536257744 0.10299089550971985
0 0.11058593913912773 0.6063868775963783 0.06009625643491745 0.12079925835132599
0 0.266955423168838 0.631017055362463 0.022559141740202904 0.07140439003705978
0 0.10769155155867338 0.5414580721408129 0.014400815591216087 0.044730547815561295
