0 0.14729289151728153 0.6864535883069038 0.04959862306714058 0.1789921671152115
0 0.5114330761134624 0.5625094622373581 0.0383547767996788 0.1459772288799286
0 0.43999392352998257 0.5757739022374153 0.04610009118914604 0.1366051584482193
0 0.3729796353727579 0.6320182383060455 0.05462782457470894 0.27901721000671387
0 0.310455571860075 0.48006317764520645 0.04360999912023544 0.0783652812242508
0 0.01227916504514237 0.6627393700182438 0.024558324366807938 0.07095379382371902
0 0.25643401127308607 0.5085932239890099 0.02601323090493679 0.09805624186992645
0 0.22134090028703213 0.5406911484897137 0.04124004766345024 0.10722287744283676
0 0.11430501751601696 0.6346389651298523 0.04576105996966362 0.10422646999359131
0 0.12954499199986458 0.5624863132834435 0.04577871412038803 0.11693768203258514
0 0.41976449452340603 0.5095300320535898 0.02195258066058159 0.04044799879193306
0 0.38837820291519165 0.518962424248457 0.03287017345428467 0.09495993703603745
