0 0.28080042637884617 0.649164468050003 0.0529206283390522 0.27009862661361694
0 0.11767490953207016 0.5231973528862 0.066438689827919 0.1624748706817627
0 0.5106466896831989 0.5627770274877548 0.04297170788049698 0.21403762698173523
0 0.47503683529794216 0.5845858529210091 0.0341462604701519 0.1886882334947586
0 0.42319253645837307 0.5958081856369972 0.04246015474200249 0.20392705500125885
0 0.3888893127441406 0.9502663090825081 0.037990450859069824 0.0987856537103653
0 0.18946253322064877 0.49758536368608475 0.03995377942919731 0.0987335592508316
0 0.360329682007432 0.5389501079916954 0.02632932737469673 0.12712304294109344
0 0.3245621081441641 0.5701612755656242 0.040869783610105515 0.10175429284572601
0 0.2579103223979473 0.47314489632844925 0.0391634926199913 0.1358381062746048
0 0.3240634612739086 0.4759815186262131 0.032389067113399506 0.09700945019721985
0 0.2903372049331665 0.45969467982649803 0.024531960487365723 0.08710115402936935
0 0.23466092348098755 0.47731124609708786 0.04609644412994385 0.09587393701076508
0 0.3909685257822275 0.5708077400922775 0.03114001825451851 0.15932926535606384
0 0.22097918018698692 0.462944146245718 0.037476323544979095 0.09710782021284103
0 0.2502453266642988 0.41301215067505836 0.014192628674209118 0.052030690014362335
0 0.4016284588724375 0.5254627987742424 0.03703038766980171 0.07227621972560883
0 0.31804770790040493 0.4437928758561611 0.04039616510272026 0.0777287408709526
0 0.21168851852416992 0.4550463445484638 0.02942943572998047 0.09493730217218399
