0 0.03379552438855171 0.6875642538070679 0.05373779684305191 0.20007002353668213
0 0.7133225798606873 0.6348790675401688 0.08541059494018555 0.23162570595741272
0 0.19992954097688198 0.6353170573711395 0.0456242673099041 0.15996962785720825
0 0.8967995643615723 0.7594436705112457 0.11205482482910156 0.23803168535232544
0 0.0932854525744915 0.5945828408002853 0.03298526257276535 0.14890822768211365
0 0.9505895748734474 0.7645734697580338 0.09882088005542755 0.21712616086006165
0 0.25718151964247227 0.533124290406704 0.04199104383587837 0.13066338002681732
0 0.21431244537234306 0.5150399431586266 0.04260321706533432 0.1014007180929184
0 0.1355920024216175 0.5396371930837631 0.03382698446512222 0.09502139687538147
0 0.33947494626045227 0.458526436239481 0.04213535785675049 0.08538640290498734
0 0.5351864099502563 0.4675265699625015 0.05315446853637695 0.11564275622367859
0 0.9616724625229836 0.6912909597158432 0.07665510475635529 0.1352737843990326
0 0.5189534183591604 0.5227642953395844 0.05196733400225639 0.11035758256912231
0 0.3784025553613901 0.46272722631692886 0.03087787702679634 0.08256454765796661
0 0.4471301082521677 0.49789274856448174 0.04003458097577095 0.08155157417058945
0 0.4962628725916147 0.4527131877839565 0.030321408063173294 0.09470676630735397
0 0.42511193733662367 0.499668974429369 0.024077272042632103 0.07454673200845718
0 0.40638222731649876 0.5091594159603119 0.023684192448854446 0.06637954711914062
0 0.5103561989963055 0.4961421266198158 0.05245032161474228 0.1432114988565445
0 0.3964858893305063 0.46403731033205986 0.019375372678041458 0.0703205093741417
