0 0.7941055074334145 0.8117211014032364 0.08992119133472443 0.37596479058265686
0 0.3969885930418968 0.8142521977424622 0.09325484931468964 0.368904709815979
0 0.9341033212840557 0.5993888974189758 0.05717649310827255 0.25933223962783813
0 0.8721021413803101 0.5841652899980545 0.051050662994384766 0.2704245150089264
0 0.5896200183779001 0.6991277486085892 0.05172162130475044 0.34005799889564514
0 0.29535296000540257 0.3726361282169819 0.04260842874646187 0.10617122799158096
0 0.531026016920805 0.7860426604747772 0.07768072932958603 0.3972633481025696
0 0.5237997528165579 0.4037460759282112 0.03487391397356987 0.12798674404621124
0 0.417381894774735 0.33356839418411255 0.017306232824921608 0.07954978942871094
0 0.4554506056010723 0.42191939800977707 0.056700848042964935 0.17104338109493256
0 0.6362299676984549 0.4012390002608299 0.03808588907122612 0.14066509902477264
0 0.4911268651485443 0.7315553277730942 0.05108070373535156 0.30506667494773865
0 0.45794073306024075 0.33689408004283905 0.022556256502866745 0.05702891945838928
0 0.6135110259056091 0.4055147245526314 0.03089594841003418 0.1353876143693924
0 0.3553659562021494 0.3613082431256771 0.049338508397340775 0.08782821148633957
0 0.34371960163116455 0.33958352357149124 0.028141021728515625 0.07302369177341461
0 0.3833243725821376 0.34011880680918694 0.021013950929045677 0.07459136098623276
0 0.36742045916616917 0.35149793326854706 0.043273258954286575 0.08890357613563538
