0 0.7776960134506226 0.5802134275436401 0.06265640258789062 0.234000563621521
0 0.5394075028598309 0.5852161347866058 0.07048430293798447 0.2142825722694397
0 0.8662799708545208 0.48196693509817123 0.03769721835851669 0.19315575063228607
0 0.8343878034502268 0.4707198813557625 0.03756885603070259 0.17910398542881012
0 0.5911657335236669 0.3511272743344307 0.022063875570893288 0.09394092857837677
0 0.6874516131356359 0.343289352953434 0.028652573004364967 0.09381575882434845
0 0.612769104540348 0.6047998815774918 0.08185358345508575 0.27473029494285583
0 0.5367702003568411 0.3700343817472458 0.027289818972349167 0.11504480242729187
0 0.7120673768222332 0.341217041015625 0.03385963290929794 0.10339701175689697
0 0.664569329470396 0.5149977505207062 0.05170478671789169 0.1582508087158203
0 0.5119340540841222 0.33697302639484406 0.025494003668427467 0.06524226069450378
0 0.568896472454071 0.3298112601041794 0.01642465591430664 0.07265838980674744
0 0.384055083617568 0.326981658115983 0.029391121119260788 0.05862091854214668
0 0.4799292925745249 0.3006976619362831 0.017672110348939896 0.046289995312690735
0 0.44835262931883335 0.2979410160332918 0.018649864941835403 0.06161836162209511
0 0.5126644251868129 0.2845969442278147 0.020291423425078392 0.05077533796429634
0 0.403410280123353 0.3130452632904053 0.025980759412050247 0.06368380784988403
0 0.42822315730154514 0.29886066541075706 0.029320765286684036 0.06536375731229782
0 0.8529622554779053 0.41409551724791527 0.03514909744262695 0.06549470871686935
0 0.6536369677633047 0.524240255355835 0.05148930475115776 0.11315888166427612
0 0.48581525683403015 0.2732931151986122 0.01141667366027832 0.025189951062202454
