0 0.1037546657025814 0.5287238359451294 0.06566920131444931 0.14468342065811157
0 0.266061183065176 0.6824351996183395 0.06546654552221298 0.2966645658016205
0 0.49811083637177944 0.5885846316814423 0.04471297189593315 0.22836214303970337
0 0.4120269175618887 0.6200647428631783 0.044371794909238815 0.21009649336338043
0 0.4615941159427166 0.598422646522522 0.03217782825231552 0.20142877101898193
0 0.17772212997078896 0.5113841444253922 0.03886006027460098 0.10470941662788391
0 0.27892114501446486 0.46962108463048935 0.023716067895293236 0.06608204543590546
0 0.30923736095428467 0.48482997715473175 0.03201305866241455 0.10020336508750916
0 0.2454492263495922 0.4849683865904808 0.04220130294561386 0.14352832734584808
0 0.28891793452203274 0.42638617381453514 0.023006867617368698 0.0479465052485466
0 0.31531450152397156 0.6064785420894623 0.04439902305603027 0.13401073217391968
0 0.3495276924222708 0.5755975991487503 0.02781839296221733 0.07787564396858215
0 0.21358431316912174 0.4970085285604 0.04005711153149605 0.10332798212766647
0 0.34314848110079765 0.9521436765789986 0.03619971126317978 0.0948876291513443
0 0.37561752833426 0.6135717667639256 0.03086845949292183 0.11621809750795364
0 0.21350426692515612 0.43408038653433323 0.027479732409119606 0.05046128109097481
0 0.24060132820159197 0.42487165704369545 0.016363048925995827 0.05969662219285965
0 0.20461922325193882 0.4695065878331661 0.043824899941682816 0.10446345061063766
0 0.35943853855133057 0.5182063598185778 0.021659016609191895 0.06071794405579567
