0 0.02559700235724449 0.6368352025747299 0.05119400471448898 0.13415679335594177
0 0.25626420974731445 0.7010357826948166 0.05360722541809082 0.22795888781547546
0 0.31466276571154594 0.7813817709684372 0.055251024663448334 0.2407202422618866
0 0.22715868055820465 0.5481119528412819 0.06437432765960693 0.1475081592798233
0 0.14029201120138168 0.8419809192419052 0.06257319450378418 0.3137037456035614
0 0.4038527309894562 0.6820927262306213 0.04172718524932861 0.2413259744644165
0 0.08902343735098839 0.600066002458334 0.043350912630558014 0.11217164248228073
0 0.3685571737587452 0.7174609079957008 0.04058847576379776 0.22528763115406036
0 0.16153773106634617 0.5829574093222618 0.04494570568203926 0.14579980075359344
0 0.12306567095220089 0.5746690928936005 0.03772563859820366 0.1570565104484558
0 0.14634555019438267 0.5636846609413624 0.03550945594906807 0.07362238317728043
0 0.2893415205180645 0.6945788860321045 0.04531051963567734 0.20014190673828125
0 0.10673521924763918 0.5311560835689306 0.014207476750016212 0.0515848807990551
0 0.15439559519290924 0.519727136939764 0.025463402271270752 0.07532208412885666
0 0.30876089353114367 0.6059029512107372 0.022004390135407448 0.0692654475569725
