0 0.07586571387946606 0.6586182042956352 0.052534352988004684 0.1614314168691635
0 0.22435513511300087 0.6376003921031952 0.040510393679142 0.1858949065208435
0 0.7380124554038048 0.6946122050285339 0.07162241637706757 0.17967545986175537
0 0.7156126257032156 0.5808977633714676 0.05647249147295952 0.11137118935585022
0 0.957962442189455 0.7364825457334518 0.08407507091760635 0.18929490447044373
0 0.8979987390339375 0.7296158745884895 0.08601389080286026 0.20458056032657623
0 0.3573686480522156 0.4524337276816368 0.036766886711120605 0.08518294990062714
0 0.2802960928529501 0.5402884222567081 0.036800216883420944 0.07711202651262283
0 0.11718644574284554 0.5890165269374847 0.03476851433515549 0.14791709184646606
0 0.4408391173928976 0.4988255687057972 0.035017918795347214 0.12228647619485855
0 0.24330934882164001 0.518489820882678 0.02763211727142334 0.05787255987524986
0 0.52393982373178 0.5157296843826771 0.04133863374590874 0.10300759226083755
0 0.16672579944133759 0.6244796328246593 0.03686600923538208 0.10073348134756088
0 0.4058181457221508 0.47968510910868645 0.03954436630010605 0.09398307651281357
0 0.163283696398139 0.5399710908532143 0.03149254247546196 0.08780665695667267
0 0.4613956091925502 0.5041119530797005 0.02843341790139675 0.09305216372013092
0 0.5405215863138437 0.45960038155317307 0.05105094984173775 0.08691893517971039
0 0.5075948359444737 0.4479993097484112 0.024002457037568092 0.07425948232412338
0 0.9574164636433125 0.681811161339283 0.08516702800989151 0.11499811708927155
0 0.39389302767813206 0.44854127429425716 0.037790704518556595 0.055395763367414474
0 0.22602957487106323 0.4762641601264477 0.015441060066223145 0.036900244653224945
0 0.5065537514165044 0.422256775200367 0.02220764197409153 0.0704471617937088
