0 0.2882317416369915 0.459148321300745 0.04522862285375595 0.07925016433000565
0 0.8650711551308632 0.7699287235736847 0.11182756721973419 0.24034160375595093
0 0.13126575574278831 0.641606405377388 0.050972066819667816 0.1582569181919098
0 0.05725518986582756 0.6023459210991859 0.06984744966030121 0.20907147228717804
0 0.9414327517151833 0.7718736380338669 0.10727901756763458 0.22993549704551697
0 0.6667274720966816 0.586564302444458 0.058142758905887604 0.10919439792633057
0 0.18907748721539974 0.5242393165826797 0.04864079877734184 0.12044385075569153
0 0.9501672983169556 0.7035150229930878 0.08572673797607422 0.16001218557357788
0 0.491463016718626 0.5060209855437279 0.04502692073583603 0.0863056629896164
0 0.14886340498924255 0.5150228999555111 0.05209559202194214 0.10381846874952316
0 0.689213253557682 0.6671405732631683 0.06277318298816681 0.15023082494735718
0 0.5220761485397816 0.4670228809118271 0.04948077350854874 0.09846356511116028
0 0.37169261556118727 0.4650637246668339 0.02662823162972927 0.0726020410656929
0 0.3449942348524928 0.4538140073418617 0.02980182133615017 0.07392366230487823
0 0.4329477194696665 0.4890441372990608 0.041403818875551224 0.09466226398944855
0 0.48296958208084106 0.4567582532763481 0.02458500862121582 0.07165180146694183
0 0.39897659979760647 0.49744537845253944 0.030988644808530807 0.0767412856221199
