0 0.42667285166680813 0.6504288986325264 0.05216045305132866 0.21619810163974762
0 0.695199728012085 0.8226867318153381 0.08907341957092285 0.3278540372848511
0 0.5922630541026592 0.439875565469265 0.03220357745885849 0.1803637593984604
0 0.2839739564806223 0.6349576339125633 0.04346673563122749 0.23943011462688446
0 0.7690070159733295 0.8411320894956589 0.10301957279443741 0.2950420081615448
0 0.6532170660793781 0.3771157041192055 0.03199038654565811 0.08795221149921417
0 0.5581820383667946 0.8994830325245857 0.0677606612443924 0.20065654814243317
0 0.14395673014223576 0.4186776354908943 0.041241277009248734 0.10915429890155792
0 0.7096106056123972 0.35626116022467613 0.03261523321270943 0.07658087462186813
0 0.25906747207045555 0.3634244352579117 0.03903009742498398 0.07789883017539978
0 0.22866011783480644 0.4601823538541794 0.05492069572210312 0.2587321698665619
0 0.06272712349891663 0.3667980581521988 0.04027475416660309 0.06534340977668762
0 0.2561060395091772 0.40461254492402077 0.03790421411395073 0.0678718164563179
0 0.10221903026103973 0.3668886572122574 0.03138548135757446 0.07218536734580994
