0 0.7361801508814096 0.6656053960323334 0.06067519262433052 0.172046959400177
0 0.17693443596363068 0.6523255556821823 0.053195953369140625 0.18246349692344666
0 0.27751764096319675 0.6263635978102684 0.037102747708559036 0.1709551066160202
0 0.00868429793138148 0.5800159573554993 0.01736718788743019 0.10722792148590088
0 0.8983718268573284 0.71304140239954 0.07238378375768661 0.2037944346666336
0 0.7457751389592886 0.5739673003554344 0.05444307252764702 0.10452155768871307
0 0.3973674587905407 0.44840141758322716 0.03472473472356796 0.08275502175092697
0 0.9579064138233662 0.7250881120562553 0.08352527767419815 0.18334566056728363
0 0.539147948846221 0.5148650892078876 0.031600188463926315 0.09165916591882706
0 0.17851505801081657 0.567799486219883 0.03202011436223984 0.11226518452167511
0 0.22877323254942894 0.5984340384602547 0.048023127019405365 0.17021192610263824
0 0.3160151783376932 0.5217237435281277 0.03155498579144478 0.10325288027524948
0 0.29180968925356865 0.5114797987043858 0.03247632831335068 0.1009974554181099
0 0.4876274112612009 0.4894891604781151 0.033468056470155716 0.10871200263500214
0 0.5697338227182627 0.4552980549633503 0.04169731214642525 0.07794252783060074
0 0.4398173391819 0.49933888763189316 0.02333354949951172 0.06980358064174652
0 0.9702613595873117 0.6589433997869492 0.0590241439640522 0.11468645930290222
0 0.46309711411595345 0.4928327947854996 0.03636489063501358 0.12393870949745178
0 0.21753056347370148 0.5351646654307842 0.02664804458618164 0.09015753120183945
0 0.43872522097080946 0.46919283643364906 0.022278403863310814 0.06448919326066971
0 0.5238863350823522 0.43398434296250343 0.02567305602133274 0.0982174351811409
0 0.5746855139732361 0.4756760988384485 0.03124094009399414 0.06245167925953865
0 0.5504296068102121 0.442948492243886 0.03028707578778267 0.05299699679017067
0 0.5451266765594482 0.4556928537786007 0.034453392028808594 0.06179606169462204
0 0.4270397303625941 0.4410135131329298 0.020771360024809837 0.052172597497701645
0 0.9427921064198017 0.6413397006690502 0.051967717707157135 0.07986899465322495
