0 0.2862890213727951 0.7324694618582726 0.07487320899963379 0.2016245573759079
0 0.09263073094189167 0.5985681638121605 0.04986901953816414 0.12572483718395233
0 0.4313015341758728 0.6087904125452042 0.04275202751159668 0.16434016823768616
0 0.18006668612360954 0.5581893436610699 0.048819445073604584 0.09912588447332382
0 0.24066397547721863 0.5357016958296299 0.032976388931274414 0.10673756152391434
0 0.12311631441116333 0.6948301792144775 0.06430976092815399 0.18120253086090088
0 0.27788891829550266 0.5175518281757832 0.03474252298474312 0.10482589155435562
0 0.29934872314333916 0.6033673360943794 0.0608610138297081 0.15060903131961823
0 0.36964139342308044 0.6104980707168579 0.058512091636657715 0.1631176471710205
0 0.1232399195432663 0.6188924200832844 0.062248051166534424 0.10709283500909805
0 0.3228313568979502 0.5503245964646339 0.04039924219250679 0.09357185661792755
0 0.3692874666303396 0.5348510108888149 0.029626082628965378 0.0806267186999321
