0 0.8104644659906626 0.6440812200307846 0.056179095059633255 0.2865888774394989
0 0.9022420886904001 0.5233685523271561 0.03979377821087837 0.22031143307685852
0 0.5165922418236732 0.6469136327505112 0.07218404114246368 0.23435279726982117
0 0.6063862666487694 0.6457075327634811 0.08118204772472382 0.28827449679374695
0 0.8638174887746572 0.5085948556661606 0.04076690599322319 0.20226439833641052
0 0.6860688924789429 0.36149585619568825 0.02650594711303711 0.10538531094789505
0 0.6690964102745056 0.5449409931898117 0.05008506774902344 0.17086359858512878
0 0.7136064050719142 0.3662312999367714 0.03030714951455593 0.07250048220157623
0 0.48781454004347324 0.30249201506376266 0.01893143728375435 0.06280748546123505
0 0.5866236686706543 0.36709997802972794 0.032340049743652344 0.09993608295917511
0 0.3854768816381693 0.3344912976026535 0.037720371037721634 0.07908675074577332
0 0.5350328087806702 0.3827708326280117 0.03111410140991211 0.11330907791852951
0 0.5253169778734446 0.302412835881114 0.028131771832704544 0.056232091039419174
0 0.45547606982290745 0.31321249157190323 0.02163701131939888 0.06270404160022736
0 0.51358244381845 0.35466182604432106 0.026550721377134323 0.07274288684129715
0 0.5778791662305593 0.3347417823970318 0.019585561007261276 0.0643215999007225
0 0.412854278460145 0.33132556453347206 0.029160309582948685 0.0730433538556099
0 0.43380026798695326 0.32419548369944096 0.02350625954568386 0.05880578234791756
0 0.7027909755706787 0.31854732893407345 0.014410972595214844 0.04126135632395744
