0 0.5217456761747599 0.7619598060846329 0.04473762586712837 0.2641625702381134
0 0.3365548141300678 0.646525502204895 0.069280244410038 0.253013014793396
0 0.45895675383508205 0.49794916808605194 0.04496021196246147 0.14518585801124573
0 0.5906390193849802 0.5875422731041908 0.04169659689068794 0.19809235632419586
0 0.546542203053832 0.608455665409565 0.05035705491900444 0.2243509441614151
0 0.8330236077308655 0.45271478593349457 0.04156064987182617 0.09149220585823059
0 0.38449242152273655 0.4428623765707016 0.048128653317689896 0.13341400027275085
0 0.8272072318941355 0.3578600771725178 0.03564481809735298 0.08505914360284805
0 0.23787564598023891 0.3443402126431465 0.026059221476316452 0.08817954361438751
0 0.9303644774481654 0.3762616813182831 0.03034028969705105 0.0992288589477539
0 0.3070528507232666 0.35727229714393616 0.035221219062805176 0.08447325229644775
0 0.40629807114601135 0.3295720051974058 0.02501809597015381 0.05167147144675255
0 0.3652002811431885 0.39423009753227234 0.030553698539733887 0.0971100926399231
0 0.9647827502340078 0.36903931200504303 0.03818769380450249 0.0814906656742096
0 0.3820584714412689 0.31421687081456184 0.016769051551818848 0.057818688452243805
0 0.18796294555068016 0.3205351047217846 0.03336169570684433 0.07499226182699203
0 0.19907545763999224 0.3154503032565117 0.02597036398947239 0.06353573501110077
0 0.39881908893585205 0.29631972033530474 0.01012110710144043 0.028691524639725685
0 0.010920656248288196 0.3175640441477299 0.021840006113052368 0.0683436468243599
