0 0.6253699287772179 0.6527877077460289 0.06613950431346893 0.16074196994304657
0 0.8147734515368938 0.774827741086483 0.11406197398900986 0.2479814738035202
0 0.6560473684221506 0.5833007395267487 0.0559566505253315 0.13346248865127563
0 0.9328821897506714 0.7805794179439545 0.11255121231079102 0.22937291860580444
0 0.2531645707786083 0.4487738162279129 0.03814210742712021 0.09073910117149353
0 0.49578980170190334 0.4946126639842987 0.061057280749082565 0.14303207397460938
0 0.05131284333765507 0.4953897073864937 0.05340229347348213 0.09898371994495392
0 0.9678796157240868 0.7035370618104935 0.06424073874950409 0.12778213620185852
0 0.1054515428841114 0.4944877400994301 0.048882611095905304 0.10681267082691193
0 0.024346811696887016 0.6475998349487782 0.04869362339377403 0.10691956430673599
0 0.4308692403137684 0.4623715840280056 0.04377708584070206 0.10589175671339035
0 0.3143500089645386 0.44591618329286575 0.04466128349304199 0.07963939011096954
0 0.5603640433400869 0.46042292192578316 0.042577456682920456 0.10814026743173599
0 0.3942680712789297 0.45949097722768784 0.03966231271624565 0.09442846477031708
0 0.36198313161730766 0.4548701047897339 0.034610532224178314 0.08344709873199463
0 0.5315181612968445 0.4400169514119625 0.025834321975708008 0.08047794550657272
0 0.382503991946578 0.48443570360541344 0.04320354387164116 0.07276272028684616
