0 0.6295100450515747 0.6594504863023758 0.06834864616394043 0.16984477639198303
0 0.8135465979576111 0.7580542042851448 0.10304594039916992 0.22154320776462555
0 0.6582629680633545 0.5867533683776855 0.058882951736450195 0.13527488708496094
0 0.9328218698501587 0.7827366888523102 0.11172246932983398 0.23250240087509155
0 0.030356571078300476 0.626321591436863 0.06071314215660095 0.1712086945772171
0 0.11240581423044205 0.4927063621580601 0.05915629863739014 0.10136867314577103
0 0.9675736799836159 0.7049330547451973 0.06474943459033966 0.12854589521884918
0 0.2540324479341507 0.45014261454343796 0.03821253776550293 0.0900224894285202
0 0.5004814267158508 0.5067179575562477 0.056003570556640625 0.10573472082614899
0 0.4303331021219492 0.46723130717873573 0.04502825811505318 0.11291957646608353
0 0.05548214353621006 0.4957127869129181 0.05287966877222061 0.09890305995941162
0 0.3629121668636799 0.4557720310986042 0.03335700184106827 0.0887746587395668
0 0.55879888497293 0.45734262093901634 0.04167146608233452 0.09671711176633835
0 0.4011711832135916 0.474277101457119 0.03536183759570122 0.07614080607891083
0 0.31587328389286995 0.44134872034192085 0.042048193514347076 0.07235489040613174
0 0.5283874152228236 0.44155673682689667 0.023509835824370384 0.0817389190196991
0 0.4741080943495035 0.4519288633018732 0.0204344280064106 0.05919643118977547
0 0.3827335359528661 0.42876856960356236 0.015798354521393776 0.038643646985292435
0 0.005490549152195712 0.5780183877795935 0.010981087572872639 0.06223682686686516
