0 0.13883185014128685 0.5002831146121025 0.06353171914815903 0.14849798381328583
0 0.3082880135625601 0.6168839186429977 0.05004830285906792 0.22584161162376404
0 0.5269799828529358 0.5389524549245834 0.04257345199584961 0.2033614218235016
0 0.49588796496391296 0.5576587319374084 0.038971662521362305 0.18455475568771362
0 0.42661789059638977 0.9263559579849243 0.04308819770812988 0.14728808403015137
0 0.43561873957514763 0.5692191496491432 0.04009237140417099 0.1929246336221695
0 0.3756108405068517 0.5316530764102936 0.028667712584137917 0.15186059474945068
0 0.21028327383100986 0.469490434974432 0.03867064788937569 0.08835839480161667
0 0.26955671049654484 0.46666404977440834 0.04201178625226021 0.10144979506731033
0 0.34462270699441433 0.4442790634930134 0.029610704630613327 0.06495026499032974
0 0.3056480288505554 0.4514196217060089 0.025115489959716797 0.09341371059417725
0 0.4138997197151184 0.5420683398842812 0.03198277950286865 0.16125233471393585
0 0.23592082597315311 0.4485428147017956 0.039737869054079056 0.11034651845693588
0 0.32372547406703234 0.4192822426557541 0.02089705504477024 0.04436793923377991
0 0.24792351946234703 0.4592985771596432 0.04527320712804794 0.09763573855161667
0 0.23428990878164768 0.40843342058360577 0.036045122891664505 0.05104264244437218
