0 0.7381202951073647 0.6915690749883652 0.09027500450611115 0.20064696669578552
0 0.5006685554981232 0.7387271076440811 0.07985854148864746 0.24853184819221497
0 0.5910037867724895 0.5087493509054184 0.037727974355220795 0.1111128032207489
0 0.12403618171811104 0.401204876601696 0.04635915905237198 0.08258984982967377
0 0.38541965559124947 0.5828409940004349 0.05521581321954727 0.15842357277870178
0 0.3975788950920105 0.4274159260094166 0.04718124866485596 0.07054994255304337
0 0.9784093741327524 0.8904015719890594 0.04318122938275337 0.21626442670822144
0 0.5524508468806744 0.43108466640114784 0.037711285054683685 0.10025358945131302
0 0.3121332470327616 0.40136948600411415 0.04493122175335884 0.08157361298799515
0 0.17935098707675934 0.3959180451929569 0.040836989879608154 0.05555135756731033
0 0.9678089618682861 0.7625844851136208 0.06438207626342773 0.10248048603534698
0 0.5870683677494526 0.39693838357925415 0.04054556041955948 0.074931800365448
0 0.35897475481033325 0.48581962287425995 0.04641437530517578 0.11242887377738953
0 0.2678054925054312 0.40381599962711334 0.035668205469846725 0.06238475441932678
0 0.6273440960794687 0.3907908871769905 0.0243711955845356 0.06087388098239899
0 0.6074109198525548 0.38855869323015213 0.029580021277070045 0.0523156076669693
0 0.29779526591300964 0.44892995059490204 0.04821145534515381 0.05645290017127991
