0 0.019720714539289474 0.6800458803772926 0.03944142907857895 0.11988122761249542
0 0.5722470283508301 0.5250840187072754 0.027399539947509766 0.12953507900238037
0 0.4249890688806772 0.5944852754473686 0.043135691434144974 0.14947687089443207
0 0.32656826358288527 0.4529806710779667 0.021651720628142357 0.08617091923952103
0 0.15336397103965282 0.6572709009051323 0.05926157161593437 0.1555452197790146
0 0.2510575708001852 0.5315652191638947 0.05291874334216118 0.13270729780197144
0 0.292090505361557 0.472259096801281 0.03116917610168457 0.0962439626455307
0 0.12778247147798538 0.6176359206438065 0.06200987100601196 0.16485443711280823
0 0.44185453094542027 0.48820509761571884 0.03695802763104439 0.09215651452541351
0 0.5012429831549525 0.5377992242574692 0.02656564675271511 0.1418209969997406
0 0.18177355267107487 0.541246522217989 0.05025904253125191 0.10526017099618912
0 0.47670638002455235 0.4751247465610504 0.023293543606996536 0.058416664600372314
0 0.27242958545684814 0.4929008800536394 0.032018065452575684 0.05913454666733742
0 0.1711003389209509 0.570613406598568 0.03995675966143608 0.09463255107402802
0 0.1485952017828822 0.5594480000436306 0.026218628510832787 0.05607210844755173
