0 0.9818326476961374 0.45617377758026123 0.036333370953798294 0.1445208191871643
0 0.40493981912732124 0.5391326695680618 0.051842428743839264 0.1908288300037384
0 0.3885189415886998 0.3260004073381424 0.02083411253988743 0.09078618884086609
0 0.5590373631566763 0.4675300195813179 0.031801652163267136 0.13723577558994293
0 0.32956393994390965 0.3254038617014885 0.023926783353090286 0.08751337230205536
0 0.4399590604007244 0.5912447199225426 0.03714718669652939 0.18480055034160614
0 0.2885867301374674 0.29985921271145344 0.039246607571840286 0.061372313648462296
0 0.47817431669682264 0.30806203931570053 0.023835038766264915 0.06950031220912933
0 0.5002787467092276 0.3136867005378008 0.02476520463824272 0.05622965469956398
0 0.5106139536947012 0.5659086778759956 0.049890946596860886 0.2144390493631363
0 0.5238645561039448 0.39075785875320435 0.04393515735864639 0.0877043604850769
0 0.13142587430775166 0.29480060189962387 0.02133261039853096 0.04522107541561127
0 0.5011400822550058 0.37895526736974716 0.030646134167909622 0.08806614577770233
0 0.10672986973077059 0.3125508092343807 0.02965756691992283 0.06457095593214035
0 0.08081979304552078 0.3175269793719053 0.020042389631271362 0.0561428926885128
0 0.15662720799446106 0.2862256523221731 0.022750020027160645 0.052298735827207565
0 0.5080276373773813 0.4083324372768402 0.04359321668744087 0.12082129716873169
