0 0.40856737457215786 0.7092437818646431 0.05170233175158501 0.22903205454349518
0 0.6469610221683979 0.68008191883564 0.08854255825281143 0.19980350136756897
0 0.32873909547924995 0.560116209089756 0.041304804384708405 0.10703523457050323
0 0.9315023645758629 0.8851484209299088 0.13488368690013885 0.22970250248908997
0 0.3517109751701355 0.4193273186683655 0.04377400875091553 0.06826430559158325
0 0.950090803205967 0.8319991901516914 0.09981842339038849 0.21643735468387604
0 0.2306251861155033 0.42952580749988556 0.06451389938592911 0.10405018925666809
0 0.5768858436495066 0.4941878728568554 0.03637557104229927 0.11255713552236557
0 0.3137017972767353 0.4776150994002819 0.04830024391412735 0.11047752946615219
0 0.5543754808604717 0.4192469194531441 0.037489794194698334 0.09302766621112823
0 0.14356604404747486 0.385017704218626 0.040110815316438675 0.05468817800283432
0 0.5933769941329956 0.3877973333001137 0.036438941955566406 0.06855864822864532
0 0.09308855794370174 0.39655111730098724 0.04347236081957817 0.08788380026817322
0 0.2699029687792063 0.3650711551308632 0.01908247545361519 0.03658445179462433
0 0.2902080174535513 0.4005126878619194 0.02968735620379448 0.04028426110744476
0 0.6285894624888897 0.37211261317133904 0.03993859142065048 0.07472964376211166
0 0.6289586182683706 0.39384544268250465 0.03973526880145073 0.048564739525318146
0 0.2405747827142477 0.39674291759729385 0.03931469842791557 0.06204850971698761
