0 0.6109802965074778 0.49951517954468727 0.039171505719423294 0.11834699660539627
0 0.4851152300834656 0.324615977704525 0.019787311553955078 0.07881490886211395
0 0.6010531187057495 0.32327710278332233 0.024137258529663086 0.06192610040307045
0 0.42878806591033936 0.3270060159265995 0.01838994026184082 0.0833248570561409
0 0.39060633163899183 0.3041905052959919 0.022043442353606224 0.07171598821878433
0 0.6732387067750096 0.4055381789803505 0.028792763128876686 0.13700415194034576
0 0.49260859936475754 0.5356500372290611 0.06875114142894745 0.20689265429973602
0 0.650895869359374 0.39991605281829834 0.030140113085508347 0.12766879796981812
0 0.47257157042622566 0.4976893216371536 0.0591188445687294 0.1459200084209442
0 0.5764094833284616 0.31084786355495453 0.020891714841127396 0.07260873913764954
0 0.3346689222380519 0.2768013570457697 0.02060387097299099 0.04363789036870003
0 0.5390053633600473 0.4750831127166748 0.030240822583436966 0.13323712348937988
0 0.2357899220660329 0.30757436715066433 0.02573695220053196 0.05978633090853691
0 0.4527742024511099 0.3126116618514061 0.016792964190244675 0.04799215495586395
0 0.3178456127643585 0.27313730493187904 0.01627326011657715 0.05255872756242752
0 0.2622626218944788 0.3057965599000454 0.025505471974611282 0.06979703158140182
0 0.46801091358065605 0.5455592200160027 0.04996147006750107 0.1441870778799057
0 0.5247448682785034 0.48853926360607147 0.048264503479003906 0.10878542065620422
0 0.590554618742317 0.2833691732957959 0.011197137646377087 0.02911345101892948
0 0.289527284912765 0.2870615217834711 0.021283244714140892 0.05064644291996956
0 0.29644263396039605 0.25626973435282707 0.011908245272934437 0.025108210742473602
0 0.2636138703674078 0.28619121201336384 0.028172921389341354 0.04900256171822548
