0 0.18196311593055725 0.8671409040689468 0.05948442220687866 0.2632369101047516
0 0.3405080083757639 0.6868841648101807 0.0504559762775898 0.20017623901367188
0 0.17538495361804962 0.7008521184325218 0.05098241567611694 0.20382694900035858
0 0.16054904833436012 0.5833611786365509 0.0452369824051857 0.12552231550216675
0 0.2819773741066456 0.7094968035817146 0.055724240839481354 0.18291105329990387
0 0.20915948413312435 0.5734334550797939 0.053182851523160934 0.11834513396024704
0 0.03460141981486231 0.6512617543339729 0.06720593571662903 0.16818441450595856
0 0.24668613076210022 0.6412279158830643 0.0447385311126709 0.14555028080940247
0 0.06757505051791668 0.6734572574496269 0.09418930113315582 0.2245234102010727
0 0.2733580768108368 0.6081019230186939 0.040833234786987305 0.07841674238443375
0 0.10269303619861603 0.5908612497150898 0.029153525829315186 0.06553170830011368
0 0.28544273413717747 0.5885001067072153 0.018341947346925735 0.054018784314394
0 0.2867906279861927 0.6406768448650837 0.04573533684015274 0.06567154079675674
