0 0.14119688421487808 0.7915019541978836 0.06922650337219238 0.23922529816627502
0 0.1960182674229145 0.8756060004234314 0.06060437113046646 0.24812960624694824
0 0.3265920765697956 0.7095351293683052 0.0477055087685585 0.2205602079629898
0 0.1352467630058527 0.603459857404232 0.04571567848324776 0.15234379470348358
0 0.1892026774585247 0.5776676051318645 0.04757162183523178 0.12072982639074326
0 0.2745397035032511 0.7409304976463318 0.05182855203747749 0.282709002494812
0 0.23262258805334568 0.699351578950882 0.043126750737428665 0.1824687123298645
0 0.06205194443464279 0.708561360836029 0.0897890105843544 0.2820779085159302
0 0.02701755410816986 0.6263285726308823 0.05367056280374527 0.12598881125450134
0 0.023028488303680206 0.6575030088424683 0.04599121958017349 0.09899139404296875
