0 0.7264536246657372 0.6762183159589767 0.0885954350233078 0.18805715441703796
0 0.4835939034819603 0.7373582124710083 0.0741906613111496 0.24811816215515137
0 0.11909009516239166 0.4063744693994522 0.046673715114593506 0.09075143933296204
0 0.9714624769985676 0.8956127241253853 0.057015515863895416 0.2055068165063858
0 0.3885193523019552 0.4263005256652832 0.05140252038836479 0.073841392993927
0 0.9666712991893291 0.7803539112210274 0.06665458530187607 0.1397237926721573
0 0.5879533775150776 0.5104500092566013 0.039808131754398346 0.11477643996477127
0 0.5532221551984549 0.41493022814393044 0.03618187829852104 0.0713515356183052
0 0.17263899184763432 0.3964076153934002 0.0443454273045063 0.0688292607665062
0 0.37678350880742073 0.5822401195764542 0.05213043838739395 0.1584928333759308
0 0.5897988080978394 0.3996143899857998 0.03866744041442871 0.07951342314481735
0 0.3098451141268015 0.4056735783815384 0.048441458493471146 0.08753564953804016
0 0.3554588072001934 0.48778219148516655 0.04051210731267929 0.11902936547994614
0 0.28243599086999893 0.434158518910408 0.07592315971851349 0.1275680959224701
0 0.6271593328565359 0.39000480622053146 0.030414771288633347 0.06266246736049652
0 0.6061102394014597 0.3873745556920767 0.026217270642518997 0.04788924381136894
0 0.3357284306548536 0.4423096664249897 0.014921712689101696 0.04070404917001724
