0 0.5393567569553852 0.5346609652042389 0.03253350406885147 0.1321839690208435
0 0.4714943114668131 0.556557223200798 0.03626303747296333 0.14682015776634216
0 0.01663663610816002 0.6782909855246544 0.03327327221632004 0.11893348395824432
0 0.2372008003294468 0.5358713492751122 0.04734466224908829 0.11582379043102264
0 0.1519690938293934 0.6580566912889481 0.05306265503168106 0.14879849553108215
0 0.3933040387928486 0.6134786754846573 0.040815092623233795 0.17240646481513977
0 0.14747770130634308 0.5443234369158745 0.049648940563201904 0.09010230004787445
0 0.26400659419596195 0.4901391454041004 0.040743637830019 0.0973910465836525
0 0.327885240316391 0.45640014111995697 0.031461358070373535 0.06980946660041809
0 0.4426201758906245 0.49308234080672264 0.024898624047636986 0.0638766810297966
0 0.40921553410589695 0.5168816577643156 0.032007504254579544 0.06185319647192955
0 0.11997285857796669 0.6322005614638329 0.05490546673536301 0.12730281054973602
0 0.4208915294148028 0.4810674153268337 0.012514782138168812 0.036676280200481415
