0 0.6041874643415213 0.5002564489841461 0.03812689706683159 0.122203528881073
0 0.4202821012586355 0.3282174617052078 0.018699120730161667 0.09115079045295715
0 0.48276156187057495 0.5321280360221863 0.07951784133911133 0.212948739528656
0 0.6377231124788523 0.39428605511784554 0.03092937543988228 0.12485597282648087
0 0.22101004421710968 0.29939617961645126 0.026198148727416992 0.07553230226039886
0 0.6593559505417943 0.4179561138153076 0.03058948554098606 0.13612312078475952
0 0.310331922955811 0.27792664989829063 0.02925553359091282 0.04866235703229904
0 0.5907936571165919 0.3199276514351368 0.02359471283853054 0.061982132494449615
0 0.5313428528606892 0.46640871465206146 0.03398118168115616 0.12577489018440247
0 0.44521731697022915 0.3068589698523283 0.017882060259580612 0.04992147907614708
0 0.4754402758553624 0.32601968199014664 0.021794939413666725 0.07655586302280426
0 0.5654548881575465 0.304972130805254 0.02093658410012722 0.06116387993097305
0 0.24750995077192783 0.3082355745136738 0.023598600178956985 0.07083568722009659
0 0.380157470703125 0.3009674921631813 0.021427512168884277 0.07204015552997589
0 0.27327522076666355 0.2807792201638222 0.024984408169984818 0.06776131689548492
