0 0.1839525643736124 0.8584202229976654 0.059490252286195755 0.25966745615005493
0 0.34883973002433777 0.6684055328369141 0.05286991596221924 0.1842060089111328
0 0.16657383181154728 0.5713514499366283 0.044391144067049026 0.11096128076314926
0 0.18004857935011387 0.7037445306777954 0.04820745065808296 0.22197461128234863
0 0.04016365297138691 0.6505373939871788 0.07120209187269211 0.16324810683727264
0 0.21300659142434597 0.5658980794250965 0.048642348498106 0.11275473982095718
0 0.28397410549223423 0.6899223402142525 0.05425100401043892 0.16063465178012848
0 0.07062499597668648 0.6811354011297226 0.0910528153181076 0.2390875518321991
0 0.24847186170518398 0.6563894152641296 0.04880256578326225 0.18072819709777832
0 0.11094585992395878 0.5786033850163221 0.021272767335176468 0.0440971814095974
0 0.28972627595067024 0.61115912348032 0.04226861149072647 0.1061820536851883
