0 0.5484696514904499 0.7470308691263199 0.07293543964624405 0.2529137432575226
0 0.7912978418171406 0.6952895820140839 0.09136209636926651 0.19345945119857788
0 0.42948824912309647 0.604326419532299 0.06395156681537628 0.17396067082881927
0 0.15017561241984367 0.41131387278437614 0.04862763732671738 0.0760202631354332
0 0.6007497794926167 0.5241543091833591 0.03977332264184952 0.11897040158510208
0 0.9815140478312969 0.7289037592709064 0.03697194904088974 0.10829506069421768
0 0.5542768836021423 0.42472316697239876 0.03850102424621582 0.07305238395929337
0 0.2023520115762949 0.4041290134191513 0.03842513635754585 0.07257130742073059
0 0.3917082492262125 0.4837757982313633 0.04893927648663521 0.09487355500459671
0 0.420805424451828 0.4360259436070919 0.0412290096282959 0.07426350563764572
0 0.6208006981760263 0.4001140110194683 0.02579789236187935 0.06262906640768051
0 0.28352812491357327 0.41836222261190414 0.03508133813738823 0.09053878486156464
0 0.5780458692461252 0.4012218229472637 0.0316503532230854 0.05246611684560776
0 0.3275306336581707 0.4538836106657982 0.06522693485021591 0.10893063247203827
0 0.5924906376749277 0.38537557050585747 0.02880101278424263 0.06972255557775497
0 0.31174647249281406 0.40194370970129967 0.028540778905153275 0.059755198657512665
0 0.33201517537236214 0.40464189276099205 0.04126892238855362 0.06509577482938766
0 0.30825936794281006 0.4170201104134321 0.03083348274230957 0.045334454625844955
