0 0.5425970796495676 0.5431265607476234 0.032927561551332474 0.1473267823457718
0 0.01744617149233818 0.6777392216026783 0.03489234298467636 0.11633674055337906
0 0.1524377353489399 0.65874332934618 0.05141488462686539 0.1471012979745865
0 0.2652755491435528 0.49233072251081467 0.03974881023168564 0.10390166938304901
0 0.4736005775630474 0.5607492998242378 0.03213348239660263 0.14793772995471954
0 0.39500960148870945 0.615776389837265 0.039464522153139114 0.15677112340927124
0 0.14975092560052872 0.5422627441585064 0.04985451698303223 0.08801015466451645
0 0.12363273277878761 0.6149113103747368 0.06072377413511276 0.15107904374599457
0 0.23881442844867706 0.5371099151670933 0.04779529571533203 0.11817152053117752
0 0.32737013697624207 0.479824248701334 0.025631189346313477 0.0652584508061409
0 0.4115638490766287 0.5147291459143162 0.033588360995054245 0.06378758698701859
0 0.443320375867188 0.5051555316895247 0.02050485648214817 0.05313741788268089
0 0.41826983727514744 0.5000598020851612 0.0254090316593647 0.08140114694833755
0 0.33645630488172174 0.4357388913631439 0.015040111728012562 0.03199005126953125
0 0.39723268151283264 0.5420973226428032 0.039936065673828125 0.10785077512264252
