0 0.6098180767148733 0.49842072650790215 0.04043574258685112 0.1197713240981102
0 0.6478888746351004 0.3991343751549721 0.030782174319028854 0.1320662647485733
0 0.42654833756387234 0.32654260843992233 0.018461894243955612 0.08649735152721405
0 0.6710797306150198 0.40808405727148056 0.027357768267393112 0.13424097001552582
0 0.3887939276173711 0.3037813790142536 0.02244427241384983 0.07539204508066177
0 0.4822277370840311 0.3160152044147253 0.02085404470562935 0.0575968436896801
0 0.5956773040816188 0.30965423956513405 0.028080319985747337 0.08198017627000809
0 0.23049613554030657 0.3110298942774534 0.024454379454255104 0.05505415424704552
0 0.4865570180118084 0.535883292555809 0.08858504146337509 0.21066614985466003
0 0.5372782703489065 0.47480255365371704 0.030744504183530807 0.13688379526138306
0 0.4511970039457083 0.3102335501462221 0.01635713502764702 0.04189160838723183
0 0.32990275602787733 0.26995363645255566 0.021905994042754173 0.05925508961081505
0 0.25749219954013824 0.3035428337752819 0.025269150733947754 0.06467565149068832
0 0.5734011773020029 0.31041785329580307 0.02066831663250923 0.07184039056301117
0 0.3168995138257742 0.2737660724669695 0.020426344126462936 0.057369742542505264
0 0.2860306976363063 0.2853853963315487 0.022652005776762962 0.05304544419050217
0 0.5237838383764029 0.48473474010825157 0.05145211145281792 0.11937510222196579
0 0.29248449206352234 0.2559488071128726 0.011562585830688477 0.024566015228629112
0 0.2713518086820841 0.2917696498334408 0.02198200300335884 0.049612872302532196
0 0.2730683032423258 0.278628695756197 0.016438055783510208 0.050875939428806305
