0 0.5178076736629009 0.8185076415538788 0.05850353091955185 0.36142057180404663
0 0.940454363822937 0.6812717467546463 0.06080913543701172 0.31783393025398254
0 0.7485846765339375 0.8921422064304352 0.08839187771081924 0.21570926904678345
0 0.2230680100619793 0.41352546587586403 0.050587140023708344 0.11138225346803665
0 0.29418664425611496 0.8696090430021286 0.10195927321910858 0.2607724368572235
0 0.3636574326083064 0.3678227327764034 0.01928696595132351 0.09467881172895432
0 0.4261832945048809 0.8446414917707443 0.10458817332983017 0.3107169568538666
0 0.5852918978780508 0.450373113155365 0.043012093752622604 0.16819924116134644
0 0.4804206844419241 0.45524634420871735 0.03955097123980522 0.15521451830863953
0 0.9895387645810843 0.4033726193010807 0.020920943468809128 0.08081860095262527
0 0.4087467435747385 0.35725682601332664 0.028057027608156204 0.06866472214460373
0 0.5589924929663539 0.45875897258520126 0.02907881699502468 0.15659700334072113
0 0.42680152133107185 0.43311724439263344 0.031679488718509674 0.09718848019838333
0 0.39376865699887276 0.48868078738451004 0.04630718380212784 0.20868809521198273
0 0.2828752398490906 0.38402286916971207 0.03874218463897705 0.10643316805362701
0 0.31890094839036465 0.38120677694678307 0.04657776281237602 0.10828482359647751
0 0.30373482033610344 0.3816736377775669 0.035155199468135834 0.10515285283327103
0 0.4074748158454895 0.40002793818712234 0.02877652645111084 0.10285498201847076
0 0.394953990355134 0.41156307607889175 0.046415019780397415 0.10652847588062286
