0 0.06857298128306866 0.659543588757515 0.04999922588467598 0.16354361176490784
0 0.7377657666802406 0.696736142039299 0.06457014381885529 0.1702112853527069
0 0.2202633023262024 0.6408135816454887 0.0409587025642395 0.18540368974208832
0 0.7149636261165142 0.5801332369446754 0.052554987370967865 0.11966700851917267
0 0.3550571855157614 0.45593005046248436 0.037553977221250534 0.08633571118116379
0 0.2738564610481262 0.5253559648990631 0.034940123558044434 0.11444693803787231
0 0.9557785280048847 0.7455258890986443 0.08835659176111221 0.2027655690908432
0 0.8984312899410725 0.7364704683423042 0.08520469814538956 0.22173835337162018
0 0.1146382000297308 0.5796488896012306 0.03942425176501274 0.13496513664722443
0 0.23507830128073692 0.5168587230145931 0.04158761352300644 0.11303889006376266
0 0.1613374762237072 0.5915241837501526 0.03979899734258652 0.1933717131614685
0 0.5223240610212088 0.5127590596675873 0.04345722123980522 0.10316306352615356
0 0.43856753781437874 0.49701131880283356 0.034816838800907135 0.11376872658729553
0 0.5432015899568796 0.4647941403090954 0.04112653806805611 0.08303006738424301
0 0.3917194902896881 0.44959589280188084 0.032408714294433594 0.06041954830288887
0 0.4119133772328496 0.47991806641221046 0.025751257315278053 0.09587682038545609
0 0.9695079568773508 0.6748657897114754 0.06041555479168892 0.10995449125766754
0 0.45822877902537584 0.5001584850251675 0.031246090307831764 0.08331035822629929
0 0.5071417149156332 0.42560968920588493 0.03672356531023979 0.07542677968740463
0 0.5271331556141376 0.44666218385100365 0.03286037594079971 0.06515782326459885
0 0.5039535881951451 0.44589419662952423 0.029288912191987038 0.06874415278434753
