0 0.711346935480833 0.5338176414370537 0.05650725215673447 0.20497940480709076
0 0.5243122950196266 0.5561860501766205 0.06412501633167267 0.22486305236816406
0 0.788410197943449 0.44277473539114 0.05942168086767197 0.16892729699611664
0 0.583153985440731 0.5572690740227699 0.07762269675731659 0.21818889677524567
0 0.5603365423157811 0.3454503230750561 0.020694637671113014 0.08495529741048813
0 0.6546761514618993 0.32505540549755096 0.02883734740316868 0.07554295659065247
0 0.47921456675976515 0.32514600083231926 0.026306724175810814 0.060597799718379974
0 0.6811102032661438 0.3327508047223091 0.027195215225219727 0.06093432009220123
0 0.4629054069519043 0.28549066185951233 0.01978445053100586 0.04316234588623047
0 0.6264310833066702 0.4814740791916847 0.03975553438067436 0.1236005574464798
0 0.505835210904479 0.367684006690979 0.020676802843809128 0.07822835445404053
0 0.4344250140711665 0.2935237232595682 0.01402435265481472 0.04508255794644356
0 0.5263965604826808 0.3231802098453045 0.012352799996733665 0.06784185022115707
0 0.40591868199408054 0.29720955342054367 0.018575478345155716 0.05517016351222992
0 0.34493021946400404 0.31869338266551495 0.02762911282479763 0.05016430839896202
0 0.36965812370181084 0.3021959289908409 0.0337386354804039 0.052503690123558044
0 0.5128972055390477 0.31851733289659023 0.014084959402680397 0.038909148424863815
0 0.47163985949009657 0.25616023503243923 0.01037297211587429 0.023085933178663254
0 0.384623896330595 0.30284774489700794 0.03149690479040146 0.05326688662171364
0 0.39217638969421387 0.28966271691024303 0.022622108459472656 0.060354169458150864
0 0.6117453090846539 0.4973512254655361 0.043126724660396576 0.10197215527296066
