0 0.6244714856147766 0.5128632038831711 0.04728126525878906 0.14570125937461853
0 0.6820480339229107 0.4096231013536453 0.05467524379491806 0.14471712708473206
0 0.49696215987205505 0.33129871264100075 0.01866006851196289 0.08151353150606155
0 0.5041971579194069 0.5258663222193718 0.100216343998909 0.1993311494588852
0 0.6128208879381418 0.32256144285202026 0.024257946759462357 0.06014031171798706
0 0.4412305299192667 0.33748359978199005 0.01922016218304634 0.08080247044563293
0 0.4081549998372793 0.30501263588666916 0.028961967676877975 0.07282106578350067
0 0.46228777151554823 0.3050791136920452 0.016290998086333275 0.040724776685237885
0 0.5889865281060338 0.31366827711462975 0.025406742468476295 0.08243291825056076
0 0.35551682114601135 0.27563237212598324 0.023357033729553223 0.042927782982587814
0 0.25562975369393826 0.30020617693662643 0.030637215822935104 0.07540260255336761
0 0.5475719328969717 0.4801415503025055 0.030846785753965378 0.1533641815185547
0 0.33589194994419813 0.28265579231083393 0.014399265870451927 0.04393855109810829
0 0.27668464183807373 0.30650757998228073 0.023676156997680664 0.06577621400356293
0 0.5031762067228556 0.45255629159510136 0.01877622678875923 0.05515666678547859
0 0.31597350258380175 0.25719235464930534 0.012816930189728737 0.024456702172756195
0 0.30965055245906115 0.2854738663882017 0.02116229571402073 0.045667435973882675
0 0.2846031663939357 0.2779728081077337 0.011399244889616966 0.04433063790202141
