0 0.32910875603556633 0.6673490330576897 0.042588017880916595 0.2147512286901474
0 0.518833301961422 0.6574668511748314 0.07298164069652557 0.19659368693828583
0 0.7123102433979511 0.9236309602856636 0.06311998516321182 0.1522207409143448
0 0.17508914694190025 0.43137460574507713 0.053587041795253754 0.1163903996348381
0 0.8041221126914024 0.8551914691925049 0.10698799788951874 0.28738927841186523
0 0.5775990728288889 0.48470723256468773 0.040659476071596146 0.11615299433469772
0 0.8760415762662888 0.856582373380661 0.12732276320457458 0.2782720923423767
0 0.27199919149279594 0.5371319875121117 0.04473819583654404 0.15315072238445282
0 0.07323349826037884 0.39040494710206985 0.046046387404203415 0.08988501131534576
0 0.5634754188358784 0.3972139097750187 0.03195533901453018 0.07559115439653397
0 0.6686322800815105 0.367945060133934 0.031650446355342865 0.07859757542610168
0 0.6203760020434856 0.38244497030973434 0.03421511501073837 0.07228545844554901
0 0.11584055051207542 0.3743664622306824 0.040713466703891754 0.06089496612548828
0 0.21550228074193 0.3800627030432224 0.032795168459415436 0.05071461945772171
0 0.2653623577207327 0.448710847645998 0.041562747210264206 0.11189422756433487
0 0.27274430356919765 0.38559153489768505 0.03480024263262749 0.048073407262563705
0 0.2973654391244054 0.41426833532750607 0.030478382483124733 0.0459502749145031
