0 0.6465851068496704 0.6717120930552483 0.08826398849487305 0.1838434785604477
0 0.8265814073383808 0.7421717420220375 0.10253176838159561 0.19525320827960968
0 0.939573597162962 0.7591888755559921 0.10801257938146591 0.20001670718193054
0 0.03687219831044786 0.6215623095631599 0.07341621816158295 0.20359255373477936
0 0.0680158231407404 0.49272114410996437 0.04943576827645302 0.0972185805439949
0 0.9667998179793358 0.7021793499588966 0.06640033423900604 0.14899177849292755
0 0.25998297706246376 0.44815192371606827 0.045562006533145905 0.0911674052476883
0 0.12622654251754284 0.5062147714197636 0.05214638635516167 0.11563784629106522
0 0.6569961793720722 0.5738425180315971 0.05027828365564346 0.11895595490932465
0 0.5018857717514038 0.5084755085408688 0.04858994483947754 0.09237086027860641
0 0.43204638361930847 0.46317340061068535 0.04106020927429199 0.09332975000143051
0 0.3651180323213339 0.4634488560259342 0.031371068209409714 0.10024303942918777
0 0.40138766169548035 0.47008727490901947 0.04418790340423584 0.09947094321250916
0 0.5506107099354267 0.451392587274313 0.043898679316043854 0.08608674257993698
0 0.320616876706481 0.44156841933727264 0.0407760851085186 0.07790324091911316
0 0.5199744226410985 0.4393715634942055 0.023394251242280006 0.08115692436695099
0 0.47869435511529446 0.4806512761861086 0.02984781190752983 0.05755475535988808
0 0.4740727785974741 0.4645863398909569 0.023185301572084427 0.08244399726390839
0 0.013794787981169065 0.5438005458563566 0.027523403987288475 0.0509507916867733
0 0.3810124099254608 0.45970651134848595 0.0266420841217041 0.07735913246870041
