0 0.1289280466735363 0.8481902033090591 0.06390086561441422 0.29965201020240784
0 0.3953718598932028 0.7131251990795135 0.04401702806353569 0.2844077944755554
0 0.022421399131417274 0.6492744833230972 0.04484279826283455 0.13535872101783752
0 0.35875636897981167 0.7454272508621216 0.04078872129321098 0.2518426179885864
0 0.21749131940305233 0.5568167716264725 0.061012398451566696 0.16139039397239685
0 0.25540998950600624 0.7060457393527031 0.05556485801935196 0.22759424149990082
0 0.15279661118984222 0.6116822883486748 0.04547619819641113 0.18466995656490326
0 0.29533321782946587 0.7475851774215698 0.06928624957799911 0.3239034414291382
0 0.08002791740000248 0.6024840325117111 0.04451670125126839 0.0864017903804779
0 0.12647682800889015 0.6037366352975368 0.05705050379037857 0.12009858340024948
0 0.14176337979733944 0.521043349057436 0.017983507364988327 0.054708100855350494
0 0.30555219668895006 0.6153181958943605 0.022046590223908424 0.060974035412073135
0 0.12136631738394499 0.5285313315689564 0.01281062327325344 0.049342431128025055
