0 0.6692042108625174 0.5158518999814987 0.05577559396624565 0.16823437809944153
0 0.5371286394074559 0.33458222448825836 0.020531082525849342 0.08483198285102844
0 0.7424303293228149 0.4305345341563225 0.05518674850463867 0.1653602570295334
0 0.5161209404468536 0.5358715727925301 0.07014012336730957 0.20629818737506866
0 0.4800566555932164 0.35621919482946396 0.01929464377462864 0.07567797601222992
0 0.5622024908661842 0.532656341791153 0.08598704636096954 0.24362313747406006
0 0.6334725264459848 0.32164349034428596 0.03042154386639595 0.09376493841409683
0 0.4483079435303807 0.3089378997683525 0.019272709265351295 0.07527236640453339
0 0.422548514790833 0.2825726605951786 0.021920347586274147 0.042077191174030304
0 0.6533441785722971 0.3317186273634434 0.026029635220766068 0.07025820761919022
0 0.31953262723982334 0.3121000565588474 0.04328172281384468 0.06393004208803177
0 0.39604069013148546 0.2844754345715046 0.012987518683075905 0.03900907188653946
0 0.4950759466737509 0.32239871472120285 0.026493262499570847 0.06501613557338715
0 0.3690327648073435 0.28612404502928257 0.017446208745241165 0.047598350793123245
0 0.3301218803972006 0.307514488697052 0.02708418294787407 0.06671839952468872
0 0.3513329569250345 0.27946202270686626 0.023823071271181107 0.046081628650426865
0 0.430408108048141 0.2579541662707925 0.011507844552397728 0.02735188789665699
0 0.35128152929246426 0.29699874110519886 0.021897029131650925 0.046759966760873795
0 0.39915181417018175 0.2591712772846222 0.008813047781586647 0.021658897399902344
