0 0.3522179424762726 0.7582181245088577 0.040201783180236816 0.2608896791934967
0 0.01943078264594078 0.6773599833250046 0.03886156529188156 0.1732318103313446
0 0.39130933955311775 0.7141437381505966 0.04393038898706436 0.2652462422847748
0 0.2122625969350338 0.5641547739505768 0.058465443551540375 0.16899770498275757
0 0.2875691056251526 0.7647096067667007 0.0703352689743042 0.34093716740608215
0 0.12102807313203812 0.8486866652965546 0.06329900026321411 0.2935989499092102
0 0.24670658260583878 0.6995700001716614 0.07048873603343964 0.2152576446533203
0 0.14761114493012428 0.6120499297976494 0.04563096910715103 0.16591869294643402
0 0.13638501334935427 0.5525193922221661 0.0281843189150095 0.10713323205709457
0 0.08848380297422409 0.5946741029620171 0.069835364818573 0.16509293019771576
0 0.11146242171525955 0.6018529832363129 0.04103246331214905 0.13594025373458862
0 0.09713130909949541 0.5363128669559956 0.017623985186219215 0.04914055019617081
0 0.13510895054787397 0.5807644911110401 0.030420279130339622 0.0691172257065773
0 0.11348330229520798 0.5346034653484821 0.018240153789520264 0.051992036402225494
