0 0.7939456924796104 0.8081958293914795 0.08843807876110077 0.37960708141326904
0 0.39912253618240356 0.8094388395547867 0.09382820129394531 0.3753202259540558
0 0.9312575105577707 0.597121924161911 0.05676298215985298 0.26228827238082886
0 0.5915688760578632 0.6890031546354294 0.051699258387088776 0.31864187121391296
0 0.8711721189320087 0.5819881707429886 0.051787473261356354 0.26708152890205383
0 0.5202742926776409 0.7765470594167709 0.10549487918615341 0.3999268710613251
0 0.2986183762550354 0.3713616915047169 0.04322397708892822 0.10493627935647964
0 0.5255210399627686 0.40290717035532 0.034554243087768555 0.12566520273685455
0 0.6379602905362844 0.4172128140926361 0.03892536088824272 0.10629814863204956
0 0.4598697777837515 0.33607556112110615 0.022770356386899948 0.05684903636574745
0 0.41919215954840183 0.3319607190787792 0.016985464841127396 0.08013316243886948
0 0.6141516920179129 0.4043352007865906 0.03029937669634819 0.13743937015533447
0 0.45633395947515965 0.42150193452835083 0.054314661771059036 0.16493797302246094
0 0.3576008565723896 0.36483483016490936 0.045496322214603424 0.0781531035900116
0 0.3839139584451914 0.34356221184134483 0.02403097227215767 0.06558596342802048
0 0.34731473959982395 0.338409136980772 0.03080933168530464 0.07192810624837875
