0 0.7368636839091778 0.6689925566315651 0.06065692752599716 0.1809520274400711
0 0.8960431441664696 0.7067662850022316 0.07012204825878143 0.19559915363788605
0 0.2805826663970947 0.6253829821944237 0.03796958923339844 0.17102627456188202
0 0.011044473387300968 0.572320893406868 0.022088946774601936 0.1418105661869049
0 0.747027862817049 0.5757642798125744 0.05542955547571182 0.1032307967543602
0 0.18369517847895622 0.6594003587961197 0.054099224507808685 0.17571571469306946
0 0.9575725793838501 0.7200743928551674 0.08389854431152344 0.17666812241077423
0 0.5389235140755773 0.519638616591692 0.029766464605927467 0.09571770578622818
0 0.39987050369381905 0.4482235759496689 0.03437981754541397 0.09011408686637878
0 0.48949748277664185 0.4947502687573433 0.03594684600830078 0.11932869255542755
0 0.3203598316758871 0.5265932641923428 0.027693461626768112 0.11315583437681198
0 0.293895959854126 0.5111012905836105 0.03351736068725586 0.10121616721153259
0 0.9691229108721018 0.6553750820457935 0.06118898466229439 0.10724131017923355
0 0.1789016965776682 0.5662962570786476 0.041495431214571 0.10841234028339386
0 0.5716521851718426 0.456690926104784 0.038698576390743256 0.07534531503915787
0 0.4625856038182974 0.4923878386616707 0.04100484773516655 0.12330783903598785
0 0.2318496759980917 0.5952167063951492 0.04679818078875542 0.14565137028694153
0 0.4438217282295227 0.5038274340331554 0.029259920120239258 0.07719238847494125
0 0.22054138500243425 0.5389274507761002 0.02722754515707493 0.09833547472953796
0 0.5383425951004028 0.45950666069984436 0.038553714752197266 0.059991538524627686
0 0.5512033104896545 0.44421296939253807 0.03117680549621582 0.0528486892580986
0 0.526891958899796 0.4466349370777607 0.027277613058686256 0.0830477848649025
0 0.432790482416749 0.44593305699527264 0.024776507169008255 0.05631616339087486
0 0.433942848816514 0.48716656118631363 0.040403176099061966 0.10830743610858917
0 0.7409298904240131 0.6096317954361439 0.06460628658533096 0.08714989572763443
0 0.5208058236166835 0.41571312211453915 0.017465686425566673 0.05754343792796135
