0 0.7378894928842783 0.6633660048246384 0.06222491338849068 0.1838119924068451
0 0.8889521136879921 0.6976620703935623 0.0685402899980545 0.18623080849647522
0 0.022481835912913084 0.5667903497815132 0.0331803523004055 0.13924993574619293
0 0.20855849236249924 0.6613715440034866 0.06622548401355743 0.18563511967658997
0 0.7525258287787437 0.5983453392982483 0.06375150382518768 0.13200879096984863
0 0.29137411154806614 0.6176279932260513 0.0368836410343647 0.16136780381202698
0 0.9583042487502098 0.7243468761444092 0.08187322318553925 0.1828925609588623
0 0.32256739120930433 0.5408986061811447 0.028293704614043236 0.13378474116325378
0 0.40694504976272583 0.4397445358335972 0.03531813621520996 0.06643278151750565
0 0.5392866134643555 0.5199597142636776 0.030038118362426758 0.1124190017580986
0 0.9641923792660236 0.6666377037763596 0.07106838375329971 0.14440807700157166
0 0.5738848559558392 0.45959190651774406 0.03939523547887802 0.07885297387838364
0 0.24241077527403831 0.5908744037151337 0.04877056926488876 0.13541263341903687
0 0.44520083628594875 0.48381636291742325 0.029685210436582565 0.12488962709903717
0 0.2969598826020956 0.5237446688115597 0.027664851397275925 0.06904499977827072
0 0.4736187160015106 0.5052721537649632 0.02980494499206543 0.07935536652803421
0 0.19468324817717075 0.5686943754553795 0.03630511835217476 0.10482732951641083
0 0.4987952411174774 0.5093320161104202 0.03024744987487793 0.08046451210975647
0 0.5376827474683523 0.4468732699751854 0.046225737780332565 0.09635107219219208
0 0.45035549998283386 0.45271063037216663 0.036299943923950195 0.05806613340973854
0 0.9285864941775799 0.6574135478585958 0.031954191625118256 0.05644751712679863
0 0.9354310631752014 0.6335540898144245 0.03839731216430664 0.07715127617120743
0 0.4849106725305319 0.4515750538557768 0.019551943987607956 0.03967263922095299
0 0.22767980676144361 0.5098629985004663 0.01976940594613552 0.05022396519780159
