0 0.530028248205781 0.8036707192659378 0.057173777371644974 0.38513949513435364
0 0.9242530111223459 0.6540476977825165 0.0605657584965229 0.30327171087265015
0 0.7662397027015686 0.871795654296875 0.10885190963745117 0.25640869140625
0 0.4490199089050293 0.837252289056778 0.0921173095703125 0.3254467844963074
0 0.23424645699560642 0.4035085625946522 0.04979388788342476 0.11293212324380875
0 0.48680382408201694 0.44399505853652954 0.03902416303753853 0.14719539880752563
0 0.3106163963675499 0.8555039912462234 0.10387007892131805 0.2889919579029083
0 0.5917437914758921 0.4401527866721153 0.04317479208111763 0.16689817607402802
0 0.3714752970263362 0.3615882210433483 0.017894720658659935 0.09039249271154404
0 0.4181957598775625 0.8109085857868195 0.060700248926877975 0.29370027780532837
0 0.4137340784072876 0.46677520871162415 0.06921792030334473 0.19188249111175537
0 0.56866136752069 0.4425268694758415 0.03151531144976616 0.14751850068569183
0 0.29560671374201775 0.38936175778508186 0.0423213467001915 0.08677414804697037
0 0.41920878924429417 0.35564401745796204 0.023940611630678177 0.05553370714187622
0 0.32751371897757053 0.37371480092406273 0.04583709314465523 0.11405365914106369
0 0.41249220352619886 0.3337174877524376 0.01288590393960476 0.03410349786281586
0 0.4183142427355051 0.3743736147880554 0.029279757291078568 0.07089388370513916
