0 0.18561403453350067 0.45451176166534424 0.06015634536743164 0.13144612312316895
0 0.45727671310305595 0.5056784600019455 0.0432986244559288 0.1762332022190094
0 0.46839144080877304 0.8743207901716232 0.06969933211803436 0.25135836005210876
0 0.35753483697772026 0.5416454821825027 0.041307829320430756 0.20406070351600647
0 0.5472265593707561 0.5055551007390022 0.06730379909276962 0.1874791532754898
0 0.98832824267447 0.44065454602241516 0.02332143858075142 0.130021333694458
0 0.6918060183525085 0.964147862046957 0.047322988510131836 0.07170342653989792
0 0.3368254601955414 0.40066835656762123 0.02067255973815918 0.11084563285112381
0 0.3779182434082031 0.4027770534157753 0.03839218616485596 0.09511972963809967
0 0.25076497718691826 0.43288763612508774 0.036870263516902924 0.08689664304256439
0 0.3249403480440378 0.9025170505046844 0.048453617841005325 0.19352680444717407
0 0.3034525103867054 0.4184730611741543 0.03584418445825577 0.11572223156690598
0 0.4051231499761343 0.49428801983594894 0.028134774416685104 0.08160124719142914
0 0.36491485871374607 0.48254798725247383 0.03834204748272896 0.09110162407159805
0 0.22921832278370857 0.9385043866932392 0.0541066899895668 0.122991181910038
0 0.38606296852231026 0.9155491441488266 0.049166060984134674 0.1682581603527069
0 0.273902153596282 0.4140963777899742 0.032901834696531296 0.10756085813045502
0 0.26193895377218723 0.41320067271590233 0.03359227254986763 0.11119740456342697
