0 0.6806380394846201 0.5166397839784622 0.05558066442608833 0.17505094408988953
0 0.544406259432435 0.3367924802005291 0.020462561398744583 0.0801146849989891
0 0.5715623125433922 0.5419491678476334 0.09223084151744843 0.2752668559551239
0 0.48879934567958117 0.35970837622880936 0.020351791754364967 0.07617433369159698
0 0.5198719687759876 0.5372059196233749 0.0705622211098671 0.1923368275165558
0 0.7723784446716309 0.4313168153166771 0.023785114288330078 0.14972029626369476
0 0.43564414978027344 0.28120109625160694 0.02063894271850586 0.04576623812317848
0 0.7463202364742756 0.4276501089334488 0.03739938884973526 0.14972183108329773
0 0.6634098766371608 0.33396391570568085 0.026485061272978783 0.07436767220497131
0 0.4592839125543833 0.321197796612978 0.021066952496767044 0.05687139183282852
0 0.6416989807039499 0.3219011537730694 0.03098015859723091 0.0931943878531456
0 0.3822732921689749 0.28560429625213146 0.01671583577990532 0.06048959121108055
0 0.5031363666057587 0.31541792675852776 0.02387404441833496 0.0515146479010582
0 0.33143870905041695 0.3088396079838276 0.04571721702814102 0.07353494316339493
0 0.4098764481022954 0.2795092575252056 0.014643097296357155 0.05553915351629257
0 0.4436332522891462 0.25637123081833124 0.010259675793349743 0.022612275555729866
0 0.3669597804546356 0.29754484444856644 0.017909646034240723 0.04715336859226227
0 0.3599127773195505 0.29817276261746883 0.025950003415346146 0.04920641705393791
