0 0.4344237260520458 0.5210739299654961 0.05033435672521591 0.15742497146129608
0 0.5491203311830759 0.7478019744157791 0.04951648786664009 0.4434036314487457
0 0.3265486843883991 0.6657907888293266 0.0765673890709877 0.21234558522701263
0 0.6021779291331768 0.6221254020929337 0.04213514178991318 0.21072176098823547
0 0.8014098517596722 0.4470897428691387 0.03285040706396103 0.10099508613348007
0 0.7931668404489756 0.3488535210490227 0.03607635572552681 0.06654874980449677
0 0.38450040854513645 0.3223753497004509 0.023534465581178665 0.07934515178203583
0 0.9306259267032146 0.3623132258653641 0.03786506503820419 0.08591535687446594
0 0.3585253953933716 0.467244416475296 0.050008177757263184 0.13259756565093994
0 0.3567891241982579 0.3276185169816017 0.0173355583101511 0.0760742574930191
0 0.3366215880960226 0.4103446267545223 0.026999425143003464 0.0681157037615776
0 0.9683714155107737 0.3555813319981098 0.028695393353700638 0.056707002222537994
0 0.16061703860759735 0.3230210617184639 0.027206599712371826 0.06304039061069489
0 0.28909783996641636 0.3636452332139015 0.03336923196911812 0.07608307898044586
0 0.18177923001348972 0.31767601892352104 0.026202667504549026 0.05473461002111435
0 0.2195224640890956 0.3419191315770149 0.02611706219613552 0.07374502718448639
0 0.8872292162850499 0.3642151840031147 0.0308245662599802 0.0818817988038063
0 0.8795170187950134 0.3348234761506319 0.016585826873779297 0.03732958808541298
0 0.9543239949271083 0.31984781939536333 0.015771960839629173 0.03047298826277256
0 0.8821166278794408 0.39108425565063953 0.019823933020234108 0.04205966368317604
