0 0.09311879798769951 0.543629840016365 0.06657707691192627 0.15491697192192078
0 0.2552952244877815 0.6880169212818146 0.06758482754230499 0.2832931876182556
0 0.48926314152777195 0.5974318310618401 0.04530482366681099 0.21853260695934296
0 0.4033965226262808 0.6286914795637131 0.046955656260252 0.21290168166160583
0 0.45438837446272373 0.6122321039438248 0.03625040128827095 0.19501295685768127
0 0.16839494742453098 0.5042708739638329 0.04041026905179024 0.15989629924297333
0 0.3158461805433035 0.95665093511343 0.03554172441363335 0.0866871327161789
0 0.36472437996417284 0.6180473491549492 0.029588961973786354 0.1841122955083847
0 0.30675715766847134 0.5885543972253799 0.04236550256609917 0.1913524568080902
0 0.2960711717605591 0.49920615181326866 0.02703380584716797 0.10501717776060104
0 0.2319895289838314 0.4941391348838806 0.047936104238033295 0.15687602758407593
0 0.27215840853750706 0.48835543915629387 0.02536027505993843 0.09237035363912582
0 0.34161614160984755 0.5916754752397537 0.029159164056181908 0.08740022778511047
0 0.1958085633814335 0.5055301748216152 0.03485015779733658 0.10073559731245041
0 0.2813953999429941 0.4307046551257372 0.023705769330263138 0.0466010607779026
0 0.1931339893490076 0.4702308215200901 0.031576741486787796 0.07078433781862259
