0 0.49984563514590263 0.5537028834223747 0.04030551761388779 0.13261328637599945
0 0.21373321674764156 0.5543171018362045 0.046659719198942184 0.12875297665596008
0 0.3551465757191181 0.6475337520241737 0.04525897651910782 0.17747361958026886
0 0.143669281154871 0.6696656495332718 0.05174443870782852 0.1525668203830719
0 0.4306157473474741 0.5801680237054825 0.04987793043255806 0.1362016499042511
0 0.2543325815349817 0.4983877018094063 0.02500908449292183 0.09328235685825348
0 0.300801957026124 0.4813351593911648 0.04035501554608345 0.08014827221632004
0 0.12667019292712212 0.5564073771238327 0.05261347442865372 0.08207210898399353
0 0.411854749545455 0.5207866113632917 0.02269573137164116 0.045460935682058334
0 0.1149131990969181 0.6475403606891632 0.046206749975681305 0.11689156293869019
0 0.3765220046043396 0.5297927781939507 0.03190255165100098 0.06587134301662445
0 0.3920659897848964 0.5001194681972265 0.014462923631072044 0.03570238873362541
0 0.3652404733002186 0.5690058209002018 0.05377314239740372 0.1215856745839119
0 0.011225840076804161 0.6573859769850969 0.022451680153608322 0.04931551590561867
