0 0.7997706644237041 0.7714381814002991 0.06906070560216904 0.3774160146713257
0 0.42435861751437187 0.7585584968328476 0.08231522887945175 0.37932083010673523
0 0.8634100314229727 0.5528127104043961 0.04719514772295952 0.2281588613986969
0 0.9135513547807932 0.5885905921459198 0.05248527601361275 0.27344632148742676
0 0.6062893755733967 0.6540301144123077 0.05093131214380264 0.2868383526802063
0 0.5540695786476135 0.7492449879646301 0.07360100746154785 0.36901140213012695
0 0.5138503611087799 0.7072903215885162 0.04726409912109375 0.29048842191696167
0 0.537111759185791 0.39636798948049545 0.03442955017089844 0.13445661962032318
0 0.317156869918108 0.3608463704586029 0.040206052362918854 0.09672510623931885
0 0.6541236881166697 0.40342793986201286 0.03234820440411568 0.10076048225164413
0 0.4334762040525675 0.32689218968153 0.017263222485780716 0.07625775039196014
0 0.6288456320762634 0.39178793504834175 0.0283811092376709 0.12262973934412003
0 0.4836963526904583 0.41124943643808365 0.039371393620967865 0.16590650379657745
0 0.4570108000189066 0.39416809380054474 0.029681015759706497 0.08787044882774353
0 0.37098524533212185 0.3558627776801586 0.04105956479907036 0.07925733178853989
0 0.3970712423324585 0.33332986384630203 0.024507761001586914 0.07021106779575348
0 0.4718682523816824 0.32311378978192806 0.02278418466448784 0.04638705775141716
0 0.4810848832130432 0.2974399393424392 0.010225296020507812 0.03003491275012493
0 0.6421442748978734 0.34514142386615276 0.016815567389130592 0.04240843281149864
