0 0.15148377418518066 0.6983498334884644 0.05472421646118164 0.1964937448501587
0 0.6249385951086879 0.5092121660709381 0.02480015717446804 0.12324965000152588
0 0.12750903144478798 0.6149723529815674 0.04743269830942154 0.14890742301940918
0 0.2713995389640331 0.49684087187051773 0.03488340228796005 0.10402865707874298
0 0.02246665209531784 0.70338074862957 0.04493330419063568 0.1573908030986786
0 0.2090090699493885 0.5222748517990112 0.03845701366662979 0.10945761203765869
0 0.318034291267395 0.45140761882066727 0.03227531909942627 0.08138199150562286
0 0.5019386950880289 0.5716279447078705 0.029491949826478958 0.13450771570205688
0 0.3519652243703604 0.41969188675284386 0.0250520221889019 0.08202540129423141
0 0.5463210586458445 0.5297549143433571 0.022810745984315872 0.1215406209230423
0 0.46442918200045824 0.5245852842926979 0.02326669730246067 0.12988658249378204
0 0.48160918336361647 0.4582454562187195 0.02528080902993679 0.07594841718673706
0 0.5060122134163976 0.45292333513498306 0.016315842047333717 0.07339663803577423
0 0.5596731184050441 0.460234560072422 0.017365312203764915 0.06476588547229767
