0 0.366091376170516 0.6211083456873894 0.03893608972430229 0.20766936242580414
0 0.4217177629470825 0.8673734068870544 0.06297600269317627 0.2652531862258911
0 0.6154483556747437 0.7718398869037628 0.05902719497680664 0.2914049029350281
0 0.2773664593696594 0.5420245304703712 0.043027281761169434 0.1596236377954483
0 0.6868868358433247 0.748728334903717 0.061402179300785065 0.25305700302124023
0 0.7110829828307033 0.3688776008784771 0.02853569947183132 0.0886249765753746
0 0.07804052717983723 0.3547428138554096 0.0348169319331646 0.07089070230722427
0 0.643131697550416 0.37042732536792755 0.024526644498109818 0.07543012499809265
0 0.12004834040999413 0.3531745672225952 0.041474007070064545 0.059429824352264404
0 0.64600710850209 0.4464091658592224 0.027705049142241478 0.11491525173187256
0 0.2367116715759039 0.44436363130807877 0.04323072358965874 0.16759426891803741
0 0.7723546382039785 0.3583955056965351 0.04335064813494682 0.05728337913751602
0 0.2824804363772273 0.3623633161187172 0.024453019723296165 0.06931395828723907
0 0.15005891025066376 0.3939794283360243 0.028085172176361084 0.05592244490981102
0 0.8254512902349234 0.9556282833218575 0.04245395585894585 0.08758951723575592
0 0.2438440378755331 0.37558284029364586 0.026551436632871628 0.07124000042676926
