0 0.41099551878869534 0.5147973820567131 0.052236031740903854 0.1418231576681137
0 0.43724765814840794 0.5986284241080284 0.03607587888836861 0.20181702077388763
0 0.5060535781085491 0.5646091178059578 0.04896511882543564 0.21895213425159454
0 0.5639656540006399 0.47586676478385925 0.03295845910906792 0.15292608737945557
0 0.9888635035604239 0.4457046650350094 0.02223367616534233 0.1174309179186821
0 0.3357555028051138 0.3251521997153759 0.02285773679614067 0.08894827216863632
0 0.39572190679609776 0.3238007389008999 0.02489321306347847 0.07736700028181076
0 0.5066958367824554 0.3122320268303156 0.026187896728515625 0.05122407153248787
0 0.29068638663738966 0.2996934801340103 0.03022775612771511 0.06788298487663269
0 0.4837672356516123 0.3051348216831684 0.02064209058880806 0.06450048834085464
0 0.5275670178234577 0.3965602368116379 0.05730590969324112 0.1079583466053009
0 0.1677458407357335 0.28580923192203045 0.01970156468451023 0.06037088856101036
0 0.09216368198394775 0.30961576476693153 0.019302725791931152 0.07221675664186478
0 0.12167386431246996 0.3240059018135071 0.024028027430176735 0.06611412763595581
0 0.13256479054689407 0.28770771995186806 0.034373342990875244 0.05729878693819046
0 0.5205238698981702 0.3504730649292469 0.01407556515187025 0.04312065988779068
0 0.11360493581742048 0.3056674003601074 0.01868257485330105 0.063667893409729
