0 0.8410176858305931 0.7632676735520363 0.10323266685009003 0.2409355193376541
0 0.14656182006001472 0.5099687092006207 0.04108009487390518 0.11465200036764145
0 0.2647281028330326 0.4606681987643242 0.051705338060855865 0.08456425368785858
0 0.6587769277393818 0.6578604206442833 0.07122717052698135 0.1630491465330124
0 0.9368258230388165 0.7805316969752312 0.11039771884679794 0.22896037995815277
0 0.49485465325415134 0.5061956271529198 0.04659299924969673 0.08147726953029633
0 0.656660795211792 0.5774665214121342 0.05881094932556152 0.1127590611577034
0 0.9573564417660236 0.7074050828814507 0.08459816128015518 0.15625427663326263
0 0.32882413268089294 0.4451458491384983 0.03366553783416748 0.07373882085084915
0 0.5303733702749014 0.46319979429244995 0.046358536928892136 0.09690827131271362
0 0.10154454223811626 0.5107216574251652 0.05543471500277519 0.0971563532948494
0 0.07766400091350079 0.6412543803453445 0.056045401841402054 0.1724776327610016
0 0.3946474250406027 0.4750884026288986 0.04133422300219536 0.1036006510257721
0 0.36354002356529236 0.46303803101181984 0.032413601875305176 0.09204525500535965
0 0.029726097360253334 0.5922102555632591 0.04223860055208206 0.19060270488262177
0 0.010159144178032875 0.5725313909351826 0.02031828835606575 0.0706249251961708
0 0.4305497221648693 0.4747459702193737 0.04545392841100693 0.11163749545812607
0 0.4569399179890752 0.46455611288547516 0.02289261855185032 0.07454219460487366
0 0.4985013725236058 0.450241656973958 0.024119997397065163 0.05770182982087135
0 0.38389269076287746 0.4681561030447483 0.029617737978696823 0.0889887884259224
0 0.5014479160308838 0.4271415174007416 0.029099464416503906 0.07981520891189575
