0 0.48297334276139736 0.504895307123661 0.045873355120420456 0.15006472170352936
0 0.3487023524940014 0.6032003685832024 0.0645010694861412 0.1919412463903427
0 0.5441275127232075 0.6140698865056038 0.04373488575220108 0.2364698201417923
0 0.5043534636497498 0.7482087910175323 0.04089760780334473 0.2786715626716614
0 0.4082799069583416 0.4438280165195465 0.05247750133275986 0.12548226118087769
0 0.5813739653676748 0.5761306136846542 0.03749675676226616 0.19143936038017273
0 0.21069117821753025 0.31962763890624046 0.03504859283566475 0.07142090052366257
0 0.8583306558430195 0.3464844673871994 0.034735776484012604 0.06882146000862122
0 0.857488751411438 0.4448789730668068 0.038425445556640625 0.10445590317249298
0 0.25714039523154497 0.335302509367466 0.02444281615316868 0.08569397032260895
0 0.9679499864578247 0.37144315615296364 0.034265995025634766 0.10879183560609818
0 0.42634948529303074 0.32465479895472527 0.020766306668519974 0.06209280341863632
0 0.3904825933277607 0.4025292620062828 0.03192327171564102 0.10090641677379608
0 0.3213997008278966 0.36027786508202553 0.024973059073090553 0.08111614733934402
0 0.40383400954306126 0.31795334815979004 0.017844129353761673 0.07192546129226685
0 0.9895193576812744 0.35654474794864655 0.02095937728881836 0.060245662927627563
0 0.0278159249573946 0.3085826598107815 0.03744371607899666 0.07203631848096848
0 0.3337227702140808 0.33037145622074604 0.016656041145324707 0.045907530933618546
0 0.4168461440131068 0.2900203801691532 0.010181283578276634 0.026756711304187775
