0 0.7963005304336548 0.7931727766990662 0.08112883567810059 0.36413073539733887
0 0.9282098058611155 0.5889519900083542 0.055289555341005325 0.2494606077671051
0 0.40235407277941704 0.7945774346590042 0.08960559219121933 0.3604760468006134
0 0.8696691635996103 0.5835118740797043 0.04980926588177681 0.2662183940410614
0 0.5229518190026283 0.7833827286958694 0.10469098389148712 0.42025426030158997
0 0.3011217303574085 0.3674529567360878 0.04423580318689346 0.0981682687997818
0 0.592871617525816 0.6706727594137192 0.05158867686986923 0.28044018149375916
0 0.5272350665181875 0.40303146839141846 0.03673119470477104 0.13262134790420532
0 0.6400821916759014 0.39932679384946823 0.038001202046871185 0.1359710544347763
0 0.6165697695687413 0.40203186124563217 0.030362749472260475 0.13218407332897186
0 0.4681500680744648 0.42476770281791687 0.03544984012842178 0.17954379320144653
0 0.42217097245156765 0.33303214982151985 0.019153308123350143 0.08012864738702774
0 0.44572459533810616 0.40202872455120087 0.03136906772851944 0.09155192971229553
0 0.4617356415838003 0.33357969857752323 0.022474955767393112 0.057623524218797684
0 0.38629576563835144 0.3385733291506767 0.0238039493560791 0.06811563670635223
0 0.36072113551199436 0.3617858737707138 0.04686729982495308 0.08360716700553894
0 0.3531841393560171 0.3378418758511543 0.03630263730883598 0.07007844746112823
