0 0.4917727895081043 0.7169567793607712 0.04190883785486221 0.2428356111049652
0 0.3589949235320091 0.5789958164095879 0.06422071158885956 0.18633829057216644
0 0.49897524155676365 0.4961477667093277 0.04496007040143013 0.14602580666542053
0 0.5779536366462708 0.5445776507258415 0.03549003601074219 0.16551224887371063
0 0.9874100685119629 0.37550652399659157 0.02517986297607422 0.10273057967424393
0 0.8745992667973042 0.43934184685349464 0.03928432613611221 0.10355902463197708
0 0.5427982211112976 0.5771098658442497 0.047649383544921875 0.1761331409215927
0 0.269035667181015 0.33271919935941696 0.019958853721618652 0.08045493066310883
0 0.42750329338014126 0.4216988980770111 0.04809827730059624 0.10789108276367188
0 0.2203402817249298 0.3137882277369499 0.0323261022567749 0.06598065793514252
0 0.3325598295778036 0.3491671718657017 0.025676798075437546 0.07761336117982864
0 0.883569872006774 0.36100299283862114 0.0317046158015728 0.04748191684484482
0 0.4387770174071193 0.322819497436285 0.02062997780740261 0.06176268309354782
0 0.04654907248914242 0.3062961772084236 0.0400761179625988 0.06999649107456207
0 0.4184639807790518 0.3149029053747654 0.01980895921587944 0.0656624510884285
0 0.4094033185392618 0.3766949363052845 0.03186779096722603 0.07838086038827896
0 0.014145612483844161 0.3157345671206713 0.0250273235142231 0.04668498411774635
0 0.3439420284703374 0.3273179791867733 0.01824810542166233 0.06186949461698532
0 0.8740339754149318 0.33224898763000965 0.01647481881082058 0.04166388884186745
0 0.4079450313001871 0.4035941958427429 0.03022639825940132 0.09242439270019531
0 0.009298989003582392 0.3550210390239954 0.01840176433324814 0.05954452231526375
