0 0.7975895628333092 0.7931325286626816 0.07629017531871796 0.38964077830314636
0 0.8673909660428762 0.5754478871822357 0.04834241792559624 0.25239241123199463
0 0.4059878885746002 0.794090136885643 0.0945061445236206 0.40004751086235046
0 0.9209217187017202 0.5893267244100571 0.058982085436582565 0.2603917419910431
0 0.5431088320910931 0.7717603147029877 0.07340779155492783 0.398406445980072
0 0.3058645911514759 0.36688191071152687 0.04219947010278702 0.1020217016339302
0 0.5302235968410969 0.40231653302907944 0.03685031086206436 0.13921748101711273
0 0.597820496186614 0.6441473364830017 0.048767995089292526 0.23938441276550293
0 0.6430836319923401 0.3963812589645386 0.03892946243286133 0.12840992212295532
0 0.472260182723403 0.42326364666223526 0.04072971269488335 0.18110550940036774
0 0.5007157027721405 0.6767189279198647 0.04581618309020996 0.2001640349626541
0 0.4259505867958069 0.33096978813409805 0.018811464309692383 0.07710166275501251
0 0.6196216344833374 0.39823779463768005 0.02867746353149414 0.12658333778381348
0 0.46471614856272936 0.33020278438925743 0.0223711971193552 0.055225543677806854
0 0.4505418483167887 0.397834163159132 0.033049631863832474 0.08360489457845688
0 0.35910167172551155 0.3595837354660034 0.04068801552057266 0.07614868879318237
0 0.38929620385169983 0.3340178094804287 0.024520397186279297 0.0726323053240776
