0 0.7413023225963116 0.54670150578022 0.06216564029455185 0.2138696014881134
0 0.5323818325996399 0.5486669763922691 0.06554222106933594 0.2051210254430771
0 0.8323738928884268 0.4541555717587471 0.033354949206113815 0.1668570190668106
0 0.5197213534265757 0.36102448403835297 0.025063324719667435 0.11194244027137756
0 0.5748024228960276 0.33850667253136635 0.02314620092511177 0.07336527854204178
0 0.5952866561710835 0.5847497582435608 0.07621774822473526 0.2519267201423645
0 0.6439865585416555 0.49410952627658844 0.043858956545591354 0.14199456572532654
0 0.8003113754093647 0.4699522629380226 0.03460846096277237 0.1272726207971573
0 0.6951420418918133 0.34240707010030746 0.032385729253292084 0.07058309018611908
0 0.6708313468843699 0.3339168317615986 0.029259253293275833 0.0897502675652504
0 0.45663703698664904 0.2954467758536339 0.016287947073578835 0.044016286730766296
0 0.496683937497437 0.33053838089108467 0.02699604071676731 0.0692201629281044
0 0.3655679766088724 0.3241811729967594 0.029630590230226517 0.06515509635210037
0 0.48759394884109497 0.2831803299486637 0.021412372589111328 0.045884259045124054
0 0.5462394477799535 0.3211630657315254 0.013942623510956764 0.07355941832065582
0 0.4276657346636057 0.2936095278710127 0.0192900188267231 0.061411794275045395
0 0.38334972225129604 0.30725283175706863 0.02320094034075737 0.05923677980899811
0 0.5902021052315831 0.49571385979652405 0.022303486242890358 0.0587158203125
0 0.4073800565674901 0.29746586829423904 0.03026428259909153 0.0690433531999588
0 0.49590551294386387 0.3070550188422203 0.02688126638531685 0.05472289025783539
0 0.685555636882782 0.3035000450909138 0.0158693790435791 0.04448661953210831
0 0.46152007579803467 0.26740593556314707 0.01067662239074707 0.025266604498028755
0 0.39430211763828993 0.3028015960007906 0.027820801362395287 0.04677918925881386
