0 0.14494327642023563 0.4811006933450699 0.06188129261136055 0.12045589089393616
0 0.4366254024207592 0.9237376898527145 0.046599529683589935 0.15252456068992615
0 0.432013601064682 0.5588825345039368 0.054358482360839844 0.2048678994178772
0 0.4998123049736023 0.5489253103733063 0.036019325256347656 0.17486882209777832
0 0.3131706528365612 0.6036878973245621 0.04883887618780136 0.22838231921195984
0 0.5333542823791504 0.5363848656415939 0.05059194564819336 0.2085096538066864
0 0.21588368713855743 0.46931325271725655 0.0400853157043457 0.09092704206705093
0 0.37966997642070055 0.5315428599715233 0.030051136389374733 0.17002473771572113
0 0.3295161249116063 0.4140622038394213 0.019807243719697 0.046124521642923355
0 0.27672890946269035 0.4656577408313751 0.035655878484249115 0.08258247375488281
0 0.34995645843446255 0.43549446761608124 0.03029925748705864 0.05902400612831116
0 0.30860908050090075 0.4448070600628853 0.023168111220002174 0.08471353352069855
0 0.34336962178349495 0.5514981895685196 0.034911610186100006 0.1160213053226471
0 0.2503783442080021 0.4533214047551155 0.04903588443994522 0.09494133293628693
0 0.28306505689397454 0.40881706587970257 0.014238071627914906 0.040258195251226425
0 0.32737885788083076 0.4583040811121464 0.045571185648441315 0.0941169336438179
