0 0.9834974054247141 0.46048687398433685 0.03272419050335884 0.14825579524040222
0 0.40688675083220005 0.5432548150420189 0.05214076116681099 0.19540803134441376
0 0.5606425050646067 0.467833936214447 0.032865334302186966 0.14152276515960693
0 0.3314030049368739 0.32626843079924583 0.023273801431059837 0.08856665343046188
0 0.5018009124323726 0.3027350977063179 0.024319743737578392 0.0747603327035904
0 0.4402405321598053 0.5933078303933144 0.037106990814208984 0.1929357796907425
0 0.39001222886145115 0.3193465732038021 0.022101927548646927 0.07411407679319382
0 0.286306363530457 0.30096421390771866 0.03071429766714573 0.0657808929681778
0 0.5099806245416403 0.5686499178409576 0.049726199358701706 0.21082568168640137
0 0.47935997880995274 0.3073321096599102 0.023491907864809036 0.06474944204092026
0 0.5196061246097088 0.390661858022213 0.05870189517736435 0.10149936378002167
0 0.5052334312349558 0.35493861325085163 0.028027821332216263 0.04941264167428017
0 0.10837509669363499 0.3127945065498352 0.03048079088330269 0.06283730268478394
0 0.0833721486851573 0.3102371245622635 0.018935179337859154 0.07167038321495056
0 0.15991624910384417 0.28466272726655006 0.02315535582602024 0.050090618431568146
0 0.13296494353562593 0.2921249698847532 0.02137615717947483 0.04187211021780968
0 0.1130105759948492 0.326934389770031 0.021964918822050095 0.058727964758872986
