0 0.5703811161220074 0.6772868484258652 0.05373873561620712 0.2426905333995819
0 0.6300732605159283 0.6619653031229973 0.0401550754904747 0.2212071269750595
0 0.37816501781344414 0.542553499341011 0.04805769771337509 0.15448829531669617
0 0.2797995684668422 0.4316754974424839 0.0275557991117239 0.12014622241258621
0 0.7920571323484182 0.3742212727665901 0.034960221499204636 0.10029597580432892
0 0.3070504665374756 0.49210142344236374 0.04615616798400879 0.13577596843242645
0 0.17987276893109083 0.3724554218351841 0.02623460255563259 0.07458699494600296
0 0.7182310465723276 0.43947983905673027 0.028042126446962357 0.1195535883307457
0 0.11276397109031677 0.33427511900663376 0.035907357931137085 0.0730079859495163
0 0.6704885251820087 0.8982992097735405 0.06440696865320206 0.20176611840724945
0 0.3382120952010155 0.7950797379016876 0.07333330810070038 0.328643262386322
0 0.2537206709384918 0.37728898227214813 0.03679764270782471 0.07145670056343079
0 0.7160392757505178 0.3666526563465595 0.028279494494199753 0.08465639501810074
0 0.8530429843813181 0.35453031584620476 0.05136089399456978 0.08763381093740463
0 0.33001766819506884 0.34610345400869846 0.022751951590180397 0.05521630123257637
0 0.2960714101791382 0.3403157163411379 0.01956760883331299 0.055798742920160294
0 0.14616885781288147 0.34088388457894325 0.021333813667297363 0.04905617982149124
0 0.29370187502354383 0.3103744387626648 0.014728641137480736 0.02630138397216797
0 0.25385152734816074 0.35126737505197525 0.03675847128033638 0.043683603405952454
