0 0.8449936881661415 0.775099128484726 0.1155671626329422 0.24853092432022095
0 0.6554067954421043 0.6517033725976944 0.06985239684581757 0.15262070298194885
0 0.49660180881619453 0.512609452009201 0.04532919079065323 0.09418326616287231
0 0.0930616520345211 0.5092215724289417 0.05156203359365463 0.09542838484048843
0 0.9381753690540791 0.7861474007368088 0.12077102810144424 0.23620805144309998
0 0.9573016874492168 0.727258950471878 0.0853966698050499 0.18469971418380737
0 0.6563335172832012 0.5775082632899284 0.05287279933691025 0.10503362119197845
0 0.26206723414361477 0.45365576446056366 0.0496567003428936 0.08236744999885559
0 0.3286389596760273 0.4446954280138016 0.03500936180353165 0.07436069846153259
0 0.06759824976325035 0.6365089938044548 0.06251919269561768 0.1826842874288559
0 0.1418515183031559 0.5046074576675892 0.04222116619348526 0.10135713964700699
0 0.027489369487739168 0.5869068279862404 0.054775990545749664 0.1979738026857376
0 0.36453294195234776 0.47023245692253113 0.031139064580202103 0.10381728410720825
0 0.3994485381990671 0.486411489546299 0.03167073801159859 0.07939876616001129
0 0.5010507823899388 0.4543495625257492 0.026600981131196022 0.0794895589351654
0 0.4307195246219635 0.4754479043185711 0.028754711151123047 0.05524321645498276
0 0.5326654203236103 0.4643651433289051 0.04564390331506729 0.09341583400964737
0 0.4591713370755315 0.4716396741569042 0.02089252509176731 0.0868651494383812
0 0.519562566652894 0.4357135649770498 0.02525501325726509 0.04120941087603569
0 0.38583348970860243 0.43603417091071606 0.010513877496123314 0.03388523682951927
0 0.12818656861782074 0.47428944893181324 0.019623517990112305 0.04425913468003273
