0 0.18226931057870388 0.30058199539780617 0.022318672388792038 0.07322067767381668
0 0.35518699884414673 0.29307871870696545 0.027399063110351562 0.05696069821715355
0 0.44963654316961765 0.5270014777779579 0.05437474325299263 0.19752056896686554
0 0.5898549668490887 0.4845134876668453 0.03462948650121689 0.11303507536649704
0 0.5458862539380789 0.30652927979826927 0.0299345962703228 0.08132701367139816
0 0.3951786933466792 0.33213262259960175 0.018248176202178 0.07601812481880188
0 0.5670438529923558 0.31040119007229805 0.021744633093476295 0.04346428066492081
0 0.2314890567213297 0.2812433708459139 0.024520445615053177 0.06180403009057045
0 0.5138920731842518 0.47215215116739273 0.03299293667078018 0.1419428139925003
0 0.617453133687377 0.38762903213500977 0.04191846773028374 0.11250466108322144
0 0.4824446327984333 0.5384815186262131 0.04813680797815323 0.2083229124546051
0 0.2643604036420584 0.27426625043153763 0.019438933581113815 0.06286470592021942
0 0.4519020561128855 0.31861240789294243 0.019779492169618607 0.0658496841788292
0 0.2082331357523799 0.3010668959468603 0.023199712857604027 0.0571085624396801
0 0.4287580130621791 0.31398441083729267 0.019970273599028587 0.04653409495949745
0 0.600224781781435 0.38390910997986794 0.03266511112451553 0.10518849641084671
0 0.5048345513641834 0.4908224865794182 0.03835878521203995 0.10479240119457245
0 0.27039526123553514 0.2703652959316969 0.01767137087881565 0.06094228848814964
0 0.21941135823726654 0.28541234508156776 0.030051350593566895 0.060436077415943146
0 0.23155556619167328 0.2598193231970072 0.02257668972015381 0.02815498784184456
