0 0.8118649497628212 0.7792267203330994 0.11457176506519318 0.2580984830856323
0 0.6231837496161461 0.6434396579861641 0.06739573180675507 0.14329101145267487
0 0.9312608726322651 0.779532216489315 0.10951290279626846 0.22710804641246796
0 0.6540243867784739 0.5781571939587593 0.05121569707989693 0.12543310225009918
0 0.09837132133543491 0.4878052547574043 0.0470292754471302 0.0888950377702713
0 0.2504015825688839 0.4481751024723053 0.03461863845586777 0.09410065412521362
0 0.4963619112968445 0.48522406443953514 0.05994367599487305 0.1230890080332756
0 0.4281636830419302 0.4606815427541733 0.04697985574603081 0.10292544960975647
0 0.9674081802368164 0.7035080641508102 0.06518363952636719 0.12503954768180847
0 0.01809907464121352 0.6399831399321556 0.03614097461104393 0.09610693156719208
0 0.3101657032966614 0.4384671188890934 0.040508270263671875 0.06396908313035965
0 0.3610103018581867 0.45687053725123405 0.03355465084314346 0.08620931953191757
0 0.04355745390057564 0.4857683926820755 0.043342482298612595 0.07744929194450378
0 0.3918622974306345 0.45985420048236847 0.036185670644044876 0.10025104880332947
0 0.5562174804508686 0.4607258662581444 0.046945907175540924 0.11004231870174408
0 0.5337844137102365 0.43603868409991264 0.02270059660077095 0.07420387119054794
