0 0.20067941769957542 0.8275652900338173 0.0721365436911583 0.24206478893756866
0 0.37158200703561306 0.6556246280670166 0.04469163343310356 0.16821801662445068
0 0.0908326506614685 0.664236381649971 0.1005408987402916 0.22911563515663147
0 0.18895929493010044 0.5660062171518803 0.04108874872326851 0.1091802790760994
0 0.23491721414029598 0.5611461736261845 0.04318518564105034 0.12460017949342728
0 0.3000555094331503 0.6410771459341049 0.051225971430540085 0.21362003684043884
0 0.26670701801776886 0.6257718876004219 0.03891420364379883 0.1631699949502945
0 0.0596334021538496 0.6440019980072975 0.06503535807132721 0.15841729938983917
0 0.20738981664180756 0.6479934677481651 0.06871926784515381 0.2090410441160202
0 0.13326246291399002 0.5778395123779774 0.021433889865875244 0.06402651220560074
