0 0.2061319723725319 0.879972517490387 0.06847836077213287 0.23985230922698975
0 0.11438155919313431 0.8032771646976471 0.10600602626800537 0.264265239238739
0 0.33263864554464817 0.7222299054265022 0.04657285287976265 0.23000361025333405
0 0.1897834651172161 0.5940686538815498 0.04816373437643051 0.13963331282138824
0 0.13626627437770367 0.5822338499128819 0.03950310871005058 0.10409749299287796
0 0.27780788391828537 0.7556079477071762 0.06253676116466522 0.22513660788536072
0 0.23367519117891788 0.690019428730011 0.042923737317323685 0.16554522514343262
0 0.06533845700323582 0.68304443359375 0.07138905674219131 0.23429429531097412
0 0.021415778814116493 0.6705272048711777 0.04201565310359001 0.1141950786113739
0 0.04916587006300688 0.5930284149944782 0.0227836724370718 0.056206680834293365
0 0.0863074529916048 0.5921086259186268 0.03604181483387947 0.06980637460947037
0 0.04649617132963613 0.6518033519387245 0.09132412075996399 0.09960992634296417
