0 0.7765263207256794 0.7439884692430496 0.11260304600000381 0.19530406594276428
0 0.5974065437912941 0.6619175374507904 0.07775421440601349 0.18470913171768188
0 0.9185477718710899 0.7591359093785286 0.0884421318769455 0.22811152040958405
0 0.6502233147621155 0.5699329376220703 0.0508275032043457 0.14122509956359863
0 0.3860473744571209 0.45579008385539055 0.04747273772954941 0.09970482438802719
0 0.058425359427928925 0.4930974431335926 0.05005354434251785 0.09936676174402237
0 0.2392318658530712 0.4449971877038479 0.03880300372838974 0.0906476303935051
0 0.9754395484924316 0.698468416929245 0.04912090301513672 0.12679141759872437
0 0.4222552180290222 0.4557327553629875 0.0470196008682251 0.09082578122615814
0 0.014210477471351624 0.5038307122886181 0.028420954942703247 0.08229514211416245
0 0.49058660864830017 0.4888353496789932 0.058329105377197266 0.13596031069755554
0 0.35124647058546543 0.4448898769915104 0.03157620504498482 0.08311725407838821
0 0.2930042501538992 0.4326406978070736 0.03700454160571098 0.07107251137495041
0 0.5641398783773184 0.45901045575737953 0.04534001275897026 0.08019489794969559
0 0.567549872212112 0.41804823093116283 0.024266814813017845 0.04812168702483177
0 0.5795459868386388 0.4349607639014721 0.022887611761689186 0.03733893483877182
