0 0.47387878969311714 0.5851710811257362 0.04836878925561905 0.15287955105304718
0 0.3328308816999197 0.7028789222240448 0.05979568883776665 0.18733447790145874
0 0.13796868361532688 0.6946303248405457 0.053628016263246536 0.18748795986175537
0 0.4042338542640209 0.6009496375918388 0.055236123502254486 0.14482103288173676
0 0.2054815385490656 0.5547303184866905 0.05026667192578316 0.1157856434583664
0 0.2797499354928732 0.5029003694653511 0.031658004969358444 0.09636522829532623
0 0.2499982388690114 0.5201795175671577 0.024722719565033913 0.1042911559343338
0 0.329350333660841 0.6122335605323315 0.037213586270809174 0.10748990625143051
0 0.12000063806772232 0.612290620803833 0.06297992169857025 0.13971638679504395
0 0.1119026280939579 0.5628558099269867 0.04608211666345596 0.08622580766677856
0 0.3955555856227875 0.5188141651451588 0.027385354042053223 0.07719603925943375
0 0.35483254212886095 0.5521017462015152 0.030480289831757545 0.07935693860054016
0 0.3687820313498378 0.5050890129059553 0.020007705315947533 0.039639707654714584
0 0.4027532576583326 0.4948899485170841 0.014802384190261364 0.03772176057100296
0 0.12482084333896637 0.6636348068714142 0.06535439193248749 0.14591938257217407
