0 0.6166897537186742 0.5016124695539474 0.02775874175131321 0.11795255541801453
0 0.12847856059670448 0.6251982375979424 0.0498831644654274 0.17015503346920013
0 0.02227664366364479 0.6906827390193939 0.04455328732728958 0.12742191553115845
0 0.2056114859879017 0.544370986521244 0.03764341026544571 0.12742246687412262
0 0.15401332639157772 0.6771192848682404 0.05318493768572807 0.17407697439193726
0 0.26626559533178806 0.5068018957972527 0.03360288217663765 0.11461864411830902
0 0.538182532414794 0.5131937377154827 0.023185204714536667 0.09515037387609482
0 0.3401992917060852 0.43780969083309174 0.02116692066192627 0.05928882956504822
0 0.4885358866304159 0.5658629275858402 0.03150005266070366 0.11367136985063553
0 0.5052988887764513 0.4717862829566002 0.01438517589122057 0.061437055468559265
0 0.45929340086877346 0.5320350080728531 0.025495480746030807 0.08123889565467834
0 0.3105166731402278 0.4573093969374895 0.02466747723519802 0.05769229307770729
0 0.474793809466064 0.47830715775489807 0.02768526040017605 0.06313514709472656
0 0.314572406001389 0.4414388947188854 0.027629876509308815 0.07800521701574326
0 0.5525874616578221 0.46632102131843567 0.017638826742768288 0.04963713884353638
0 0.48806055821478367 0.5026764255017042 0.028379488736391068 0.05151807889342308
0 0.32434861082583666 0.42834239453077316 0.02323772944509983 0.048047468066215515
