0 0.4630868323147297 0.6521495133638382 0.0388394370675087 0.20249667763710022
0 0.9233555197715759 0.4421496093273163 0.04053544998168945 0.1352914571762085
0 0.38105107471346855 0.5443927869200706 0.056931279599666595 0.17436735332012177
0 0.25303395092487335 0.30407731607556343 0.02799677848815918 0.06444481760263443
0 0.3011311236768961 0.3315235339105129 0.01991598680615425 0.08243512362241745
0 0.36509948410093784 0.3397749476134777 0.029392171651124954 0.08562728017568588
0 0.5307007916271687 0.5566436424851418 0.0443941131234169 0.22425176203250885
0 0.4702930096536875 0.4210759848356247 0.048729706555604935 0.12782016396522522
0 0.4493274036794901 0.30852678045630455 0.01833491399884224 0.059880129992961884
0 0.5602660421282053 0.5080779567360878 0.041497040539979935 0.1946813017129898
0 0.47041343431919813 0.30792979896068573 0.02617201767861843 0.0712946355342865
0 0.948599505238235 0.36244791001081467 0.02996978722512722 0.05320332944393158
0 0.45233627036213875 0.37966137006878853 0.03162584453821182 0.07578334957361221
0 0.09395981580018997 0.29637986794114113 0.032858073711395264 0.05940229445695877
0 0.05818480346351862 0.33738989382982254 0.023828232660889626 0.059685006737709045
0 0.05503774993121624 0.29568246379494667 0.03284798935055733 0.05251867324113846
0 0.939106797799468 0.32872033305466175 0.015973757952451706 0.03513914719223976
0 0.03147782664746046 0.3201500438153744 0.02366202510893345 0.07215683907270432
0 0.5378591064363718 0.47202416881918907 0.04592590406537056 0.11894243210554123
0 0.08899811841547489 0.314471784979105 0.025901902467012405 0.029785282909870148
