0 0.8072771187871695 0.6765710264444351 0.05959434434771538 0.30468788743019104
0 0.4882333464920521 0.656701534986496 0.08010850101709366 0.3131118416786194
0 0.8606153726577759 0.5189021602272987 0.041864871978759766 0.20097316801548004
0 0.899883771315217 0.5210991948843002 0.04601602628827095 0.2152874767780304
0 0.5926105491816998 0.6620869338512421 0.08332314342260361 0.2945936322212219
0 0.5741248019039631 0.36203813925385475 0.031998731195926666 0.11447186022996902
0 0.36863459274172783 0.3384025767445564 0.034127019345760345 0.08449997007846832
0 0.6503365524113178 0.5842444822192192 0.04941282421350479 0.23610733449459076
0 0.6976798884570599 0.3649236187338829 0.03344693034887314 0.11822168529033661
0 0.4416600111871958 0.31817634031176567 0.026395130902528763 0.06947203725576401
0 0.6718738917261362 0.3687974140048027 0.026914168149232864 0.11233054101467133
0 0.52418427541852 0.397684458643198 0.037004806101322174 0.11798907071352005
0 0.4744704123586416 0.30893389135599136 0.017314862459897995 0.07133926451206207
0 0.5066101141273975 0.3578100726008415 0.04092369228601456 0.09057049453258514
0 0.40562954545021057 0.3302226662635803 0.0317082405090332 0.089080810546875
0 0.4234475316479802 0.32313935086131096 0.02375044859945774 0.07010938972234726
0 0.5131278689950705 0.3002222143113613 0.026612233370542526 0.05818098038434982
0 0.686644172295928 0.3244729172438383 0.01731390878558159 0.03858831152319908
0 0.5137766245752573 0.31651632487773895 0.03368573263287544 0.05521377921104431
0 0.43286511301994324 0.32628584653139114 0.03670525550842285 0.06440795958042145
0 0.5183405997231603 0.3288764953613281 0.02703228034079075 0.05007237195968628
