0 0.9033616185188293 0.6285533308982849 0.055212974548339844 0.2761598229408264
0 0.7766169533133507 0.8515079319477081 0.12339358031749725 0.29698413610458374
0 0.5476683862507343 0.7735116630792618 0.055437423288822174 0.3658253252506256
0 0.985217809677124 0.6872697323560715 0.029564380645751953 0.24753400683403015
0 0.49669924937188625 0.42860909551382065 0.036902617663145065 0.14091967046260834
0 0.2526724189519882 0.39309724792838097 0.047766804695129395 0.10802733153104782
0 0.33785929530858994 0.8477195352315903 0.0970102995634079 0.30456098914146423
0 0.4764028862118721 0.8220131397247314 0.09116454422473907 0.3559737205505371
0 0.3074651174247265 0.38060351088643074 0.032935164868831635 0.07621923834085464
0 0.44542798958718777 0.40602533146739006 0.02911205217242241 0.08856239169836044
0 0.4426288716495037 0.7514632195234299 0.05897106975317001 0.23231658339500427
0 0.34056198596954346 0.3659130856394768 0.042825937271118164 0.11383603513240814
0 0.5958314426243305 0.4335136115550995 0.05786857753992081 0.15861636400222778
0 0.41679332219064236 0.44900893419981003 0.048114728182554245 0.17113350331783295
0 0.3848296348005533 0.36183733493089676 0.01725022867321968 0.06987656652927399
0 0.4311934234574437 0.3528236411511898 0.021838808432221413 0.058311037719249725
0 0.3181771216914058 0.334765849635005 0.014044022187590599 0.03685533627867699
