0 0.19297995418310165 0.7850708216428757 0.06937609612941742 0.3001311719417572
0 0.0474062766879797 0.6171319559216499 0.07738502323627472 0.18782199919223785
0 0.2552635222673416 0.5250095501542091 0.06351876258850098 0.15454377233982086
0 0.3598897811025381 0.7196259722113609 0.048980068415403366 0.2455013245344162
0 0.27646325156092644 0.6619958207011223 0.05297484248876572 0.2214658111333847
0 0.442340362817049 0.6624238342046738 0.044719792902469635 0.25358590483665466
0 0.4126336518675089 0.6754544004797935 0.03757660463452339 0.22867850959300995
0 0.31785792112350464 0.6640825122594833 0.038323402404785156 0.24643215537071228
0 0.19558673724532127 0.55401910841465 0.04609902948141098 0.15909919142723083
0 0.12397368997335434 0.5603367425501347 0.039162516593933105 0.12190640717744827
0 0.1538974167779088 0.559671476483345 0.028140390291810036 0.10654428601264954
0 0.1846889890730381 0.5200476199388504 0.03655431419610977 0.06422445178031921
0 0.19359500147402287 0.4752836525440216 0.020608771592378616 0.04792594909667969
0 0.1576645434834063 0.48885321989655495 0.015003633685410023 0.04783643037080765
0 0.15364934224635363 0.5256784185767174 0.027368152514100075 0.09188656508922577
0 0.19029310904443264 0.5005507282912731 0.04215623065829277 0.07496901601552963
0 0.13548518437892199 0.49824851751327515 0.0133796576410532 0.0580485463142395
