0 0.5057863891124725 0.7284523397684097 0.041166067123413086 0.23035231232643127
0 0.3475658893585205 0.6124472767114639 0.06410384178161621 0.1962292492389679
0 0.47967258654534817 0.5056234151124954 0.044939469546079636 0.15457162261009216
0 0.5452973730862141 0.6160354018211365 0.044797517359256744 0.22949719429016113
0 0.4051807876676321 0.44758671522140503 0.050296615809202194 0.13281160593032837
0 0.8534486293792725 0.35480138659477234 0.03565073013305664 0.07864439487457275
0 0.8543251268565655 0.44632532447576523 0.038031481206417084 0.1081346720457077
0 0.20693891122937202 0.3194062374532223 0.0350826159119606 0.07119034975767136
0 0.5859755873680115 0.5824797824025154 0.04281187057495117 0.2022637277841568
0 0.4233947638422251 0.3174191042780876 0.025214720517396927 0.07954101264476776
0 0.2541525335982442 0.3348933570086956 0.02404656447470188 0.08619692176580429
0 0.3175009489059448 0.3587168715894222 0.021998882293701172 0.08026211708784103
0 0.3877586368471384 0.40235544741153717 0.03284113481640816 0.10526105761528015
0 0.9649969814345241 0.38580410555005074 0.030550098046660423 0.07298211008310318
0 0.987187385559082 0.35474366322159767 0.025625228881835938 0.05895913392305374
0 0.4012073399499059 0.3180881030857563 0.0183348897844553 0.07280818372964859
0 0.024181207176297903 0.3093395456671715 0.03752931207418442 0.07341425120830536
0 0.9535619257949293 0.3371854554861784 0.014245319180190563 0.038028206676244736
0 0.33392804861068726 0.34640954807400703 0.024460315704345703 0.06383798271417618
