0 0.5957970842719078 0.6880221962928772 0.10868172347545624 0.2140439748764038
0 0.363768745213747 0.6888924539089203 0.045679785311222076 0.22627729177474976
0 0.8752286322414875 0.8701702207326889 0.12479124218225479 0.2578398883342743
0 0.9197074398398399 0.8606718480587006 0.12985830008983612 0.2766900658607483
0 0.19740202464163303 0.4348045438528061 0.058700550347566605 0.09189656376838684
0 0.12892029993236065 0.3890410587191582 0.04508162662386894 0.0637885183095932
0 0.32548325695097446 0.4243927635252476 0.0460234172642231 0.08169246464967728
0 0.2913831118494272 0.5169024989008904 0.047991085797548294 0.21352200210094452
0 0.2236114926636219 0.3847339078783989 0.03795800358057022 0.061362966895103455
0 0.8066168185323477 0.9444654323160648 0.05941958352923393 0.1096697524189949
0 0.6029808763414621 0.3876953646540642 0.03248028829693794 0.08094130456447601
0 0.2712402231991291 0.38988834992051125 0.03795776516199112 0.09242130070924759
0 0.5643633957952261 0.4630414992570877 0.05851907655596733 0.18491783738136292
0 0.6472836975008249 0.37735728919506073 0.029424715787172318 0.05416885018348694
0 0.0765279158949852 0.38945527374744415 0.042666517198085785 0.06942155957221985
0 0.6409384729340672 0.3538278713822365 0.025980377569794655 0.045579805970191956
