0 0.5805462226271629 0.7634048461914062 0.08314470946788788 0.2671312093734741
0 0.8159702531993389 0.7054618299007416 0.10045137256383896 0.19762569665908813
0 0.1608048975467682 0.41448890790343285 0.046134352684020996 0.08870523422956467
0 0.4085986204445362 0.5063055902719498 0.05986163765192032 0.1305529773235321
0 0.6062536481767893 0.5193260945379734 0.04058365896344185 0.11033732444047928
0 0.5555515289306641 0.4328211173415184 0.03843545913696289 0.07085172832012177
0 0.9841856956481934 0.725298784673214 0.03162860870361328 0.09107975661754608
0 0.2952485866844654 0.42517417296767235 0.038803793489933014 0.08645074814558029
0 0.21426710858941078 0.40968919917941093 0.0384313240647316 0.06485875695943832
0 0.4329911060631275 0.4472263753414154 0.04237828403711319 0.08141487836837769
0 0.4509890731424093 0.6125016286969185 0.04452938959002495 0.09464289247989655
0 0.6193269733339548 0.417239336296916 0.020686674863100052 0.05336117371916771
0 0.34534827433526516 0.4469648040831089 0.03583366796374321 0.04704899340867996
0 0.3346106708049774 0.4096466526389122 0.04022419452667236 0.04723493754863739
0 0.5788126466795802 0.41586481779813766 0.025224780663847923 0.046862706542015076
0 0.3243677858263254 0.3993644453585148 0.0174284465610981 0.0634843185544014
0 0.5909500122070312 0.39334529265761375 0.018686532974243164 0.03968416899442673
0 0.5716965198516846 0.39886424690485 0.02965092658996582 0.05369652807712555
0 0.6105144978500903 0.38213447760790586 0.011221122927963734 0.025218328461050987
0 0.5711851958185434 0.37620535492897034 0.026591826230287552 0.052079856395721436
