0 0.4645359218120575 0.7303892225027084 0.062219858169555664 0.25691255927085876
0 0.7078302875161171 0.6894775182008743 0.0893983393907547 0.2095208466053009
0 0.36584295704960823 0.5800840109586716 0.05627725273370743 0.1489863097667694
0 0.9632092006504536 0.8873035833239555 0.07357225567102432 0.2231970876455307
0 0.11183681711554527 0.4035782143473625 0.04784940928220749 0.08077506721019745
0 0.9643357619643211 0.7918614074587822 0.07132844626903534 0.1699579805135727
0 0.3046042565256357 0.4095483273267746 0.05445306375622749 0.09715893864631653
0 0.16779904440045357 0.39080479741096497 0.0448705330491066 0.06315994262695312
0 0.5857147816568613 0.5149138942360878 0.04197077825665474 0.13064540922641754
0 0.2550759222358465 0.3979271911084652 0.0380447618663311 0.0698082372546196
0 0.3835902102291584 0.4266367740929127 0.04497406631708145 0.07501212507486343
0 0.5539129730314016 0.4154074937105179 0.034590672701597214 0.07479265332221985
0 0.5893341545015574 0.39898254349827766 0.037040043622255325 0.075322724878788
0 0.27063917741179466 0.4467972256243229 0.0690702423453331 0.11153174191713333
0 0.6229982860386372 0.3925383426249027 0.04275498539209366 0.06834203749895096
0 0.3494123872369528 0.5010844618082047 0.0430646650493145 0.10187891125679016
0 0.3436787314713001 0.4706813804805279 0.040184713900089264 0.09120466560125351
0 0.5611690394580364 0.4542280286550522 0.04134383052587509 0.07550892233848572
0 0.6133375652134418 0.37340422347187996 0.03333006054162979 0.05454663187265396
