0 0.37148118019104004 0.586586706340313 0.05905640125274658 0.20443789660930634
0 0.8979237321764231 0.45087815821170807 0.04390697553753853 0.1341632902622223
0 0.9139233231544495 0.35221997648477554 0.03386735916137695 0.07155890762805939
0 0.47672539949417114 0.6606955155730247 0.03726077079772949 0.19097773730754852
0 0.2847025515511632 0.3301009349524975 0.02080073393881321 0.08498039096593857
0 0.5733651760965586 0.5649862289428711 0.037076760083436966 0.21517091989517212
0 0.4504702277481556 0.4230576492846012 0.04524741321802139 0.11811167746782303
0 0.5197228733450174 0.4965386837720871 0.042086172848939896 0.15405836701393127
0 0.2374825682491064 0.3089675344526768 0.02646465227007866 0.07205433398485184
0 0.4570724247023463 0.31505697779357433 0.023009633645415306 0.051167722791433334
0 0.4306526780128479 0.399976447224617 0.02716970443725586 0.08053377270698547
0 0.35278687439858913 0.3411455303430557 0.033353161066770554 0.07199457287788391
0 0.43698867596685886 0.3152828384190798 0.0204346664249897 0.05692121759057045
0 0.06731085106730461 0.302937388420105 0.043212227523326874 0.06469058990478516
0 0.5390283465385437 0.6322758793830872 0.044182777404785156 0.15380549430847168
0 0.03360707499086857 0.3409307599067688 0.02660210058093071 0.0680389404296875
