0 0.2959327697753906 0.6273729354143143 0.04184305667877197 0.20304718613624573
0 0.45484658516943455 0.640217199921608 0.055512238293886185 0.17838791012763977
0 0.73176534101367 0.8448813259601593 0.09975924342870712 0.310232937335968
0 0.6127173900604248 0.9104833081364632 0.07693743705749512 0.17833031713962555
0 0.8028936013579369 0.8445703983306885 0.09138493239879608 0.2798733711242676
0 0.14955460652709007 0.41499488800764084 0.04273488372564316 0.10996924340724945
0 0.6431690454483032 0.3751230053603649 0.03601264953613281 0.06985797733068466
0 0.10370371304452419 0.3732979744672775 0.0328415147960186 0.07901498675346375
0 0.6971510760486126 0.3651587925851345 0.03825774043798447 0.08218913525342941
0 0.5861179707571864 0.46715328842401505 0.02837691269814968 0.10194672644138336
0 0.5792323593050241 0.38553497195243835 0.026415396481752396 0.06982648372650146
0 0.06362264230847359 0.37221820279955864 0.03676414489746094 0.0800991877913475
0 0.24720846489071846 0.5220589302480221 0.031380631029605865 0.10425715893507004
0 0.24644777178764343 0.437753826379776 0.03771638870239258 0.08697378635406494
0 0.2724695559591055 0.41841469518840313 0.03534693643450737 0.05632760748267174
0 0.21297729946672916 0.37100874073803425 0.02528374269604683 0.05753985419869423
0 0.24737865338101983 0.3467507753521204 0.014729809947311878 0.03597225621342659
0 0.2593250870704651 0.3815392144024372 0.0309983491897583 0.04829911142587662
0 0.2648218981921673 0.40289125591516495 0.04411151260137558 0.06933780014514923
0 0.21741721034049988 0.3858244977891445 0.032053351402282715 0.0648178979754448
0 0.580266666598618 0.4289348851889372 0.02296271361410618 0.04834726080298424
