0 0.900971245020628 0.6238299161195755 0.054051779210567474 0.2681675851345062
0 0.33978450298309326 0.8421680629253387 0.09714925289154053 0.31539255380630493
0 0.7774401307106018 0.8480832129716873 0.12537908554077148 0.3038335144519806
0 0.9823832996189594 0.6682151854038239 0.03438863903284073 0.30597835779190063
0 0.4774183817207813 0.8188397288322449 0.0976630225777626 0.36192429065704346
0 0.5511694438755512 0.7555169016122818 0.05594310909509659 0.33942344784736633
0 0.2556806653738022 0.39365294203162193 0.04788672924041748 0.11211889237165451
0 0.49804889038205147 0.42921018600463867 0.03799472004175186 0.144395112991333
0 0.3868535039946437 0.3513801507651806 0.017961716279387474 0.08687116950750351
0 0.30921271443367004 0.3782546669244766 0.03147697448730469 0.07612183690071106
0 0.606862461194396 0.4186129868030548 0.04110975190997124 0.14097118377685547
0 0.4469907935708761 0.40205059573054314 0.030663441866636276 0.08379753679037094
0 0.4455675967037678 0.7663268744945526 0.05690131336450577 0.27061671018600464
0 0.5846784356981516 0.4314790666103363 0.03118615224957466 0.14267438650131226
0 0.43273372668772936 0.3443364053964615 0.023163700476288795 0.07632461190223694
0 0.3405153453350067 0.3633115887641907 0.045040011405944824 0.11094093322753906
0 0.415371710434556 0.41603532060980797 0.042179275304079056 0.12302606552839279
0 0.5872037056833506 0.3797212205827236 0.032871294766664505 0.06340139359235764
