0 0.3335848692804575 0.7010596692562103 0.0588253028690815 0.21787220239639282
0 0.18186244741082191 0.863083153963089 0.05943141132593155 0.2542312741279602
0 0.06606291234493256 0.699594646692276 0.09542771428823471 0.26558953523635864
0 0.14928549900650978 0.596211239695549 0.04955480247735977 0.13402196764945984
0 0.16942075453698635 0.723395049571991 0.054496537894010544 0.22162306308746338
0 0.2777413930743933 0.7035481631755829 0.05780942365527153 0.25908106565475464
0 0.032066433457657695 0.621864702552557 0.061701156198978424 0.11416333168745041
0 0.20170732215046883 0.5851262882351875 0.04947862774133682 0.15015317499637604
0 0.24264070950448513 0.6440194994211197 0.043848466128110886 0.13735046982765198
0 0.037240642646793276 0.7187875509262085 0.07330529391765594 0.2105039358139038
