0 0.7307745460420847 0.5420398861169815 0.06050686910748482 0.22141054272651672
0 0.5314596779644489 0.5555247217416763 0.06600866466760635 0.1986234486103058
0 0.5702604530379176 0.34427735209465027 0.02232942543923855 0.08949470520019531
0 0.8229961516335607 0.4524047523736954 0.030567551031708717 0.16174688935279846
0 0.5907064788043499 0.5812401473522186 0.0780719742178917 0.24198400974273682
0 0.5159138087183237 0.3582421764731407 0.026206541806459427 0.11142735183238983
0 0.7943111658096313 0.45001672953367233 0.04308581352233887 0.15784840285778046
0 0.6886238697916269 0.32996897771954536 0.03324322775006294 0.09655151516199112
0 0.6655877949669957 0.32970528304576874 0.026580477133393288 0.08703091740608215
0 0.6315631624311209 0.48445791006088257 0.05391330644488335 0.14072078466415405
0 0.4910388644784689 0.3280426412820816 0.02832932397723198 0.06524547934532166
0 0.4493271471001208 0.2950042989104986 0.015416574664413929 0.04476706311106682
0 0.5399949192069471 0.31813903898000717 0.01348047237843275 0.07054971158504486
0 0.4210252882912755 0.2944812346249819 0.01795330084860325 0.042396459728479385
0 0.3743485389277339 0.3111756257712841 0.02794656716287136 0.06918557733297348
0 0.3585219383239746 0.32164277136325836 0.030369162559509277 0.05893722176551819
0 0.4793761130422354 0.28516278974711895 0.020270537585020065 0.04169413074851036
0 0.40090638399124146 0.30702482908964157 0.030844688415527344 0.05201350152492523
0 0.40379744209349155 0.2744012726470828 0.016885090619325638 0.023878267034888268
