0 0.17560353502631187 0.4642076641321182 0.06038298457860947 0.13202998042106628
0 0.4527914933860302 0.517420694231987 0.04555787891149521 0.17937210202217102
0 0.5533921364694834 0.4994039461016655 0.04502086713910103 0.18245480954647064
0 0.5224041827023029 0.5153804495930672 0.03385744243860245 0.17200495302677155
0 0.19639689661562443 0.9536318816244602 0.060153115540742874 0.09199023991823196
0 0.35255150869488716 0.5455053225159645 0.05199763923883438 0.2091096192598343
0 0.3716544024646282 0.40995151922106743 0.03945758193731308 0.10092993825674057
0 0.3389424979686737 0.9193588420748711 0.10737931728363037 0.16127429902553558
0 0.4605135805904865 0.8821401596069336 0.06814966350793839 0.235701322555542
0 0.2445064689964056 0.4356757812201977 0.03757054731249809 0.0847705826163292
0 0.40166512690484524 0.4955843910574913 0.02847571298480034 0.1475849598646164
0 0.33125066198408604 0.40834854170680046 0.02102344110608101 0.10895856469869614
0 0.29785285517573357 0.4263118840754032 0.03361191600561142 0.12207324057817459
0 0.2681545503437519 0.4209345243871212 0.03137025982141495 0.10923754423856735
0 0.2858663145452738 0.392052398994565 0.030515480786561966 0.05743268504738808
