0 0.358189482241869 0.6724570095539093 0.04780779033899307 0.2006813883781433
0 0.18941819667816162 0.8209588527679443 0.06267261505126953 0.23629438877105713
0 0.1743753906339407 0.5876374915242195 0.04660601541399956 0.13496734201908112
0 0.22143396735191345 0.5507528223097324 0.04728204011917114 0.1043291762471199
0 0.04702703841030598 0.6206073984503746 0.06521371006965637 0.12619976699352264
0 0.1877141147851944 0.7041558027267456 0.051111042499542236 0.20791375637054443
0 0.2891030963510275 0.6864887624979019 0.05360705778002739 0.2639611065387726
0 0.2573470212519169 0.6178435385227203 0.04245946556329727 0.12308472394943237
0 0.06165321730077267 0.7404204085469246 0.073725126683712 0.2132876068353653
0 0.10597608983516693 0.6268482133746147 0.0588705837726593 0.13659583032131195
