0 0.6320788618177176 0.5003336519002914 0.025081347674131393 0.12936702370643616
0 0.21370452642440796 0.539418987929821 0.046791911125183105 0.1300790160894394
0 0.15181658044457436 0.6993129104375839 0.05809596925973892 0.18786200881004333
0 0.019429458305239677 0.6973952129483223 0.038858916610479355 0.13421393930912018
0 0.12570744194090366 0.6061002314090729 0.04810582473874092 0.14428752660751343
0 0.27447569370269775 0.48851611465215683 0.03386664390563965 0.09634976089000702
0 0.46909934282302856 0.5246278308331966 0.02464914321899414 0.0876457616686821
0 0.5530083179473877 0.5129716657102108 0.02421259880065918 0.10427653044462204
0 0.325653332285583 0.43876542150974274 0.025778507813811302 0.07762697339057922
0 0.4839269695803523 0.4645651690661907 0.02440795861184597 0.08433189243078232
0 0.5110175488516688 0.5628305412828922 0.029888248071074486 0.09174007922410965
0 0.3595037218183279 0.4198496211320162 0.022962402552366257 0.05059072747826576
0 0.5635446310043335 0.4563555382192135 0.017757892608642578 0.06770884245634079
0 0.5096159218810499 0.46076360158622265 0.013746547512710094 0.05712759122252464
0 0.3674566624686122 0.38520161528140306 0.011779522523283958 0.026888275519013405
0 0.4757324568927288 0.479978883638978 0.03743328899145126 0.05440186336636543
0 0.5114008309319615 0.5049059931188822 0.016272449865937233 0.04627685621380806
