0 0.6779152154922485 0.8287855535745621 0.08685922622680664 0.33547380566596985
0 0.4131622202694416 0.6513466164469719 0.05201420933008194 0.21359167993068695
0 0.7521024942398071 0.8359510004520416 0.09296441078186035 0.28690963983535767
0 0.2780148275196552 0.6037246584892273 0.041654326021671295 0.2102791666984558
0 0.25908290781080723 0.35583629459142685 0.03510849550366402 0.07244561612606049
0 0.14069627039134502 0.4166915602982044 0.043034087866544724 0.10846511274576187
0 0.6596277002245188 0.37308233976364136 0.03055553510785103 0.08535003662109375
0 0.5947119472548366 0.38882728666067123 0.026037072762846947 0.08802871406078339
0 0.7163979653269053 0.35998301953077316 0.03387646749615669 0.09114150702953339
0 0.23011213541030884 0.47098180651664734 0.04350912570953369 0.19122695922851562
0 0.06417285278439522 0.3698282986879349 0.043311573565006256 0.07461598515510559
0 0.10764067247509956 0.3680490218102932 0.0450887456536293 0.07236378639936447
0 0.5333753935992718 0.8997399061918259 0.07011236995458603 0.20052024722099304
0 0.2507031820714474 0.4010933227837086 0.03369786590337753 0.057653047144412994
0 0.21516794245690107 0.3724890388548374 0.019983267411589622 0.07723600417375565
0 0.6027623414993286 0.4706196151673794 0.032843589782714844 0.08730053156614304
