0 0.7078952081501484 0.5300433784723282 0.05511675029993057 0.1948120892047882
0 0.5236513018608093 0.5506522580981255 0.06366229057312012 0.22426651418209076
0 0.7759374137967825 0.44078299403190613 0.04348320886492729 0.16269713640213013
0 0.5590821029618382 0.3411661647260189 0.02089681662619114 0.09167753905057907
0 0.7959165461361408 0.4409920871257782 0.038836099207401276 0.164669930934906
0 0.5063460469245911 0.35287410765886307 0.023853540420532227 0.10288454592227936
0 0.6778739932924509 0.33650659769773483 0.031433869153261185 0.06740354001522064
0 0.6529967905953526 0.32605231553316116 0.03012719191610813 0.08079071342945099
0 0.5812717452645302 0.569547213613987 0.07623954117298126 0.24443240463733673
0 0.47662135399878025 0.324146781116724 0.02388601377606392 0.06636375933885574
0 0.6259770393371582 0.47060637921094894 0.03516340255737305 0.10493694245815277
0 0.4612621311098337 0.2849767189472914 0.022365856915712357 0.044454511255025864
0 0.5246697305701673 0.3215649016201496 0.012006091885268688 0.06551674753427505
0 0.431990182492882 0.29213739186525345 0.013553095050156116 0.046808138489723206
0 0.40361509937793016 0.29601857252418995 0.019068622961640358 0.05673796311020851
0 0.342810845002532 0.31786508299410343 0.02801818773150444 0.05470814183354378
0 0.3759334208443761 0.30236123688519 0.02239813841879368 0.053254637867212296
0 0.666732239536941 0.2975953742861748 0.01480255089700222 0.04228220880031586
0 0.6076938156038523 0.48378802090883255 0.04124932363629341 0.06947483122348785
0 0.38945960998535156 0.30292923375964165 0.017894506454467773 0.04884281009435654
0 0.36223103385418653 0.3108126427978277 0.022391175851225853 0.03527865931391716
0 0.4691155254840851 0.2568019861355424 0.01055598258972168 0.024749713018536568
