0 0.6219881772994995 0.5119635164737701 0.04618191719055176 0.13713937997817993
0 0.6772139072418213 0.4065086469054222 0.05336475372314453 0.14030902087688446
0 0.4944516597315669 0.3305841125547886 0.020253753289580345 0.0765884593129158
0 0.43869718350470066 0.33122899755835533 0.019315291196107864 0.08403771370649338
0 0.4018339393660426 0.30400244519114494 0.021132802590727806 0.06842585653066635
0 0.46049670595675707 0.31312418170273304 0.01756610907614231 0.057642702013254166
0 0.4800316449254751 0.5154504254460335 0.057099055498838425 0.18425877392292023
0 0.6116536017507315 0.32523640990257263 0.02620978280901909 0.06351977586746216
0 0.3522094190120697 0.27626884169876575 0.023474574089050293 0.04580533877015114
0 0.5465126037597656 0.4759165272116661 0.034327030181884766 0.14158855378627777
0 0.2483831588178873 0.310280941426754 0.022481132298707962 0.05738268792629242
0 0.5127171818166971 0.5261466056108475 0.05130963400006294 0.19970563054084778
0 0.585275387391448 0.3127010427415371 0.021875571459531784 0.08061205595731735
0 0.3327482584863901 0.2820818591862917 0.016669083386659622 0.04631063714623451
0 0.273068237118423 0.30584703385829926 0.022116398438811302 0.06646618247032166
0 0.2988500948995352 0.2882647477090359 0.02965087816119194 0.049135737121105194
0 0.2817201856523752 0.3023735284805298 0.03367011621594429 0.06538647413253784
0 0.31243111472576857 0.25792703684419394 0.012270903214812279 0.0256452988833189
0 0.6079691890627146 0.30875762552022934 0.028139639645814896 0.07632802426815033
