0 0.33390888571739197 0.6348955184221268 0.07006287574768066 0.22041752934455872
0 0.826535165309906 0.4431267939507961 0.03499746322631836 0.0831139013171196
0 0.5931311007589102 0.5834983438253403 0.0406159870326519 0.1816113293170929
0 0.5468394998461008 0.609132930636406 0.04781513288617134 0.2140880525112152
0 0.4524994492530823 0.4991545006632805 0.04614853858947754 0.13863418996334076
0 0.5284428838640451 0.7942140251398087 0.04430871084332466 0.28229811787605286
0 0.9193002106621861 0.37574198096990585 0.030810261145234108 0.1031685322523117
0 0.8186313509941101 0.35574115812778473 0.03538227081298828 0.08197388052940369
0 0.3758060336112976 0.44919218122959137 0.056070566177368164 0.14262238144874573
0 0.30261915922164917 0.35890039801597595 0.03615570068359375 0.08763372898101807
0 0.9552935250103474 0.35286398231983185 0.03448972851037979 0.06028732657432556
0 0.18594146147370338 0.32245395332574844 0.04229096323251724 0.0725230723619461
0 0.40137975197285414 0.31829191371798515 0.02600703202188015 0.07532795518636703
0 0.3758975565433502 0.31822529435157776 0.017127633094787598 0.060617148876190186
0 0.23465915955603123 0.34494152292609215 0.026282954961061478 0.08222340792417526
0 0.35769605077803135 0.39915781468153 0.028316069394350052 0.06530605256557465
0 0.9887416958808899 0.32926557399332523 0.015131950378417969 0.031642574816942215
0 0.3115946054458618 0.3395189121365547 0.018400073051452637 0.07115961611270905
0 0.99569151410833 0.3589626718312502 0.007978630252182484 0.027984533458948135
0 0.005964830118482922 0.3209816738963127 0.011929546482861042 0.06250230967998505
