0 0.8468214645981789 0.7237431332468987 0.10194654762744904 0.22317801415920258
0 0.48022159188985825 0.6226379424333572 0.06444315612316132 0.17005208134651184
0 0.6139869578182697 0.5410341210663319 0.04281673580408096 0.12395218759775162
0 0.6260760314762592 0.7520096972584724 0.10499129444360733 0.2458275705575943
0 0.18112679198384285 0.42532821372151375 0.04945216327905655 0.09399095922708511
0 0.3077744133770466 0.429819006472826 0.03520212322473526 0.09436378628015518
0 0.5594010595232248 0.4408453106880188 0.03708391264081001 0.08277952671051025
0 0.42706204019486904 0.48440294712781906 0.04921264573931694 0.08877508342266083
0 0.36179953068494797 0.4446529820561409 0.06583182513713837 0.13085360825061798
0 0.9889417411759496 0.6971138138324022 0.02211608923971653 0.061060670763254166
0 0.23334460891783237 0.4189113527536392 0.04202382639050484 0.08072230219841003
0 0.44032696448266506 0.4368033595383167 0.032620619982481 0.0731906071305275
0 0.5752695798873901 0.4166525937616825 0.03991532325744629 0.07681859284639359
0 0.6105488659814 0.41468602046370506 0.030116939917206764 0.0766587182879448
