0 0.5726304762065411 0.6854269802570343 0.05168309062719345 0.2550390362739563
0 0.6333485245704651 0.6664115861058235 0.04344964027404785 0.2225598245859146
0 0.7859386447817087 0.37714606150984764 0.0323367603123188 0.10743188112974167
0 0.30282194539904594 0.4939587414264679 0.04500570148229599 0.1333332061767578
0 0.3429005555808544 0.7871357053518295 0.0739687904715538 0.29838117957115173
0 0.37427788972854614 0.555018424987793 0.04729127883911133 0.16571778059005737
0 0.8446610681712627 0.3560978136956692 0.052303217351436615 0.09351556748151779
0 0.6836428865790367 0.9092133492231369 0.0647149533033371 0.18059369921684265
0 0.17650059424340725 0.3689826875925064 0.027979981154203415 0.0875767171382904
0 0.10789558105170727 0.3390979617834091 0.03272653743624687 0.07684847712516785
0 0.24941086769104004 0.3883255124092102 0.0335996150970459 0.08304184675216675
0 0.2751396056264639 0.4342372976243496 0.029158305376768112 0.12200122326612473
0 0.2912212014198303 0.3316890373826027 0.020956993103027344 0.05585755407810211
0 0.708857512101531 0.3688392788171768 0.02780456468462944 0.09194198250770569
0 0.3267171438783407 0.34590713679790497 0.028508733958005905 0.05702480673789978
0 0.1401012446731329 0.33476218581199646 0.028567563742399216 0.05935543775558472
0 0.7101550698280334 0.445026196539402 0.02707076072692871 0.07958056032657623
0 0.32346060313284397 0.3279324434697628 0.019372273236513138 0.07025008648633957
0 0.16684290766716003 0.3377544293180108 0.011556088924407959 0.028182687237858772
