0 0.34681906178593636 0.6747721508145332 0.05227086693048477 0.19398583471775055
0 0.1832168996334076 0.864949032664299 0.058547139167785645 0.2644812762737274
0 0.16536569595336914 0.5705710388720036 0.04542821645736694 0.10991520434617996
0 0.21181098744273186 0.5713261812925339 0.04924597591161728 0.12310358881950378
0 0.1795646846294403 0.7019440233707428 0.05068475008010864 0.19890552759170532
0 0.03843913599848747 0.6435427144169807 0.0738375261425972 0.14768244326114655
0 0.2829908076673746 0.692291334271431 0.054450321942567825 0.1591375172138214
0 0.068424416705966 0.6766021773219109 0.09097214043140411 0.22623609006404877
0 0.24939551576972008 0.6550158485770226 0.04706611484289169 0.17792002856731415
0 0.27616301737725735 0.5945786647498608 0.03993554040789604 0.0710265263915062
0 0.1063040317967534 0.5870848912745714 0.02668958343565464 0.059000734239816666
