0 0.5970505960285664 0.5104114562273026 0.03316078335046768 0.13230827450752258
0 0.4088591756299138 0.3302183225750923 0.019301677122712135 0.08341754972934723
0 0.6214330792427063 0.3884366415441036 0.03293132781982422 0.1194596216082573
0 0.47257937863469124 0.5205650925636292 0.08301935344934464 0.20682376623153687
0 0.20466561894863844 0.30085161328315735 0.027146076783537865 0.07516193389892578
0 0.36772899609059095 0.29658636264503 0.02269766293466091 0.062434133142232895
0 0.5801478624343872 0.31046159006655216 0.021806716918945312 0.04119904711842537
0 0.5544658545404673 0.3120666705071926 0.01988701894879341 0.07994168251752853
0 0.46352615393698215 0.3279896751046181 0.021633435040712357 0.07543911039829254
0 0.2297201631590724 0.30632201582193375 0.022980546578764915 0.07266642153263092
0 0.5245291832834482 0.46501871943473816 0.034815121442079544 0.11596238613128662
0 0.4373284401372075 0.3073349613696337 0.018366241827607155 0.03885466232895851
0 0.2919419826939702 0.2752342205494642 0.025512242689728737 0.04260086640715599
0 0.2542278114706278 0.2822934351861477 0.025376487523317337 0.06205480545759201
0 0.28462631721049547 0.28299168311059475 0.015516543760895729 0.04431934282183647
0 0.6427331920713186 0.4112670309841633 0.03161473199725151 0.12494627386331558
0 0.2984912754036486 0.26228574477136135 0.014964056201279163 0.0479227714240551
0 0.5097039826214314 0.47100092843174934 0.046416379511356354 0.1031372919678688
0 0.22686431370675564 0.29085373133420944 0.020122241228818893 0.06163512170314789
0 0.5695852637290955 0.2883062921464443 0.010710954666137695 0.04682844132184982
0 0.2624506829306483 0.2721844110637903 0.015025472268462181 0.05092330649495125
0 0.5595229864120483 0.2872356977313757 0.02623748779296875 0.04125944897532463
