0 0.44963926635682583 0.9115288332104683 0.05521411821246147 0.1769423633813858
0 0.1557139065116644 0.4764704182744026 0.06028325483202934 0.13337863981723785
0 0.4462035112082958 0.5424764081835747 0.041271112859249115 0.17005173861980438
0 0.5112022161483765 0.54291732609272 0.03946375846862793 0.19534042477607727
0 0.5423711650073528 0.5303361341357231 0.03976144641637802 0.19687144458293915
0 0.2266328874975443 0.45836449414491653 0.038428474217653275 0.08540268242359161
0 0.3295820113271475 0.5871468782424927 0.05381817743182182 0.21758311986923218
0 0.31698539294302464 0.4232943542301655 0.019176531583070755 0.11355111747980118
0 0.3838239200413227 0.5165788382291794 0.03554556518793106 0.15435358881950378
0 0.42747896909713745 0.5175533778965473 0.024111509323120117 0.0740998163819313
0 0.28257795609533787 0.4514918476343155 0.03768782690167427 0.0966508686542511
0 0.3411503555253148 0.39937840588390827 0.018042946234345436 0.04250356927514076
0 0.3445240370929241 0.49349743127822876 0.0515231117606163 0.17483943700790405
0 0.2502004597336054 0.42841117456555367 0.03472094610333443 0.10339859873056412
0 0.2646814342588186 0.44048669561743736 0.0454985611140728 0.09968041628599167
0 0.3617390748113394 0.4354833513498306 0.031117748469114304 0.08710911870002747
0 0.28484790306538343 0.3935367036610842 0.025432800874114037 0.0611361600458622
0 0.2600992741063237 0.38976844400167465 0.012810731306672096 0.039332494139671326
