0 0.04096493683755398 0.5548588186502457 0.03288397938013077 0.12316462397575378
0 0.7345819715410471 0.6577421277761459 0.054572392255067825 0.18182715773582458
0 0.8766422383487225 0.7076166197657585 0.06727638095617294 0.19422315061092377
0 0.7581446170806885 0.5976237654685974 0.05879950523376465 0.13686108589172363
0 0.23046324774622917 0.627619281411171 0.06235220283269882 0.1964053213596344
0 0.949263907968998 0.7328312247991562 0.09453554451465607 0.20679494738578796
0 0.3057970888912678 0.6370067819952965 0.0365971103310585 0.09462873637676239
0 0.32694139517843723 0.5341633334755898 0.025722909718751907 0.12656427919864655
0 0.5839011315256357 0.4752066060900688 0.03488974645733833 0.08597730100154877
0 0.42077204026281834 0.44883374869823456 0.042008209973573685 0.06977221369743347
0 0.9582946300506592 0.663475476205349 0.07875299453735352 0.13922183215618134
0 0.2600616868585348 0.6256535425782204 0.03479118272662163 0.11081559956073761
0 0.24328502640128136 0.5310600213706493 0.03169276565313339 0.0853087529540062
0 0.5429371474310756 0.5280482657253742 0.0293410774320364 0.08483568578958511
0 0.5065303631126881 0.4850076586008072 0.032552577555179596 0.08349910378456116
0 0.47900358960032463 0.5029347464442253 0.03278937190771103 0.08189336955547333
0 0.3048287872225046 0.5439609922468662 0.036589790135622025 0.09517652541399002
0 0.4524117587134242 0.494272343814373 0.0234359260648489 0.10647426545619965
0 0.5373098012059927 0.46072517335414886 0.03323478624224663 0.08479008078575134
0 0.45871106907725334 0.463083254173398 0.032478950917720795 0.04735586419701576
0 0.9293477647006512 0.6361890695989132 0.05356874316930771 0.08552449196577072
0 0.45045936666429043 0.45317918062210083 0.024603795260190964 0.07041037082672119
0 0.555316960439086 0.4656588099896908 0.02377934381365776 0.06535004824399948
