0 0.6264015212655067 0.6612411662936211 0.08652825653553009 0.17092619836330414
0 0.39923062920570374 0.7271889895200729 0.06817090511322021 0.2666233479976654
0 0.3169300314038992 0.5662719458341599 0.050484489649534225 0.16805246472358704
0 0.9425985589623451 0.8124595955014229 0.11387224495410919 0.18384136259555817
0 0.9142057448625565 0.8810723945498466 0.1326545774936676 0.2373126596212387
0 0.5961543079465628 0.3872651606798172 0.03854937478899956 0.06490728259086609
0 0.34172257222235203 0.4180455952882767 0.041126299649477005 0.07359865307807922
0 0.1375407986342907 0.38205016031861305 0.04369410127401352 0.05628473311662674
0 0.0890886690467596 0.3989390917122364 0.04686574265360832 0.08714542537927628
0 0.575482988730073 0.49586451798677444 0.037694741040468216 0.13657505810260773
0 0.21830880641937256 0.4293949455022812 0.06380343437194824 0.10149022936820984
0 0.5545822381973267 0.4208669401705265 0.040444374084472656 0.10063917189836502
0 0.3058543149381876 0.4780842140316963 0.03829221799969673 0.10353393852710724
0 0.2878327313810587 0.4096996821463108 0.03301136568188667 0.0626145675778389
0 0.2669033049605787 0.3692540656775236 0.01474230270832777 0.040228333324193954
0 0.6260953191667795 0.36556147411465645 0.02392416074872017 0.06100807338953018
0 0.23430250026285648 0.3883753791451454 0.03828482702374458 0.06200464069843292
0 0.6407725932076573 0.3943060040473938 0.023133659735322 0.047399818897247314
0 0.5592771880328655 0.4431844800710678 0.0340510830283165 0.08514925837516785
