0 0.4403242524713278 0.519995927810669 0.0514652244746685 0.18903249502182007
0 0.1656653555110097 0.3026653788983822 0.020774388685822487 0.07350175827741623
0 0.4823666103184223 0.5377940088510513 0.0466218963265419 0.20839110016822815
0 0.5317047834396362 0.3124055527150631 0.023782730102539062 0.07483529299497604
0 0.5854230877012014 0.45725688338279724 0.034959983080625534 0.20173704624176025
0 0.38410182017832994 0.32431215792894363 0.018762851133942604 0.08420176804065704
0 0.343401831574738 0.30312395840883255 0.02687850035727024 0.06740690767765045
0 0.5541459443047643 0.30900237895548344 0.025575065985322 0.05603726580739021
0 0.44212821684777737 0.32517219334840775 0.020430516451597214 0.06940169632434845
0 0.6121141193434596 0.404669389128685 0.02855238877236843 0.11154982447624207
0 0.5056509915739298 0.47864939272403717 0.0410798080265522 0.15503141283988953
0 0.19405302125960588 0.3025716207921505 0.02570798434317112 0.05683981627225876
0 0.5862708576023579 0.3805079497396946 0.03300795704126358 0.11046291142702103
0 0.4205684419721365 0.30978995002806187 0.017856549471616745 0.05384521558880806
0 0.24540125764906406 0.2729765363037586 0.024266529828310013 0.06270129233598709
0 0.20989414490759373 0.290366904810071 0.026937711983919144 0.05038473382592201
0 0.21508873999118805 0.2802794296294451 0.018164992332458496 0.06211141124367714
0 0.2043655989691615 0.28104681707918644 0.02185300551354885 0.05455680564045906
