0 0.2948461715131998 0.6313893869519234 0.041366029530763626 0.21116723120212555
0 0.45074411667883396 0.6400886848568916 0.05279116705060005 0.18867959082126617
0 0.7239288315176964 0.8396212607622147 0.09603933990001678 0.3179056942462921
0 0.6038620099425316 0.9066344201564789 0.07734470069408417 0.1861676573753357
0 0.14847665093839169 0.4138855002820492 0.04524512216448784 0.1031293198466301
0 0.5876590730622411 0.47247612476348877 0.026873493567109108 0.11427628993988037
0 0.7975759990513325 0.8193864300847054 0.09047327190637589 0.24883998930454254
0 0.6994905825704336 0.3660421222448349 0.0373041145503521 0.08092167973518372
0 0.5810688138008118 0.3889852352440357 0.027217864990234375 0.07629100233316422
0 0.6455405950546265 0.37591177225112915 0.035558462142944336 0.07027846574783325
0 0.24542883038520813 0.4929752051830292 0.03305935859680176 0.17894834280014038
0 0.10400095023214817 0.3713442161679268 0.033849138766527176 0.07616700232028961
0 0.063375448808074 0.37570657953619957 0.03875323757529259 0.0854678675532341
0 0.2671500388532877 0.4224388040602207 0.035303521901369095 0.06830639392137527
0 0.2615927429869771 0.3787179756909609 0.029442215338349342 0.044857535511255264
0 0.215657576918602 0.3748936727643013 0.0314255952835083 0.07289595901966095
0 0.2359726820141077 0.43148476257920265 0.052852559834718704 0.1028783991932869
