0 0.11105357110500336 0.5326936990022659 0.0667354166507721 0.1664244830608368
0 0.27634337544441223 0.6601890474557877 0.060976505279541016 0.2708822786808014
0 0.4193023797124624 0.606424905359745 0.04174346849322319 0.20444543659687042
0 0.5068912450224161 0.5753410756587982 0.044893551617860794 0.23112589120864868
0 0.3694466408342123 0.9535198993980885 0.04009993001818657 0.0929596796631813
0 0.47201005183160305 0.5970883592963219 0.0369388572871685 0.20455043017864227
0 0.31844810768961906 0.4820919595658779 0.03398837894201279 0.09024166315793991
0 0.18521315418183804 0.4998268187046051 0.040690433233976364 0.091957688331604
0 0.3204006068408489 0.5916115716099739 0.04192390292882919 0.1212313324213028
0 0.3861172441393137 0.583074226975441 0.032564569264650345 0.1722838580608368
0 0.2517676055431366 0.4983251504600048 0.03925156593322754 0.10198851674795151
0 0.35483360290527344 0.5721818543970585 0.02779829502105713 0.0996447280049324
0 0.2861440237611532 0.46890270709991455 0.025130223482847214 0.08821457624435425
0 0.2610264481045306 0.43459863029420376 0.014369321055710316 0.05294341966509819
0 0.23642474971711636 0.4835771434009075 0.03603477403521538 0.10268410295248032
0 0.21248345356434584 0.4896801672875881 0.028116976842284203 0.09540265053510666
0 0.2911969665437937 0.44694913923740387 0.0336947925388813 0.10219141840934753
0 0.22034085728228092 0.4279582630842924 0.016419101506471634 0.046435799449682236
0 0.24528848240152 0.4121428746730089 0.013725590892136097 0.04588640108704567
0 0.20893556997179985 0.45851394534111023 0.03237958997488022 0.08354127407073975
0 0.359288115054369 0.5480891764163971 0.03242001682519913 0.12843060493469238
