0 0.17658831551671028 0.7984787970781326 0.06777302175760269 0.3033510744571686
0 0.038340414757840335 0.6205843165516853 0.0755709558725357 0.17286325991153717
0 0.3491955157369375 0.741138830780983 0.04930312559008598 0.2683188021183014
0 0.4036381244659424 0.697622500360012 0.039585232734680176 0.23551003634929657
0 0.11527968943119049 0.5636199489235878 0.041203320026397705 0.16860122978687286
0 0.43348683044314384 0.6735005006194115 0.04439821094274521 0.24322526156902313
0 0.2675945106893778 0.6653177365660667 0.05873529985547066 0.21197907626628876
0 0.308251166716218 0.6826685965061188 0.042208123952150345 0.25456589460372925
0 0.2492842897772789 0.5334996655583382 0.06789751350879669 0.14090664684772491
0 0.1447363616898656 0.5491383597254753 0.028034532442688942 0.15177057683467865
0 0.18495963886380196 0.5683507770299911 0.04962817579507828 0.17834320664405823
0 0.18747065402567387 0.49374863132834435 0.024382460862398148 0.07176487892866135
