0 0.10282890871167183 0.8558599501848221 0.0845073014497757 0.2861122190952301
0 0.3628261499106884 0.7338511645793915 0.04771854728460312 0.27217382192611694
0 0.24579990841448307 0.800401896238327 0.059688497334718704 0.3674594759941101
0 0.10409185849130154 0.6752420887351036 0.052706461399793625 0.20452193915843964
0 0.31543191708624363 0.7864994555711746 0.04789547994732857 0.2798064053058624
0 0.18894346430897713 0.5858127251267433 0.05674026161432266 0.1632365733385086
0 0.04444087855517864 0.6463820077478886 0.04919989034533501 0.11651653796434402
0 0.08782440051436424 0.621990542858839 0.05417851358652115 0.09974034875631332
0 0.25912844203412533 0.64283193834126 0.01989109441637993 0.061553869396448135
0 0.28350252471864223 0.7103750705718994 0.03866703435778618 0.21075057983398438
0 0.09895051084458828 0.5821900367736816 0.03308654949069023 0.09232199192047119
0 0.0710792513564229 0.5628697909414768 0.0207365695387125 0.05089772492647171
