0 0.22977982088923454 0.5456985756754875 0.038214944303035736 0.12206785380840302
0 0.41420165821909904 0.6119177490472794 0.03861405700445175 0.17004695534706116
0 0.3517157379537821 0.6230967864394188 0.061843086034059525 0.15241639316082
0 0.2603904418647289 0.7069792523980141 0.06570639461278915 0.24925477802753448
0 0.08118448220193386 0.616595983505249 0.04905347898602486 0.14593756198883057
0 0.16461266949772835 0.5865358337759972 0.04482243210077286 0.10807494819164276
0 0.11255494505167007 0.6933930888772011 0.06528340280056 0.19997651875019073
0 0.34756095334887505 0.5538974478840828 0.03136422485113144 0.08624233305454254
0 0.30643318220973015 0.5709485299885273 0.03670599311590195 0.1110912337899208
0 0.2742448393255472 0.5105653777718544 0.037447500973939896 0.0773102194070816
0 0.27359223924577236 0.5450579561293125 0.037703704088926315 0.08783925324678421
0 0.2683367393910885 0.621707871556282 0.06317784637212753 0.17415741086006165
0 0.1341813411563635 0.6033418513834476 0.03571416065096855 0.09303135424852371
