0 0.40048831701278687 0.5307056605815887 0.051838040351867676 0.18078190088272095
0 0.2786552123725414 0.30059177055954933 0.032048486173152924 0.06492049247026443
0 0.9738575704395771 0.446893572807312 0.041350461542606354 0.1374295949935913
0 0.44290195032954216 0.6030213087797165 0.03836669772863388 0.1922512948513031
0 0.3253714917227626 0.3259804956614971 0.023285483941435814 0.08689220994710922
0 0.5555049665272236 0.4751867428421974 0.03407440334558487 0.14654667675495148
0 0.3851051088422537 0.32887670770287514 0.021788667887449265 0.091914601624012
0 0.5101236347109079 0.5624864734709263 0.04484062269330025 0.12416339665651321
0 0.47398799657821655 0.3116815984249115 0.025641441345214844 0.07005184888839722
0 0.49563261307775974 0.31170290522277355 0.02189641073346138 0.05272447690367699
0 0.5162782073020935 0.4253123253583908 0.04189157485961914 0.1448788344860077
0 0.49294975958764553 0.38303665444254875 0.029645394533872604 0.0902605876326561
0 0.5272574424743652 0.5051806680858135 0.04074263572692871 0.08205702155828476
0 0.14650167524814606 0.28968404047191143 0.021725356578826904 0.06022879108786583
0 0.09782588668167591 0.31604287773370743 0.02976386621594429 0.06636448204517365
0 0.07282982021570206 0.31230075284838676 0.019697725772857666 0.0692879781126976
0 0.12257963418960571 0.29927472956478596 0.02246403694152832 0.04994318261742592
