0 0.22394318506121635 0.5473136603832245 0.0651596412062645 0.15072864294052124
0 0.02453147992491722 0.6394648551940918 0.04906295984983444 0.1332237720489502
0 0.3110452238470316 0.7822291776537895 0.05501668527722359 0.23836170136928558
0 0.25569937750697136 0.699168860912323 0.05590953677892685 0.22149920463562012
0 0.3646575100719929 0.7288048639893532 0.041277505457401276 0.24078746140003204
0 0.1344958283007145 0.845787987112999 0.061367250978946686 0.30771633982658386
0 0.3944183997809887 0.7047132849693298 0.05621173232793808 0.2808215618133545
0 0.15911467000842094 0.6132192388176918 0.046104274690151215 0.20075471699237823
0 0.08828342333436012 0.5838435813784599 0.04778524488210678 0.15831349790096283
0 0.13382486253976822 0.5779222398996353 0.057847023010253906 0.1575404703617096
0 0.2859711293131113 0.7037923410534859 0.04609279707074165 0.16528989374637604
0 0.1486213682219386 0.5115868747234344 0.017311370000243187 0.05197364091873169
0 0.30868715047836304 0.6050093695521355 0.021174907684326172 0.05921719968318939
0 0.1261641178280115 0.523258626461029 0.015842724591493607 0.04583740234375
