0 0.36372624710202217 0.5911653786897659 0.042960502207279205 0.1945888102054596
0 0.6571863535791636 0.717586487531662 0.057550717145204544 0.2528694272041321
0 0.3750271312892437 0.8394752144813538 0.07500412315130234 0.3210488557815552
0 0.2901899702847004 0.543819434940815 0.0442563071846962 0.1836896687746048
0 0.5885308030992746 0.7496475726366043 0.05348401144146919 0.3331473171710968
0 0.7534301998093724 0.36898166686296463 0.030507946386933327 0.09406585991382599
0 0.0962434746325016 0.3476569317281246 0.037064410746097565 0.07031207531690598
0 0.309078311547637 0.3432730473577976 0.03278930112719536 0.08496583253145218
0 0.6815807577222586 0.41592882573604584 0.02872629091143608 0.1736845076084137
0 0.7414258010685444 0.9321002960205078 0.05726037174463272 0.13579940795898438
0 0.2697349665686488 0.3457545004785061 0.01945326291024685 0.07398884743452072
0 0.16624567843973637 0.3742195703089237 0.03400080278515816 0.08222240954637527
0 0.812250530347228 0.3670329973101616 0.0472535602748394 0.07881836593151093
0 0.12616106308996677 0.34141087904572487 0.02483968809247017 0.07032788544893265
0 0.25731741450726986 0.4397246986627579 0.032903026789426804 0.16092661023139954
0 0.24476462975144386 0.3905368521809578 0.038840748369693756 0.07606501877307892
0 0.8002533195540309 0.33190152049064636 0.023966407403349876 0.045100510120391846
0 0.23348735831677914 0.3662031088024378 0.019098591059446335 0.03566356375813484
