0 0.1729441173374653 0.6363444030284882 0.045218683779239655 0.16509157419204712
0 0.8813626989722252 0.7483731955289841 0.09641723334789276 0.2110559642314911
0 0.1099340207874775 0.5870990231633186 0.040257446467876434 0.19505877792835236
0 0.0717927236109972 0.606036402285099 0.034156281501054764 0.1097068339586258
0 0.5039383359253407 0.5287158042192459 0.04842338711023331 0.11160489916801453
0 0.7043133266270161 0.655294880270958 0.0939081683754921 0.2579532563686371
0 0.012598524801433086 0.7198194190859795 0.025197049602866173 0.11886440217494965
0 0.23433875665068626 0.5283697284758091 0.04457034915685654 0.10850346833467484
0 0.18812334537506104 0.5107505805790424 0.04062628746032715 0.10148713737726212
0 0.5291989799588919 0.466136883944273 0.04095573350787163 0.07666333764791489
0 0.32232746481895447 0.45176875591278076 0.029218435287475586 0.06849509477615356
0 0.9478738084435463 0.7636851146817207 0.09884662926197052 0.21446575224399567
0 0.9563649408519268 0.6871149130165577 0.08502759784460068 0.11753014475107193
0 0.44140258990228176 0.5062764845788479 0.03273124620318413 0.08374803513288498
0 0.49336293898522854 0.4435504153370857 0.03606219217181206 0.07973022758960724
0 0.40336001478135586 0.5040913596749306 0.04058976098895073 0.07757754623889923
0 0.36411831341683865 0.46040084958076477 0.026546310633420944 0.03920334577560425
0 0.3065806864760816 0.4294444266706705 0.013345408253371716 0.03439216688275337
0 0.415140300989151 0.4959525391459465 0.035735487937927246 0.08211521804332733
0 0.3831176646053791 0.4861638955771923 0.04783497005701065 0.10554953664541245
0 0.41391127090901136 0.4574426244944334 0.031241392716765404 0.05180176720023155
0 0.40911212004721165 0.4819639530032873 0.032853055745363235 0.05637935921549797
0 0.4293334363028407 0.4517991039901972 0.029835795983672142 0.0485016293823719
