0 0.41603856161236763 0.6090243756771088 0.03685662895441055 0.1632973551750183
0 0.2643519937992096 0.7416381984949112 0.0658423900604248 0.18668857216835022
0 0.35342115722596645 0.6245009452104568 0.06172914430499077 0.18766191601753235
0 0.23064763844013214 0.5471033677458763 0.03900480270385742 0.12049399316310883
0 0.16731810569763184 0.5848608873784542 0.04438960552215576 0.11044972389936447
0 0.27988962829113007 0.6205926239490509 0.08104777336120605 0.19277149438858032
0 0.08310353010892868 0.6115283668041229 0.049052439630031586 0.13809806108474731
0 0.274870490655303 0.5256297066807747 0.037418436259031296 0.11171557009220123
0 0.11661022901535034 0.6815268620848656 0.06689505279064178 0.23657362163066864
0 0.3515399992465973 0.552302073687315 0.03463184833526611 0.08757057040929794
0 0.31764438143000007 0.5334784407168627 0.013425159268081188 0.04255235567688942
