0 0.43807836808264256 0.5207476690411568 0.05143337324261665 0.20459772646427155
0 0.5831718798726797 0.45831839740276337 0.03771538659930229 0.19977590441703796
0 0.49158040434122086 0.5178034380078316 0.06387372314929962 0.22810067236423492
0 0.15902484953403473 0.30253199860453606 0.020625948905944824 0.0745096430182457
0 0.5512965796515346 0.30555906146764755 0.02330002747476101 0.05555860698223114
0 0.3798415120691061 0.3252056688070297 0.019289802759885788 0.08529362082481384
0 0.5276808263733983 0.3111445717513561 0.02497735060751438 0.07382621616125107
0 0.23608585633337498 0.27353113889694214 0.023611951619386673 0.057575076818466187
0 0.604363989084959 0.41181186959147453 0.031485699117183685 0.12032892554998398
0 0.43767249584198 0.3278006762266159 0.021657705307006836 0.07296928763389587
0 0.3383077085018158 0.30559881404042244 0.027176856994628906 0.057019807398319244
0 0.4177522184327245 0.3078501783311367 0.01740446127951145 0.04109113663434982
0 0.18649866618216038 0.3050619177520275 0.024686742573976517 0.06495990604162216
0 0.5795730836689472 0.3799988143146038 0.03247866779565811 0.11083003133535385
0 0.2062536831945181 0.28155725449323654 0.019772838801145554 0.06200955808162689
0 0.1977607486769557 0.28284734673798084 0.019960736855864525 0.05790269747376442
0 0.3299052477814257 0.27935153525322676 0.013642382808029652 0.028393512591719627
0 0.18134234566241503 0.2850921079516411 0.016345763579010963 0.05374632775783539
0 0.1880804542452097 0.32001675479114056 0.018385756760835648 0.05497023090720177
0 0.5316752307116985 0.2850865535438061 0.03155221790075302 0.04033728688955307
