0 0.7298003677278757 0.6594799607992172 0.05816178396344185 0.17521867156028748
0 0.7723881714046001 0.5912236794829369 0.07499756664037704 0.12101177871227264
0 0.8674615733325481 0.7034729421138763 0.06673946231603622 0.20799094438552856
0 0.06943195313215256 0.5643723085522652 0.03394373506307602 0.1401980072259903
0 0.5885433908551931 0.4671306349337101 0.03211207315325737 0.09188372641801834
0 0.012433649972081184 0.5729477107524872 0.02486729994416237 0.13299018144607544
0 0.4334563072770834 0.4491368681192398 0.03766198083758354 0.07567766308784485
0 0.9422357454895973 0.6455173343420029 0.08022041618824005 0.12551578879356384
0 0.5443864110857248 0.5306056961417198 0.02722005918622017 0.08043645322322845
0 0.26134689524769783 0.6292557939887047 0.0823274627327919 0.21242789924144745
0 0.9490770101547241 0.7191583290696144 0.09809064865112305 0.17477913200855255
0 0.32672027312219143 0.5891106054186821 0.045555662363767624 0.2377421110868454
0 0.4645644184201956 0.4507586993277073 0.03205366060137749 0.05978376418352127
0 0.46396595798432827 0.5070482790470123 0.027740906924009323 0.07035064697265625
0 0.5173106910660863 0.5083112791180611 0.02569904364645481 0.07700814306735992
0 0.4864213652908802 0.5071885026991367 0.031435348093509674 0.08382517844438553
0 0.5530031798407435 0.4610625058412552 0.026630735024809837 0.062211185693740845
0 0.5349168898537755 0.4339346718043089 0.017885828390717506 0.04557618126273155
0 0.5064666382968426 0.4922589287161827 0.03570380061864853 0.08477245271205902
