0 0.021725015714764595 0.6815410926938057 0.04345003142952919 0.12580503523349762
0 0.15468615293502808 0.6857864558696747 0.056560516357421875 0.1788683533668518
0 0.20370131731033325 0.5466805323958397 0.0341680645942688 0.12800131738185883
0 0.2639440353959799 0.49205151572823524 0.03274876996874809 0.08882815390825272
0 0.6129958154633641 0.5111393555998802 0.026413345709443092 0.13537262380123138
0 0.12623066268861294 0.6078614518046379 0.04938913509249687 0.15200136601924896
0 0.33670294284820557 0.43245704658329487 0.023995280265808105 0.05656996741890907
0 0.3065816108137369 0.4622552804648876 0.020932603627443314 0.06547614187002182
0 0.5342718008905649 0.532507698982954 0.023877907544374466 0.08038940280675888
0 0.48217058181762695 0.5748178288340569 0.034273624420166016 0.1333361715078354
0 0.5043252827599645 0.46602827683091164 0.015023613348603249 0.0789942815899849
0 0.47222238779067993 0.47933257929980755 0.026535987854003906 0.05043229088187218
0 0.5423892382532358 0.4704600162804127 0.028139162808656693 0.0778493657708168
0 0.46705647744238377 0.5404614694416523 0.047117043286561966 0.09893188625574112
0 0.3090401766821742 0.4206986203789711 0.026352500542998314 0.033497706055641174
