0 0.37786338943988085 0.3257858566939831 0.019678378477692604 0.08680286258459091
0 0.156413939781487 0.3035717308521271 0.020763540640473366 0.07660359144210815
0 0.48993052914738655 0.5178161263465881 0.061972714960575104 0.21195924282073975
0 0.4369514584541321 0.3319777362048626 0.01999974250793457 0.08185609430074692
0 0.590265154838562 0.44541703909635544 0.055576324462890625 0.22472582757472992
0 0.3395265154540539 0.3001280874013901 0.035780809819698334 0.07025381922721863
0 0.4367002248764038 0.5169778615236282 0.050963640213012695 0.19606170058250427
0 0.5477042673155665 0.3099858742207289 0.026691054925322533 0.050208982080221176
0 0.18290545046329498 0.30935661122202873 0.02449697256088257 0.07651462405920029
0 0.2313948692753911 0.27392107248306274 0.021436715498566628 0.06003269553184509
0 0.5248564006760716 0.31006717681884766 0.0205244068056345 0.06984293460845947
0 0.20132493413984776 0.28256177343428135 0.023995328694581985 0.05879955366253853
0 0.41570875607430935 0.3050654549151659 0.016556214541196823 0.037025514990091324
0 0.18626285810023546 0.28972109220921993 0.025817418470978737 0.05851082131266594
0 0.19257663190364838 0.28248469717800617 0.020108163356781006 0.0487612821161747
