0 0.14899944514036179 0.6857223957777023 0.05250018835067749 0.16889521479606628
0 0.1266175303608179 0.6245216950774193 0.05051462724804878 0.17233531177043915
0 0.02073109708726406 0.7084665149450302 0.04146219417452812 0.12424489855766296
0 0.21630935743451118 0.5350694954395294 0.04255715757608414 0.1268991231918335
0 0.6352294804528356 0.5029244869947433 0.02756061591207981 0.1339210569858551
0 0.2790539972484112 0.49808553978800774 0.03426041454076767 0.11047592014074326
0 0.3308067861944437 0.4379846937954426 0.029422689229249954 0.08065567165613174
0 0.36596940737217665 0.4108882397413254 0.026969408616423607 0.07226422429084778
0 0.5561984423547983 0.5191927365958691 0.02207355573773384 0.11235906928777695
0 0.47051569260656834 0.5221740193665028 0.025428343564271927 0.07027117162942886
0 0.5162333967164159 0.5652488805353642 0.028541946783661842 0.07962591201066971
0 0.4876585127785802 0.45135994628071785 0.023639345541596413 0.06921157985925674
0 0.5112434863112867 0.45065062306821346 0.0144491670653224 0.04649929329752922
0 0.5656333090737462 0.4449545815587044 0.017015600576996803 0.07558275759220123
