0 0.37030090019106865 0.5849827975034714 0.057382963597774506 0.19860538840293884
0 0.2829980794340372 0.3310708589851856 0.019480276852846146 0.0827474370598793
0 0.8946623802185059 0.45009206235408783 0.04144287109375 0.13053181767463684
0 0.3502323031425476 0.33829260244965553 0.03466165065765381 0.0884130671620369
0 0.4782567862421274 0.6604476720094681 0.038564492017030716 0.1941552460193634
0 0.9089761022478342 0.36404747143387794 0.0350983627140522 0.09473086148500443
0 0.5755070336163044 0.5647807344794273 0.03600964695215225 0.20300106704235077
0 0.44947510957717896 0.4300271049141884 0.041277170181274414 0.13398565351963043
0 0.5170638859272003 0.49346765875816345 0.040473222732543945 0.15462905168533325
0 0.4272347092628479 0.4006851762533188 0.026990175247192383 0.07817056775093079
0 0.23526828922331333 0.31012681499123573 0.027030158787965775 0.07490707188844681
0 0.4450878147035837 0.3123933933675289 0.04098348692059517 0.07692383974790573
0 0.5393587239086628 0.6174782812595367 0.04490862041711807 0.1959872841835022
0 0.06612344272434711 0.30522073805332184 0.03838284686207771 0.05918392539024353
0 0.030304379761219025 0.34117893502116203 0.02594996616244316 0.06983407586812973
0 0.036537086591124535 0.3049849756062031 0.021689247339963913 0.034241653978824615
0 0.5404916647821665 0.5168776735663414 0.017847824841737747 0.07535205781459808
0 0.013818312319926918 0.30940424278378487 0.025421593338251114 0.05619934946298599
