0 0.38629755936563015 0.7216433882713318 0.04622681066393852 0.2650953531265259
0 0.114129438996315 0.8334575146436691 0.06648565828800201 0.2732217013835907
0 0.2697739489376545 0.7862643748521805 0.08995721489191055 0.38003185391426086
0 0.34507281705737114 0.760694295167923 0.039655230939388275 0.25193363428115845
0 0.01591430976986885 0.6801629215478897 0.0318286195397377 0.1771797239780426
0 0.14060498774051666 0.6204244419932365 0.045536696910858154 0.17110227048397064
0 0.20970604196190834 0.5527614429593086 0.05513826757669449 0.13144971430301666
0 0.06912872567772865 0.6359488666057587 0.0460149422287941 0.13011008501052856
0 0.10240252688527107 0.589777946472168 0.037538714706897736 0.14060652256011963
0 0.12984869442880154 0.5511713698506355 0.028205107897520065 0.1022423654794693
0 0.19564295932650566 0.5925562158226967 0.0328536257147789 0.1191081553697586
0 0.11538926512002945 0.6042511723935604 0.05691084265708923 0.11251025646924973
