0 0.6587819680571556 0.7742928713560104 0.1080503910779953 0.254442423582077
0 0.8681689016520977 0.7253332659602165 0.09574451297521591 0.21019349992275238
0 0.6228893287479877 0.5376487895846367 0.047152139246463776 0.11793301999568939
0 0.5008936878293753 0.6229422688484192 0.05741090700030327 0.16939282417297363
0 0.32008912041783333 0.4434325322508812 0.04004249721765518 0.0934210866689682
0 0.4466841574758291 0.49386176466941833 0.054529380053281784 0.09391403198242188
0 0.24773973785340786 0.4150745961815119 0.03505284711718559 0.06189282611012459
0 0.19292285665869713 0.42350737750530243 0.04100622981786728 0.09166166186332703
0 0.5601136796176434 0.4487679935991764 0.042867086827754974 0.08987409621477127
0 0.44690967723727226 0.44052258133888245 0.034691713750362396 0.06463813781738281
0 0.3754775635898113 0.44394010305404663 0.05749788135290146 0.09118050336837769
0 0.6049861190840602 0.4118253141641617 0.02257547341287136 0.06994035840034485
0 0.3555286880582571 0.4311964064836502 0.026958536356687546 0.06648996472358704
0 0.5724870916455984 0.4118189550936222 0.036421727389097214 0.06469709426164627
0 0.3444100674241781 0.40042177960276604 0.01743311807513237 0.043324194848537445
