0 0.8007489200681448 0.610078364610672 0.059847068041563034 0.2585498094558716
0 0.5309174060821533 0.6149316430091858 0.07239246368408203 0.2597349286079407
0 0.6153981313109398 0.6177861392498016 0.08278684318065643 0.2531716227531433
0 0.8915767669677734 0.49848634004592896 0.04875469207763672 0.19277513027191162
0 0.8574561960995197 0.4890577048063278 0.03851471096277237 0.18391087651252747
0 0.6734930872917175 0.543975479900837 0.050595760345458984 0.17185617983341217
0 0.5952306147664785 0.3600655682384968 0.02285737916827202 0.08857975155115128
0 0.7208300828933716 0.364927276968956 0.030089378356933594 0.08141025900840759
0 0.5417794585227966 0.3790547139942646 0.033052921295166016 0.1218210831284523
0 0.6920626517385244 0.3526984415948391 0.02996821328997612 0.0976373478770256
0 0.4910295307636261 0.3068250808864832 0.016695737838745117 0.04627223685383797
0 0.5807760003954172 0.3309019058942795 0.02200298383831978 0.07482323050498962
0 0.458033817820251 0.30833414010703564 0.020209645852446556 0.055636998265981674
0 0.5197306275367737 0.3506086878478527 0.03328084945678711 0.07558377832174301
0 0.38843552488833666 0.3341169934719801 0.029732966795563698 0.06208347901701927
0 0.5241422411054373 0.2969770971685648 0.022069644182920456 0.047020722180604935
0 0.43902977742254734 0.3139556311070919 0.028652716428041458 0.052148036658763885
0 0.49751423578709364 0.27732942160218954 0.013913726434111595 0.027617348358035088
0 0.42083910666406155 0.32987550273537636 0.03345484659075737 0.06698019057512283
0 0.7094700336456299 0.3116487544029951 0.015677213668823242 0.039436932653188705
0 0.40820199251174927 0.31720544025301933 0.033666133880615234 0.06220247596502304
0 0.8804160710424185 0.43096887692809105 0.046949099749326706 0.06905191391706467
