0 0.1071556843817234 0.5282361656427383 0.06488927453756332 0.15042534470558167
0 0.2670828513801098 0.6759847402572632 0.05982305854558945 0.2858290672302246
0 0.4996613971889019 0.5860391482710838 0.04920186847448349 0.23320524394512177
0 0.4147019684314728 0.6062289476394653 0.04366171360015869 0.19014239311218262
0 0.3526860885322094 0.9528370089828968 0.03876223415136337 0.09432593733072281
0 0.4629930853843689 0.5965324118733406 0.02930450439453125 0.2002267986536026
0 0.18053655698895454 0.5000199191272259 0.040450192987918854 0.07993223518133163
0 0.3130910340696573 0.48710065707564354 0.03371017053723335 0.08911442011594772
0 0.28154404181987047 0.4700799137353897 0.024384284391999245 0.07781520485877991
0 0.24683278240263462 0.499263409525156 0.04077606275677681 0.11345142871141434
0 0.316407835111022 0.595470517873764 0.044267844408750534 0.15672069787979126
0 0.3516968544572592 0.574399296194315 0.029452037066221237 0.08917058259248734
0 0.3766900710761547 0.5914228111505508 0.03615989536046982 0.19632980227470398
0 0.2121687587350607 0.49370309337973595 0.03657461330294609 0.10040371865034103
0 0.2916523637250066 0.424607340246439 0.02630307711660862 0.054990895092487335
0 0.20571222342550755 0.47267594933509827 0.04009609296917915 0.09663712978363037
0 0.23261795938014984 0.4894159212708473 0.03272974491119385 0.0997094064950943
0 0.3613213421776891 0.5166875086724758 0.01881709136068821 0.05818735808134079
0 0.24227308621630073 0.419132960960269 0.013197111897170544 0.05318399891257286
0 0.2568789659999311 0.43685341998934746 0.015052842907607555 0.05258657783269882
0 0.2184953661635518 0.43422698602080345 0.023467445746064186 0.05048166960477829
