0 0.3431248739361763 0.6411546394228935 0.06732018291950226 0.24640367925167084
0 0.5124293453991413 0.7354847490787506 0.04621610790491104 0.23362010717391968
0 0.46957696601748466 0.49909256398677826 0.04575052112340927 0.15032348036766052
0 0.5894519574940205 0.6009418368339539 0.043305493891239166 0.22197413444519043
0 0.8445928804576397 0.45270986109972 0.039685629308223724 0.09674419462680817
0 0.5472025386989117 0.6206714510917664 0.04717864841222763 0.250393807888031
0 0.3931842688471079 0.4366753399372101 0.051217127591371536 0.11779654026031494
0 0.8408327698707581 0.35621487721800804 0.03503084182739258 0.07791506499052048
0 0.20048207975924015 0.3185681365430355 0.03795771673321724 0.07313626259565353
0 0.018604816243168898 0.31266358867287636 0.0369427353143692 0.06759811192750931
0 0.2458380488678813 0.33775127679109573 0.022120332345366478 0.08798469603061676
0 0.37617674469947815 0.40221307799220085 0.03130805492401123 0.10599144548177719
0 0.30940412916243076 0.3502175584435463 0.022469449788331985 0.08227886259555817
0 0.4140337351709604 0.31835804134607315 0.021664906293153763 0.06868351995944977
0 0.9476286415010691 0.3740010969340801 0.03251009061932564 0.10305347293615341
0 0.9796573873609304 0.3620305396616459 0.03866453096270561 0.06645084172487259
0 0.3915547374635935 0.31783172860741615 0.01786975935101509 0.06913764029741287
0 0.3243275638669729 0.3415141589939594 0.01750500127673149 0.07092920690774918
