0 0.2074962966144085 0.8113462701439857 0.06664540618658066 0.2252412587404251
0 0.3777440246194601 0.6474127620458603 0.0434386245906353 0.1635725200176239
0 0.06300459988415241 0.6374954581260681 0.06248645856976509 0.1498394012451172
0 0.2689761854708195 0.6269548162817955 0.04112420231103897 0.15829913318157196
0 0.21023961901664734 0.663121685385704 0.05951809883117676 0.18002769351005554
0 0.3047133032232523 0.634770892560482 0.051373887807130814 0.20069710910320282
0 0.19277179799973965 0.5538631677627563 0.040187787264585495 0.08762037754058838
0 0.2410072386264801 0.545266292989254 0.045407772064208984 0.10774807631969452
0 0.09776970744132996 0.6611123532056808 0.10100340843200684 0.22849413752555847
0 0.1400401946157217 0.5724737048149109 0.02431614324450493 0.05204010009765625
