0 0.3612753041088581 0.5844261646270752 0.03938422352075577 0.17688500881195068
0 0.3909773901104927 0.8432175517082214 0.0638396292924881 0.31263017654418945
0 0.6016840934753418 0.7147814035415649 0.06297707557678223 0.24836981296539307
0 0.2802928201854229 0.5307036936283112 0.048326753079891205 0.15226024389266968
0 0.6669979449361563 0.7062905728816986 0.05419320985674858 0.22750812768936157
0 0.2945844354107976 0.3472521901130676 0.02868046797811985 0.07830303907394409
0 0.733830189332366 0.3711853064596653 0.030437897890806198 0.0804135873913765
0 0.7952720038592815 0.3507033623754978 0.049704693257808685 0.07556641846895218
0 0.664598154835403 0.4204091578722 0.028647994622588158 0.17940941452980042
0 0.08748644217848778 0.34025093726813793 0.035489968955516815 0.060280438512563705
0 0.15552422683686018 0.38024112954735756 0.030637240037322044 0.09402699023485184
0 0.7727799657732248 0.945648018270731 0.04100923612713814 0.10764838010072708
0 0.2521730214357376 0.472522035241127 0.027631521224975586 0.09024348855018616
0 0.23770824633538723 0.3910433202981949 0.038080524653196335 0.09105542302131653
0 0.256751736626029 0.3553290981799364 0.02082045003771782 0.05994582548737526
0 0.12354533188045025 0.3434734269976616 0.03005446121096611 0.06654433906078339
0 0.1390735385939479 0.3472071662545204 0.023810362443327904 0.03627230226993561
0 0.2561151087284088 0.33499353379011154 0.02033376693725586 0.052556440234184265
0 0.7895206809043884 0.37432399578392506 0.037000417709350586 0.0508614219725132
