0 0.6494776234030724 0.6621631532907486 0.07437829673290253 0.18036964535713196
0 0.8358345627784729 0.7712199613451958 0.10401272773742676 0.234475240111351
0 0.9328216910362244 0.7641688510775566 0.09826135635375977 0.20409809052944183
0 0.13973446190357208 0.5134770683944225 0.05693572759628296 0.12265845388174057
0 0.04007050146901747 0.599383182823658 0.0800788402557373 0.21874012053012848
0 0.6560785062611103 0.5713998042047024 0.050510503351688385 0.11100374907255173
0 0.2672915644943714 0.44572488218545914 0.056586362421512604 0.08902473747730255
0 0.9638447761535645 0.7031376659870148 0.0723104476928711 0.14104431867599487
0 0.07595639303326607 0.4928366504609585 0.046025849878787994 0.10066651552915573
0 0.5024923626333475 0.5273754894733429 0.05112319067120552 0.11329901218414307
0 0.3268701545894146 0.4401648938655853 0.03527369350194931 0.06229400634765625
0 0.3667325023561716 0.4659825302660465 0.034612346440553665 0.09235716611146927
0 0.4022790137678385 0.4832570292055607 0.029436636716127396 0.06714320927858353
0 0.5434531215578318 0.46773597225546837 0.043254900723695755 0.10978596657514572
0 0.4356793463230133 0.4793610516935587 0.029695987701416016 0.06049584224820137
0 0.5116635803133249 0.43879473954439163 0.02078275755047798 0.07380641996860504
0 0.4716452481225133 0.4862955193966627 0.026500606909394264 0.06041586026549339
0 0.5289183501154184 0.4315479174256325 0.023097563534975052 0.04803140461444855
0 0.38678147783502936 0.43633012287318707 0.01364986877888441 0.037008073180913925
0 0.466615354642272 0.47377682477235794 0.025906991213560104 0.07641567289829254
