0 0.18799325823783875 0.4470454603433609 0.057457029819488525 0.12270846962928772
0 0.47260312363505363 0.869182288646698 0.06850900501012802 0.261635422706604
0 0.45935786329209805 0.5024371668696404 0.04219622537493706 0.1761903613805771
0 0.3601743821054697 0.5373282358050346 0.0410337932407856 0.20509181916713715
0 0.6961925737559795 0.9558679722249508 0.046479128301143646 0.08826404064893723
0 0.9873201129958034 0.4355428144335747 0.025326823815703392 0.12130270898342133
0 0.2390151359140873 0.9325345754623413 0.052741505205631256 0.13493084907531738
0 0.9831746462732553 0.7650083601474762 0.03365068510174751 0.36285728216171265
0 0.541911518201232 0.5021484270691872 0.05283040925860405 0.18378473818302155
0 0.5606630332767963 0.48823482543230057 0.04451117664575577 0.17118670046329498
0 0.38065645657479763 0.40123122185468674 0.03724653646349907 0.09611009061336517
0 0.3036370575428009 0.41499629244208336 0.036945462226867676 0.11734568327665329
0 0.33857634104788303 0.39694179967045784 0.020264316350221634 0.10426203161478043
0 0.36158670112490654 0.9000289440155029 0.11050977557897568 0.1992422342300415
0 0.25376797281205654 0.41745750233531 0.03854353353381157 0.12093611806631088
0 0.40717843174934387 0.4806889146566391 0.028906941413879395 0.13521012663841248
0 0.27687535248696804 0.40991682559251785 0.030250143259763718 0.11317814886569977
0 0.28746494092047215 0.3654120434075594 0.021762538701295853 0.041950736194849014
