0 0.5371198654174805 0.5386211052536964 0.03331255912780762 0.13065935671329498
0 0.01575785130262375 0.6762196570634842 0.0315157026052475 0.11677339673042297
0 0.46827466413378716 0.55601966381073 0.03612007945775986 0.12838584184646606
0 0.32652925327420235 0.45398184657096863 0.03231868892908096 0.06415748596191406
0 0.15021618455648422 0.6574781984090805 0.05404806137084961 0.1523439586162567
0 0.25992082618176937 0.49832266196608543 0.03320629522204399 0.06017129868268967
0 0.14406230673193932 0.5475629530847073 0.05101308971643448 0.08767496794462204
0 0.23489787057042122 0.5364286229014397 0.043089963495731354 0.11651264131069183
0 0.38970921002328396 0.6151043996214867 0.039690565317869186 0.16905419528484344
0 0.4416102347895503 0.49445293471217155 0.026190852746367455 0.07466163486242294
0 0.408753227442503 0.5078874826431274 0.033330224454402924 0.08612000942230225
0 0.12153955549001694 0.6306052505970001 0.05979171395301819 0.13139063119888306
0 0.43821393232792616 0.511788759380579 0.022311782464385033 0.0498318150639534
0 0.2734261155128479 0.45545902010053396 0.015315055847167969 0.029241306707262993
