0 0.4027823694050312 0.6416934356093407 0.047426916658878326 0.19481544196605682
0 0.27472345158457756 0.5863679498434067 0.04242684692144394 0.1869799792766571
0 0.6711852923035622 0.8245420306921005 0.08868761360645294 0.34020015597343445
0 0.7379504218697548 0.7890332639217377 0.0813722163438797 0.21576398611068726
0 0.5180442631244659 0.8935008719563484 0.0691063404083252 0.21299828588962555
0 0.6648525837808847 0.3747333437204361 0.03225689008831978 0.08667299151420593
0 0.5987542867660522 0.3851596973836422 0.023656606674194336 0.08965545147657394
0 0.2318250574171543 0.4767726734280586 0.03494308143854141 0.1533823162317276
0 0.6081973668187857 0.4601024426519871 0.03484673425555229 0.1056138351559639
0 0.7210185416042805 0.35380303859710693 0.03466997295618057 0.07802897691726685
0 0.1397618092596531 0.41800374910235405 0.032172881066799164 0.09423645585775375
0 0.05993620119988918 0.36365242302417755 0.036254581063985825 0.07127365469932556
0 0.1007514176890254 0.3609604761004448 0.03070635162293911 0.053497716784477234
0 0.26419429760426283 0.36626691929996014 0.027757858857512474 0.05350473150610924
0 0.2488839030265808 0.33522902242839336 0.012752413749694824 0.03697248920798302
0 0.21642690617591143 0.36740751937031746 0.020830893889069557 0.06738279014825821
0 0.24951194506138563 0.41021108254790306 0.030293678864836693 0.05686336010694504
0 0.12410235265269876 0.37350960448384285 0.014131021685898304 0.03119591623544693
0 0.07208464853465557 0.38467609509825706 0.0423913411796093 0.07074665278196335
0 0.24707325734198093 0.39339590072631836 0.03864162042737007 0.05833625793457031
0 0.10533742047846317 0.3753729984164238 0.035486120730638504 0.0651455968618393
0 0.2214985964819789 0.3812487870454788 0.02915189228951931 0.062620609998703
