0 0.800648856908083 0.7841048389673233 0.11727438122034073 0.25043967366218567
0 0.6135550513863564 0.6501961797475815 0.06557007133960724 0.16506466269493103
0 0.6528921015560627 0.5728848502039909 0.04852638393640518 0.1396164745092392
0 0.09095587208867073 0.5039444752037525 0.055655546486377716 0.11896387487649918
0 0.92267931625247 0.7605497539043427 0.09454669803380966 0.20636779069900513
0 0.4993168003857136 0.5022243559360504 0.06864819675683975 0.1651175618171692
0 0.9696975592523813 0.6994108483195305 0.06060485914349556 0.11790631711483002
0 0.009929916821420193 0.6405078805983067 0.019859833642840385 0.0960097387433052
0 0.24642175808548927 0.4406310208141804 0.03769538551568985 0.08391884714365005
0 0.03231141995638609 0.48510991409420967 0.044779013842344284 0.08561668545007706
0 0.30536988377571106 0.4316502008587122 0.03951001167297363 0.0598347969353199
0 0.35853507556021214 0.458478681743145 0.03392510488629341 0.08516095578670502
0 0.5651819109916687 0.4781326614320278 0.031206846237182617 0.06714104861021042
0 0.3912897892296314 0.4503905475139618 0.03983721882104874 0.08380639553070068
0 0.42867714166641235 0.456395011395216 0.04726910591125488 0.1082557663321495
0 0.547398567199707 0.43018314242362976 0.03615307807922363 0.07170677185058594
0 0.37644919753074646 0.4242237191647291 0.015247344970703125 0.03631901368498802
0 0.5573704959824681 0.42224306240677834 0.027818823233246803 0.05539143830537796
0 0.5682116504758596 0.43943888507783413 0.019677113741636276 0.034867774695158005
0 0.4102923395112157 0.43532411754131317 0.018706226721405983 0.07072046399116516
