0 0.08770090341567993 0.5494071394205093 0.0688222199678421 0.1475805938243866
0 0.2481609284877777 0.7016186714172363 0.07011103630065918 0.27454841136932373
0 0.3979934100061655 0.6402352228760719 0.04721646383404732 0.21122296154499054
0 0.48196614906191826 0.607188306748867 0.04562845081090927 0.23239903151988983
0 0.30158669874072075 0.5903364941477776 0.04480566829442978 0.18259815871715546
0 0.4490687493234873 0.620118074119091 0.03735809400677681 0.20462654531002045
0 0.35109429992735386 0.618571013212204 0.051697421818971634 0.23002713918685913
0 0.22785663045942783 0.5067502036690712 0.04853980615735054 0.15160395205020905
0 0.16128909587860107 0.5369485951960087 0.042804718017578125 0.1200423315167427
0 0.2702849395573139 0.49407853931188583 0.032349683344364166 0.09326969087123871
0 0.18911103531718254 0.5188604705035686 0.03233661502599716 0.10698958486318588
0 0.28419590555131435 0.48045531660318375 0.03653974458575249 0.13694365322589874
0 0.19490750692784786 0.4518430307507515 0.01826680824160576 0.04446305334568024
0 0.348319411277771 0.5331402365118265 0.01765573024749756 0.05835388973355293
0 0.1674896301701665 0.46435805037617683 0.02088400162756443 0.06942359358072281
0 0.22721437830477953 0.43659041821956635 0.016022825613617897 0.04732021689414978
