0 0.4575543589890003 0.6254967451095581 0.03918776661157608 0.18976593017578125
0 0.9325716979801655 0.4475041553378105 0.03786430507898331 0.1364191621541977
0 0.3867972195148468 0.5688472166657448 0.056944966316223145 0.23326809704303741
0 0.9596122149378061 0.3550613038241863 0.03261880949139595 0.08104356378316879
0 0.2585799191147089 0.30188531056046486 0.030733872205018997 0.06383085995912552
0 0.3046212373301387 0.33129768818616867 0.01896200142800808 0.08404235541820526
0 0.3679153202101588 0.32580408453941345 0.02868816815316677 0.07914602756500244
0 0.5404456965625286 0.5507353842258453 0.07284345477819443 0.258428156375885
0 0.48311240039765835 0.4064575359225273 0.03870243951678276 0.1089554876089096
0 0.0674094082787633 0.3365395553410053 0.024605000391602516 0.06338337808847427
0 0.45444425381720066 0.3064882718026638 0.02124481275677681 0.060213617980480194
0 0.09670105762779713 0.2943328619003296 0.04323728755116463 0.06520015001296997
0 0.4601994939148426 0.3925483636558056 0.03295192867517471 0.10834129899740219
0 0.5386823415756226 0.44944504648447037 0.03650331497192383 0.08511759340763092
0 0.04054001159965992 0.31152478232979774 0.02384321391582489 0.06807208806276321
0 0.4755956707522273 0.31568238884210587 0.025153255090117455 0.0524030476808548
0 0.47328285593539476 0.29859721660614014 0.020445728674530983 0.06269103288650513
0 0.06620859447866678 0.3029940128326416 0.027762020006775856 0.04236060380935669
0 0.4777381531894207 0.34609195962548256 0.03244008868932724 0.06709522753953934
