0 0.2752782702445984 0.5798179134726524 0.04259824752807617 0.1882139891386032
0 0.37437031231820583 0.6229120343923569 0.03882915899157524 0.2053447663784027
0 0.6315957065671682 0.7769666612148285 0.06227416917681694 0.3097981810569763
0 0.7067413553595543 0.793519914150238 0.07009629905223846 0.2899285554885864
0 0.6303818337619305 0.4288831502199173 0.031340740621089935 0.18036213517189026
0 0.2735167145729065 0.3580399751663208 0.028965353965759277 0.08694678544998169
0 0.69253368396312 0.372294619679451 0.0284594539552927 0.08368316292762756
0 0.23376448079943657 0.4606097415089607 0.04387035220861435 0.18545235693454742
0 0.1441829465329647 0.3957378640770912 0.03449191898107529 0.10243244469165802
0 0.07244683615863323 0.36473095417022705 0.040391456335783005 0.07921254634857178
0 0.753431523218751 0.3584229350090027 0.043915797024965286 0.072662353515625
0 0.10970448143780231 0.35696255788207054 0.03305717185139656 0.06803881376981735
0 0.45340678095817566 0.8714125752449036 0.06143307685852051 0.25717484951019287
0 0.23301192559301853 0.3462909944355488 0.019812513142824173 0.0511302724480629
