0 0.14525572583079338 0.7172394245862961 0.05666061490774155 0.1983630359172821
0 0.22426759079098701 0.5274460986256599 0.05112621933221817 0.11553920805454254
0 0.1246894858777523 0.6129713207483292 0.05162736028432846 0.1536201536655426
0 0.28793839178979397 0.48180273175239563 0.03528876230120659 0.09283417463302612
0 0.018105287104845047 0.7050195559859276 0.036210574209690094 0.12239210307598114
0 0.37712280731648207 0.4070046842098236 0.024802064523100853 0.077953040599823
0 0.34334332309663296 0.4367782436311245 0.028046440333127975 0.07806485146284103
0 0.6439821366220713 0.5013656467199326 0.028034020215272903 0.13097801804542542
0 0.47437331080436707 0.5214209407567978 0.0238187313079834 0.12800607085227966
0 0.525405203923583 0.5418786704540253 0.029673051089048386 0.13446074724197388
0 0.5646812673658133 0.5202268101274967 0.023669909685850143 0.07398486882448196
0 0.4923011604696512 0.4538261331617832 0.022202063351869583 0.07602543383836746
0 0.5163136841729283 0.46037993021309376 0.01431264914572239 0.05637240782380104
0 0.567821335978806 0.4473746046423912 0.017768049612641335 0.07736621797084808
0 0.48544926568865776 0.47598458640277386 0.03381624072790146 0.061252083629369736
