0 0.27660883218050003 0.7446383312344551 0.06823571026325226 0.2194439321756363
0 0.2376388218253851 0.5413624122738838 0.037729572504758835 0.11020775139331818
0 0.42199436388909817 0.6089517176151276 0.04197854921221733 0.16342252492904663
0 0.17348230257630348 0.577622327953577 0.05137202888727188 0.11773974448442459
0 0.08685636147856712 0.599660649895668 0.04835260659456253 0.1291528046131134
0 0.353585297241807 0.6237906813621521 0.06050758436322212 0.17918455600738525
0 0.1187439076602459 0.7020681798458099 0.06105592101812363 0.1865587830543518
0 0.2785666100680828 0.52211569622159 0.03627815097570419 0.1090271845459938
0 0.29621102288365364 0.6038390249013901 0.07519660145044327 0.1927034556865692
0 0.1081039048731327 0.6142662651836872 0.08901236206293106 0.12216148525476456
0 0.3629525788128376 0.5517104119062424 0.03658924251794815 0.1049627959728241
0 0.3789937198162079 0.5724339224398136 0.02579975128173828 0.08222240954637527
0 0.32702975859865546 0.528111731633544 0.01505498867481947 0.04010505601763725
