0 0.9775845054537058 0.44797345250844955 0.04114656522870064 0.13967327773571014
0 0.4019774552434683 0.5340466275811195 0.05066842958331108 0.18760855495929718
0 0.3265243712812662 0.32695234566926956 0.023323584347963333 0.08469928801059723
0 0.4415633734315634 0.5912988111376762 0.035867881029844284 0.17003606259822845
0 0.2820811327546835 0.30043232440948486 0.03711266443133354 0.06412190198898315
0 0.5567568186670542 0.4724118113517761 0.03220634534955025 0.1396283507347107
0 0.38666974287480116 0.32505988702178 0.023434018716216087 0.08885090798139572
0 0.5089313331991434 0.5794258043169975 0.045252371579408646 0.1438596099615097
0 0.47578853368759155 0.3100293539464474 0.025022506713867188 0.07013409584760666
0 0.49588318448513746 0.3014535680413246 0.02517089806497097 0.07287301123142242
0 0.5100348647683859 0.40581994876265526 0.05799097940325737 0.10955476015806198
0 0.5259890556335449 0.5052831843495369 0.037308454513549805 0.0763857513666153
0 0.07589333783835173 0.31151033192873 0.02162620984017849 0.07309718430042267
0 0.10050392150878906 0.31019702553749084 0.029068440198898315 0.059935569763183594
0 0.14915665052831173 0.2868250422179699 0.020051371306180954 0.052351973950862885
0 0.1257501868531108 0.2968318685889244 0.02172759734094143 0.046148404479026794
0 0.49830169696360826 0.35496755689382553 0.024138355627655983 0.03933881223201752
