0 0.6936287879943848 0.7407363206148148 0.09311723709106445 0.19898715615272522
0 0.5362159498035908 0.6372544020414352 0.06971798092126846 0.16999265551567078
0 0.8914387114346027 0.7426806837320328 0.09209928661584854 0.22897067666053772
0 0.6338432319462299 0.5499351173639297 0.0519314780831337 0.12269452214241028
0 0.9867186192423105 0.7039940096437931 0.026559162884950638 0.10914082080125809
0 0.20906132832169533 0.424930177628994 0.038613952696323395 0.07972441613674164
0 0.26553147472441196 0.42430398613214493 0.03813593462109566 0.07969368994235992
0 0.39585269056260586 0.4499584846198559 0.053971242159605026 0.09918852895498276
0 0.47269245237112045 0.49970223009586334 0.06359915435314178 0.11573430895805359
0 0.36471247114241123 0.4340766742825508 0.034496355801820755 0.0904327780008316
0 0.32921249885112047 0.4329117387533188 0.030852818861603737 0.08101251721382141
0 0.5648870579898357 0.45540423691272736 0.04320254176855087 0.09356257319450378
0 0.4556365367025137 0.4455622211098671 0.03177590295672417 0.07831086218357086
0 0.6013538958504796 0.4368590358644724 0.019429588690400124 0.058973778039216995
0 0.5695278402417898 0.4155893623828888 0.0516480915248394 0.06341713666915894
