0 0.6285671591758728 0.5184783041477203 0.05099987983703613 0.15567326545715332
0 0.6153265358880162 0.3100501410663128 0.03010263480246067 0.086420439183712
0 0.6907561533153057 0.41235344111919403 0.0570157989859581 0.14986750483512878
0 0.5121205970644951 0.5139079242944717 0.11249928176403046 0.22553685307502747
0 0.44631283916532993 0.33386410772800446 0.02001195028424263 0.08369526267051697
0 0.5020162938162684 0.33625946938991547 0.01973710022866726 0.0667741596698761
0 0.3649325845763087 0.2764357849955559 0.021376585587859154 0.04641573131084442
0 0.4670461416244507 0.3033578172326088 0.016978979110717773 0.04319275915622711
0 0.5933181047439575 0.3147740662097931 0.022325515747070312 0.08063793182373047
0 0.41028900165110826 0.3100246787071228 0.022548222914338112 0.06434309482574463
0 0.25907503068447113 0.30973445251584053 0.02376878261566162 0.05504605919122696
0 0.34236614126712084 0.28240704722702503 0.014214063063263893 0.0431678332388401
0 0.28035315312445164 0.31157276034355164 0.021940279752016068 0.06733256578445435
0 0.3162315310910344 0.28382426127791405 0.02253892458975315 0.04743628948926926
0 0.32425807137042284 0.25705411098897457 0.012038255110383034 0.024464797228574753
0 0.2953726649284363 0.2954543996602297 0.03185105323791504 0.04910937324166298
0 0.5605905055999756 0.42735099978744984 0.01649761199951172 0.055684152990579605
