0 0.631342101842165 0.5142354071140289 0.05168590694665909 0.15255868434906006
0 0.5045060459524393 0.332812063395977 0.019792605191469193 0.07418952882289886
0 0.6807312723249197 0.4077602028846741 0.03203434869647026 0.14525949954986572
0 0.5145408287644386 0.5177981853485107 0.11322350800037384 0.2371726632118225
0 0.4126864969730377 0.3055088520050049 0.02201700210571289 0.07386720180511475
0 0.3688990054652095 0.27140733413398266 0.022091245278716087 0.06123807653784752
0 0.6184322945773602 0.3116539418697357 0.03298034518957138 0.08812016248703003
0 0.4499262450262904 0.33242102712392807 0.019267892464995384 0.09205286204814911
0 0.7046380750834942 0.4171232059597969 0.03187122195959091 0.14680631458759308
0 0.595443844795227 0.3154257759451866 0.019849300384521484 0.07872901856899261
0 0.2669824901968241 0.3147185184061527 0.03352229669690132 0.06194383651018143
0 0.3476350484415889 0.2825393360108137 0.014890050515532494 0.048238690942525864
0 0.4689109204337001 0.30405379459261894 0.017014360055327415 0.040524207055568695
0 0.3276607571169734 0.25699072424322367 0.01327214203774929 0.023725466802716255
0 0.32317344564944506 0.2810056619346142 0.018399739637970924 0.03751089423894882
0 0.5579684497788548 0.4311367832124233 0.027679825201630592 0.06510179489850998
0 0.2946371026337147 0.30523484759032726 0.03165779262781143 0.06116669997572899
0 0.5480888597667217 0.47086886689066887 0.033524416387081146 0.07559903711080551
0 0.28612634539604187 0.2989938724786043 0.023007512092590332 0.05565473809838295
