0 0.19934252463281155 0.5752909854054451 0.060735296458005905 0.16595794260501862
0 0.33564540185034275 0.7594903334975243 0.04230682924389839 0.24097268283367157
0 0.3803801778703928 0.7130157202482224 0.046022940427064896 0.23941490054130554
0 0.25412750989198685 0.7939206957817078 0.10590501129627228 0.39499330520629883
0 0.10878759250044823 0.8273765444755554 0.07439359277486801 0.25138163566589355
0 0.012851483900476524 0.6569563522934914 0.025700312107801437 0.10437770187854767
0 0.13024479895830154 0.6536365523934364 0.04663759469985962 0.22302944958209991
0 0.060232169926166534 0.6356153674423695 0.04065340757369995 0.11905411630868912
0 0.1040787510573864 0.6007935553789139 0.06273392587900162 0.17443886399269104
0 0.29668551683425903 0.6298639550805092 0.020639777183532715 0.059176042675971985
0 0.28607090190052986 0.6978478655219078 0.03136739879846573 0.1141701191663742
