0 0.3384799249470234 0.7547144293785095 0.050611712038517 0.2568467855453491
0 0.0343658700294327 0.641959972679615 0.06804336607456207 0.1928204447031021
0 0.2580195255577564 0.6707473248243332 0.05951545387506485 0.2118956744670868
0 0.161879051476717 0.7937124669551849 0.06352142244577408 0.2749555706977844
0 0.2437760941684246 0.5367146879434586 0.06797077506780624 0.11388698220252991
0 0.4230511970818043 0.6885086894035339 0.04712555557489395 0.2579435110092163
0 0.3029549904167652 0.6902271807193756 0.04372010380029678 0.24704784154891968
0 0.4026750400662422 0.709829069674015 0.06325240433216095 0.23856277763843536
0 0.17660478688776493 0.6070865094661713 0.04901968315243721 0.22893613576889038
0 0.10597255453467369 0.6003283821046352 0.03871927410364151 0.11925684660673141
0 0.13612155243754387 0.5825242027640343 0.03460196405649185 0.10484318435192108
0 0.17562203388661146 0.5017679296433926 0.0228141900151968 0.06860911101102829
0 0.1404854003340006 0.5103620663285255 0.01863687112927437 0.05224664509296417
0 0.1230649771168828 0.5194330550730228 0.01363297738134861 0.048427410423755646
0 0.41797354258596897 0.5912993550300598 0.017848540097475052 0.06193733215332031
