0 0.6768747568130493 0.5141654759645462 0.05760455131530762 0.1723749339580536
0 0.5692718736827374 0.5375505685806274 0.09151043742895126 0.26430433988571167
0 0.5424955133348703 0.3370029218494892 0.020506668835878372 0.07949791103601456
0 0.48715254105627537 0.3599652051925659 0.019960928708314896 0.07834404706954956
0 0.5186065435409546 0.5383568033576012 0.06965041160583496 0.19270531833171844
0 0.6404460910707712 0.3186545707285404 0.029916811734437943 0.09048856049776077
0 0.7686327695846558 0.43233822286129 0.026439189910888672 0.1557738482952118
0 0.7413686513900757 0.4263935014605522 0.036231040954589844 0.1473395675420761
0 0.43228124361485243 0.28116677701473236 0.019767140969634056 0.043138355016708374
0 0.6608124375343323 0.3321555145084858 0.025264501571655273 0.071771539747715
0 0.45637294091284275 0.3190265893936157 0.019986677914857864 0.058671653270721436
0 0.44014430651441216 0.25534134544432163 0.00888748187571764 0.02419518306851387
0 0.4070777357555926 0.27842744067311287 0.01396722812205553 0.053105928003787994
0 0.5011371849104762 0.3217224106192589 0.023207997903227806 0.0652654618024826
0 0.605777645483613 0.43077703565359116 0.019045639783143997 0.04900465905666351
0 0.3208497706800699 0.3140253536403179 0.026979733258485794 0.05275794118642807
0 0.3776572048664093 0.2897455655038357 0.01579868793487549 0.04903846234083176
0 0.3668260034173727 0.2980687227100134 0.02331991121172905 0.04900650307536125
