0 0.02026643231511116 0.6943265646696091 0.04053286463022232 0.1493583619594574
0 0.25429004803299904 0.5210860781371593 0.03533623367547989 0.11244269460439682
0 0.575916051864624 0.5313891470432281 0.026804208755493164 0.138374924659729
0 0.12854934856295586 0.6083439961075783 0.058318428695201874 0.15121395885944366
0 0.5056669358164072 0.5352068692445755 0.02962498739361763 0.16735288500785828
0 0.32551951985806227 0.4476521909236908 0.019449329003691673 0.07860124111175537
0 0.18020584248006344 0.5398449935019016 0.048700522631406784 0.11307377368211746
0 0.1553114950656891 0.6796824336051941 0.054762840270996094 0.20328772068023682
0 0.4303212817758322 0.6052197143435478 0.0426454059779644 0.16173265874385834
0 0.2910368796437979 0.48817871138453484 0.024107646197080612 0.0679137334227562
0 0.4442364163696766 0.49575555697083473 0.03374443203210831 0.07169384509325027
0 0.4780479967594147 0.46703710220754147 0.02245330810546875 0.05301127955317497
0 0.3010098277591169 0.4409226290881634 0.01236634235829115 0.033604346215724945
0 0.4560779989697039 0.45777057856321335 0.013330650515854359 0.03523169457912445
