0 0.738063907250762 0.5381913855671883 0.060759495943784714 0.20596297085285187
0 0.5325881950557232 0.558794304728508 0.06680478900671005 0.22021624445915222
0 0.8292846083641052 0.45662810653448105 0.03508615493774414 0.1632300466299057
0 0.5182885285466909 0.360194306820631 0.023719262331724167 0.11478748172521591
0 0.7971794363111258 0.4493560120463371 0.03600902482867241 0.16219042241573334
0 0.5747653963044286 0.3455550856888294 0.02579822577536106 0.08965042978525162
0 0.6692999126389623 0.332284826785326 0.028543854132294655 0.08898726850748062
0 0.6925925128161907 0.33128219470381737 0.03246297687292099 0.09911810606718063
0 0.5975553169846535 0.58104507625103 0.06853695213794708 0.23993292450904846
0 0.6368849519640207 0.4900681972503662 0.05278830602765083 0.1414594054222107
0 0.4949673768132925 0.3281838931143284 0.02783651277422905 0.06995118409395218
0 0.5441908240318298 0.3211434483528137 0.014296531677246094 0.07434338331222534
0 0.45377389807254076 0.29574111476540565 0.015906954184174538 0.04595930129289627
0 0.36634967289865017 0.32543909922242165 0.03558750078082085 0.06582874804735184
0 0.5752165205776691 0.5478557869791985 0.04677758365869522 0.16216836869716644
0 0.4841535333544016 0.2838658504188061 0.01974492147564888 0.03978385776281357
0 0.4251119736582041 0.2978822682052851 0.016883183270692825 0.04594262316823006
0 0.3813758250325918 0.31643472984433174 0.023247908800840378 0.06730709224939346
0 0.40453783236443996 0.3059206120669842 0.029578637331724167 0.05205192416906357
0 0.3919332679361105 0.31021794490516186 0.03173167631030083 0.06016438826918602
0 0.4084055069833994 0.2751979576423764 0.01627664640545845 0.0248840544372797
