0 0.9356776718050241 0.6753561794757843 0.06132631376385689 0.3092551827430725
0 0.7536645419895649 0.8860670104622841 0.09756598621606827 0.2278645783662796
0 0.519883906468749 0.8160969018936157 0.05835575982928276 0.3664809465408325
0 0.22528632543981075 0.41114864870905876 0.04976518079638481 0.11226686090230942
0 0.2976350300014019 0.8637030571699142 0.10548367351293564 0.2725939452648163
0 0.48199640586972237 0.45258883386850357 0.03879532963037491 0.15425194799900055
0 0.4321018159389496 0.8437365591526031 0.10089600086212158 0.311994731426239
0 0.36559579987078905 0.3663962446153164 0.017874741926789284 0.09480177611112595
0 0.586320424452424 0.446579746901989 0.04371028020977974 0.16722504794597626
0 0.4047475215047598 0.8267356604337692 0.06067068502306938 0.30552050471305847
0 0.5632622353732586 0.45485249906778336 0.033637188374996185 0.1513242870569229
0 0.41098574362695217 0.3547164425253868 0.02728266641497612 0.06746427714824677
0 0.28733596205711365 0.3956269882619381 0.04126870632171631 0.08167194575071335
0 0.42843923531472683 0.428855013102293 0.033103179186582565 0.0958961471915245
0 0.3957006689161062 0.4906904175877571 0.04664606973528862 0.17336387932300568
0 0.32083527371287346 0.3817388266324997 0.0477161630988121 0.10700342059135437
0 0.39766919054090977 0.4285067841410637 0.04888730123639107 0.17653922736644745
