0 0.47566314972937107 0.6797851622104645 0.04023294523358345 0.24032491445541382
0 0.9010248184204102 0.44984737038612366 0.04509258270263672 0.1355624794960022
0 0.3738899417221546 0.5805715620517731 0.05937943607568741 0.20472484827041626
0 0.4545782208442688 0.43336405605077744 0.046410560607910156 0.13602511584758759
0 0.5456224083900452 0.5790770202875137 0.08523750305175781 0.2876802980899811
0 0.2872795285657048 0.32875531539320946 0.0196856502443552 0.08515160530805588
0 0.9181018359959126 0.36745238304138184 0.03514394909143448 0.10393774509429932
0 0.43508639372885227 0.39225053042173386 0.02961902692914009 0.09514974057674408
0 0.3544780071824789 0.34321222454309464 0.03149862214922905 0.08296580612659454
0 0.07874168176203966 0.30532380752265453 0.028411591425538063 0.057882245630025864
0 0.4377640066668391 0.3086981661617756 0.020150041207671165 0.06852427870035172
0 0.45809276681393385 0.319380309432745 0.027736520394682884 0.06524651497602463
0 0.03619187977164984 0.3305772580206394 0.027717342600226402 0.08460504561662674
0 0.013570580224040896 0.3248862586915493 0.025721892714500427 0.07367127388715744
0 0.24247032962739468 0.3164596054702997 0.029211949557065964 0.06009991839528084
0 0.06013781018555164 0.29577563889324665 0.024391155689954758 0.057665083557367325
