0 0.20004644431173801 0.5387212447822094 0.03835045173764229 0.12264730781316757
0 0.2614175286144018 0.5050942040979862 0.0339779369533062 0.1055874302983284
0 0.12933355383574963 0.6104860082268715 0.0489160530269146 0.16011984646320343
0 0.02150040492415428 0.6953197121620178 0.04300080984830856 0.1608409881591797
0 0.15680474042892456 0.6843207702040672 0.05770003795623779 0.18134765326976776
0 0.47160471603274345 0.5884874612092972 0.03750123828649521 0.13653793931007385
0 0.5264341710135341 0.538317859172821 0.023528432473540306 0.12840521335601807
0 0.6074337363243103 0.518131896853447 0.029288291931152344 0.1268579661846161
0 0.30625935830175877 0.4665048625320196 0.03235046938061714 0.06072459742426872
0 0.3298093620687723 0.4436458572745323 0.023102808743715286 0.06539671123027802
0 0.4487340096384287 0.5542125888168812 0.026018429547548294 0.09418932348489761
0 0.46666378993541 0.48185253515839577 0.02948608435690403 0.05762714892625809
0 0.4991339920088649 0.4703001603484154 0.02178034745156765 0.053168997168540955
0 0.539913535118103 0.4613782539963722 0.021937847137451172 0.06901855766773224
0 0.31163325905799866 0.4258890366181731 0.013851404190063477 0.028078122064471245
0 0.6126742716878653 0.4740979168564081 0.02357001230120659 0.04699261859059334
0 0.4697938086465001 0.5275615602731705 0.024430179968476295 0.06985262036323547
