0 0.4591866731643677 0.6484088897705078 0.057814836502075195 0.18517816066741943
0 0.29777356423437595 0.6218729317188263 0.04206078127026558 0.19454914331436157
0 0.6227326616644859 0.9114621430635452 0.07595805823802948 0.1768663227558136
0 0.7390142679214478 0.847016841173172 0.10318279266357422 0.3037288784980774
0 0.15188602171838284 0.41630037501454353 0.044556569308042526 0.10981462150812149
0 0.8081149570643902 0.8530774265527725 0.09488549083471298 0.28920796513557434
0 0.24531673453748226 0.4795694872736931 0.04129989072680473 0.1901368945837021
0 0.6943672057241201 0.36429353803396225 0.03673858568072319 0.08135448396205902
0 0.10530826076865196 0.36723142117261887 0.037007175385951996 0.0636962503194809
0 0.06471436843276024 0.3690086528658867 0.038134701550006866 0.07311610877513885
0 0.6425952911376953 0.37722814455628395 0.038411855697631836 0.08067554980516434
0 0.5847338195890188 0.46383173018693924 0.0289735309779644 0.05854631960391998
0 0.5787587407976389 0.3938545249402523 0.02404646947979927 0.04311930388212204
0 0.2670619636774063 0.4071943983435631 0.04399597644805908 0.06341497600078583
0 0.212644437327981 0.37524122186005116 0.025223780423402786 0.05923915281891823
0 0.2573078069835901 0.3581984080374241 0.03508155420422554 0.06139225512742996
0 0.578342055901885 0.42922529578208923 0.021097373217344284 0.047496497631073
