0 0.13532488979399204 0.501226156949997 0.062280166894197464 0.146603524684906
0 0.3056460376828909 0.6204521581530571 0.05368382856249809 0.23602710664272308
0 0.5251788608729839 0.5416134372353554 0.04088106006383896 0.2004491239786148
0 0.4217517487704754 0.9297485128045082 0.038553617894649506 0.14002151787281036
0 0.49206564389169216 0.5610017850995064 0.03952450677752495 0.18515188992023468
0 0.4289295133203268 0.5757879391312599 0.04965228959918022 0.19617165625095367
0 0.3737127184867859 0.5205271914601326 0.027790546417236328 0.12169863283634186
0 0.30282301269471645 0.4432092607021332 0.024885129183530807 0.13389837741851807
0 0.21094779670238495 0.45398522913455963 0.04572415351867676 0.11825290322303772
0 0.26643190160393715 0.4559180438518524 0.044280387461185455 0.12730687856674194
0 0.3389601353555918 0.5099478662014008 0.03561215475201607 0.1926429271697998
0 0.4094287399202585 0.5421787053346634 0.030483055859804153 0.1556655466556549
0 0.24661460891366005 0.4605298973619938 0.04588482528924942 0.10020238906145096
0 0.23264770582318306 0.44756045937538147 0.03767571598291397 0.12672865390777588
0 0.3207672359421849 0.42117580212652683 0.02010359801352024 0.04385261610150337
