0 0.4598188754171133 0.5890951007604599 0.04683728143572807 0.16035863757133484
0 0.19888664223253727 0.5725628584623337 0.05239908769726753 0.1250809133052826
0 0.133413664996624 0.6968350484967232 0.05514901876449585 0.18827654421329498
0 0.11994295194745064 0.6106511950492859 0.06408750265836716 0.13041245937347412
0 0.277538800612092 0.49453229829669 0.03208177164196968 0.08203353732824326
0 0.3279174380004406 0.6447605937719345 0.07749965041875839 0.30632689595222473
0 0.39267528615891933 0.6117931753396988 0.060368847101926804 0.15068355202674866
0 0.2543344106525183 0.5248543284833431 0.036900829523801804 0.11468683928251266
0 0.10565894283354282 0.5673151761293411 0.04942764714360237 0.09112849831581116
0 0.38889973796904087 0.5401531122624874 0.02983992174267769 0.10521434992551804
0 0.10235622897744179 0.593223437666893 0.04253409057855606 0.08011898398399353
