0 0.36872929334640503 0.5939759686589241 0.06296467781066895 0.2172749787569046
0 0.4830663688480854 0.6800236329436302 0.04194364696741104 0.2139778584241867
0 0.8874002583324909 0.4485054835677147 0.04409752041101456 0.13048730790615082
0 0.27768552862107754 0.3340269960463047 0.021199297159910202 0.08276701718568802
0 0.900091003626585 0.36869604140520096 0.033475302159786224 0.10578180849552155
0 0.5751714706420898 0.557164266705513 0.03232455253601074 0.19698604941368103
0 0.43875535763800144 0.4171190485358238 0.04798178747296333 0.11142043769359589
0 0.3454734496772289 0.34340453520417213 0.03433694690465927 0.07896656543016434
0 0.5405765064060688 0.592971071600914 0.047461844980716705 0.23198208212852478
0 0.23060442507266998 0.3082332983613014 0.02720773220062256 0.06944747269153595
0 0.4477952364832163 0.3114728480577469 0.02436857298016548 0.07695630192756653
0 0.42198226414620876 0.3856072947382927 0.02951664850115776 0.08928881585597992
0 0.4292449299246073 0.3082868792116642 0.02020268514752388 0.0661931112408638
0 0.06462177447974682 0.30857656337320805 0.028891604393720627 0.0554250068962574
0 0.5102694686502218 0.4772951081395149 0.04299158975481987 0.12819887697696686
0 0.023944673128426075 0.34816460870206356 0.024662893265485764 0.05970798060297966
0 0.059453342109918594 0.2927735820412636 0.036830924451351166 0.05238492786884308
0 0.023395640775561333 0.33204610645771027 0.03063810244202614 0.07033392786979675
0 0.02294576959684491 0.31220574490725994 0.03369036316871643 0.04708268865942955
0 0.031061100773513317 0.28595131635665894 0.027674401178956032 0.03216296434402466
