0 0.32194434478878975 0.7141558676958084 0.07775149494409561 0.30325308442115784
0 0.5641753189265728 0.7618850767612457 0.07475437968969345 0.4735880494117737
0 0.41389637626707554 0.5189673155546188 0.04952876642346382 0.15385666489601135
0 0.8572761416435242 0.374178159981966 0.03181266784667969 0.10100135952234268
0 0.34254332818090916 0.4603436067700386 0.04752688482403755 0.12251587212085724
0 0.6101239807903767 0.627004936337471 0.03943619877099991 0.21761825680732727
0 0.20652804989367723 0.35195570066571236 0.02689685858786106 0.09356752783060074
0 0.7715036030858755 0.3596579283475876 0.036725472658872604 0.08783170580863953
0 0.932813573628664 0.34924890846014023 0.03760204464197159 0.07832245528697968
0 0.27595431823283434 0.3641449734568596 0.030673885717988014 0.08720247447490692
0 0.3382071554660797 0.3291742764413357 0.018837809562683105 0.07598321884870529
0 0.9024589769542217 0.3547259569168091 0.03485812991857529 0.05567359924316406
0 0.7787910457700491 0.4525836706161499 0.03044266626238823 0.101642906665802
0 0.3188981655985117 0.4132832922041416 0.029658246785402298 0.1149938777089119
0 0.3674003481864929 0.333940826356411 0.024693965911865234 0.05360738933086395
0 0.14398645143955946 0.32143785804510117 0.028967058286070824 0.06450973451137543
0 0.17270231246948242 0.3277309127151966 0.022782504558563232 0.04625920206308365
0 0.359414947219193 0.29721530992537737 0.012320900335907936 0.023246997967362404
