0 0.8431859016418457 0.7733085975050926 0.1163482666015625 0.23466555774211884
0 0.6511766314506531 0.6526976078748703 0.06984114646911621 0.1589502990245819
0 0.932925783097744 0.7786613404750824 0.10864810645580292 0.21939951181411743
0 0.2648819722235203 0.45115965977311134 0.05513892322778702 0.0948634222149849
0 0.0825392659753561 0.4984133131802082 0.042916785925626755 0.08992508798837662
0 0.9604762680828571 0.7062457427382469 0.07874307781457901 0.14476589858531952
0 0.13826420530676842 0.5105700306594372 0.050994597375392914 0.12216033786535263
0 0.32924636639654636 0.44249819219112396 0.037478018552064896 0.06595060229301453
0 0.49809772334992886 0.5170414447784424 0.0480923168361187 0.09950798749923706
0 0.6560355182737112 0.574297372251749 0.04985947534441948 0.11527205258607864
0 0.04660713532939553 0.6101039275527 0.0837382823228836 0.19461826980113983
0 0.36615403927862644 0.468910314142704 0.03618769720196724 0.1028839498758316
0 0.39999414701014757 0.4835043288767338 0.02991356886923313 0.06864459067583084
0 0.02372264862060547 0.5804809480905533 0.04671794921159744 0.19128558039665222
0 0.5401612035930157 0.46864527836441994 0.039494894444942474 0.0995478704571724
0 0.4318776847794652 0.4753750655800104 0.027683401480317116 0.05311330035328865
0 0.505251276306808 0.4461463391780853 0.025240039452910423 0.07963621616363525
0 0.4661788400262594 0.49385915510356426 0.02260560914874077 0.06038865074515343
0 0.5235855579376221 0.4336982034146786 0.0241086483001709 0.047435931861400604
0 0.39750300720334053 0.4602258428931236 0.03740129619836807 0.08389697968959808
0 0.4151649414561689 0.4343238677829504 0.014609145931899548 0.038988154381513596
