0 0.35084359627217054 0.32489875704050064 0.02441546879708767 0.08879239857196808
0 0.4067730251699686 0.32647304609417915 0.028994489461183548 0.08595655113458633
0 0.42325875721871853 0.5415339842438698 0.05643649026751518 0.2277146726846695
0 0.4959605224430561 0.532175712287426 0.05152568966150284 0.18830524384975433
0 0.30629731994122267 0.2978420667350292 0.027912354096770287 0.06684883683919907
0 0.5662783868610859 0.4499536007642746 0.042127229273319244 0.20383670926094055
0 0.11661338992416859 0.3062244839966297 0.02039496973156929 0.07446060329675674
0 0.49954220093786716 0.3126004561781883 0.02218465879559517 0.07318668067455292
0 0.5357366800308228 0.3799598254263401 0.02886819839477539 0.09398186951875687
0 0.5232615824788809 0.31303139962255955 0.02347083017230034 0.055120933800935745
0 0.19186902046203613 0.28273737989366055 0.01702779531478882 0.05501032993197441
0 0.14210099913179874 0.3140774294734001 0.027154970914125443 0.08775906264781952
0 0.16174956038594246 0.2879174258559942 0.0343765988945961 0.050139110535383224
0 0.5127524854615331 0.2828782629221678 0.012790823355317116 0.030046548694372177
0 0.5482252351939678 0.4386259913444519 0.0506681427359581 0.1876840591430664
0 0.14938732981681824 0.29282541386783123 0.039858341217041016 0.060163941234350204
