0 0.5917669776827097 0.5177245289087296 0.026059675961732864 0.13238754868507385
0 0.019086070358753204 0.6798324733972549 0.03817214071750641 0.1272975504398346
0 0.12864662893116474 0.6161440536379814 0.05047987774014473 0.1688300222158432
0 0.2567429654300213 0.5040564499795437 0.033806346356868744 0.10221218317747116
0 0.15595096349716187 0.6639927551150322 0.05505162477493286 0.18287836015224457
0 0.1951278392225504 0.5420667566359043 0.04316507652401924 0.10806287080049515
0 0.3231970788910985 0.4330235682427883 0.02336289919912815 0.07158707827329636
0 0.2979956567287445 0.4677247628569603 0.026634693145751953 0.05560247600078583
0 0.4465609844774008 0.5858843103051186 0.04407067224383354 0.16237004101276398
0 0.5153670907020569 0.5450647920370102 0.025429725646972656 0.08142611384391785
0 0.4893061574548483 0.4679429065436125 0.021271895617246628 0.0607316754758358
0 0.5260275127366185 0.481623075902462 0.024714374914765358 0.06589804589748383
0 0.45706052146852016 0.493620190769434 0.03469343110918999 0.06528163701295853
0 0.18987786397337914 0.5687474943697453 0.04486199468374252 0.07999975234270096
