0 0.5811175582930446 0.5303388312458992 0.028171872720122337 0.13653166592121124
0 0.12947686947882175 0.6015074104070663 0.055982399731874466 0.1470167338848114
0 0.019238099455833435 0.6673392578959465 0.03847619891166687 0.11371265351772308
0 0.15739110484719276 0.682327501475811 0.05444315820932388 0.1757340282201767
0 0.25552464090287685 0.5114117078483105 0.035860370844602585 0.10195931047201157
0 0.18717006966471672 0.5388898402452469 0.047445736825466156 0.10780254006385803
0 0.3241537930443883 0.44728757813572884 0.021114492788910866 0.07237938791513443
0 0.29547364730387926 0.4674842469394207 0.02802255190908909 0.09185918420553207
0 0.5099107678979635 0.5460335984826088 0.02971620485186577 0.18086768686771393
0 0.4348667971789837 0.600059874355793 0.044974468648433685 0.1558929830789566
0 0.4487676564604044 0.4969914611428976 0.03337602689862251 0.06078101322054863
0 0.4824370862916112 0.46537542156875134 0.02404489554464817 0.051648374646902084
0 0.4508232232183218 0.47633299231529236 0.03281731531023979 0.07495850324630737
0 0.43547276221215725 0.529246985912323 0.042427968233823776 0.10334718227386475
