0 0.8004454150795937 0.744380533695221 0.06795163452625275 0.34585368633270264
0 0.436107087880373 0.7289283573627472 0.08417163044214249 0.3371298909187317
0 0.8614447116851807 0.5544213429093361 0.0458836555480957 0.2371482402086258
0 0.9076680783182383 0.5619006231427193 0.0517457015812397 0.2434922605752945
0 0.32519352436065674 0.3558364696800709 0.040322065353393555 0.09231022745370865
0 0.5491026863455772 0.7305768430233002 0.09723620116710663 0.3555448651313782
0 0.5417170040309429 0.3885476551949978 0.034621141850948334 0.12332390993833542
0 0.6139999032020569 0.6356320381164551 0.0451350212097168 0.2682030200958252
0 0.6344890352338552 0.38733048737049103 0.028236817568540573 0.11701604723930359
0 0.6602415088564157 0.3897362947463989 0.037233639508485794 0.13999837636947632
0 0.43973101396113634 0.3231601305305958 0.018004799261689186 0.07893458753824234
0 0.48892065323889256 0.41896239668130875 0.04072742536664009 0.1491183191537857
0 0.3756499048322439 0.34462037310004234 0.037467192858457565 0.08694034069776535
0 0.4030133904889226 0.32781484723091125 0.02718176878988743 0.07342976331710815
0 0.4642234928905964 0.383259616792202 0.03150830417871475 0.07406561076641083
0 0.4935635570436716 0.35758205130696297 0.03224783018231392 0.07271192222833633
0 0.47790207248181105 0.31990851648151875 0.02328023873269558 0.0428185798227787
0 0.46683989837765694 0.3639700710773468 0.03716788440942764 0.061329185962677
0 0.48423672281205654 0.34831439331173897 0.035989951342344284 0.07309750467538834
