0 0.7887208238244057 0.8187059611082077 0.10418196022510529 0.36188289523124695
0 0.8773805852979422 0.5914320200681686 0.052968692034482956 0.2558227479457855
0 0.3841957040131092 0.8124789744615555 0.09330198913812637 0.3748745024204254
0 0.9495655298233032 0.6223259270191193 0.05665445327758789 0.2830684185028076
0 0.28556497767567635 0.3776833675801754 0.045476652681827545 0.10791831463575363
0 0.5182131454348564 0.7999309003353119 0.07663111388683319 0.3981834053993225
0 0.5171888526529074 0.41055718809366226 0.0355648510158062 0.12635739147663116
0 0.5802864078432322 0.7003212124109268 0.052426863461732864 0.30323079228401184
0 0.44793909788131714 0.43707437068223953 0.06121659278869629 0.18303729593753815
0 0.6282855030149221 0.4069819375872612 0.0380517952144146 0.13834325969219208
0 0.6052655577659607 0.4127733111381531 0.0350954532623291 0.13134831190109253
0 0.4765259027481079 0.7307176440954208 0.05047345161437988 0.2582716643810272
0 0.4085467401891947 0.3466950636357069 0.01670103147625923 0.05705701932311058
0 0.37438043393194675 0.3432873450219631 0.021283674985170364 0.06672810763120651
0 0.45058499556034803 0.34220409765839577 0.022693967446684837 0.0627894476056099
0 0.35466169752180576 0.3680584989488125 0.035399843007326126 0.08016955107450485
0 0.33108460903167725 0.3701230511069298 0.022354483604431152 0.07833705842494965
0 0.6043706052005291 0.3668126091361046 0.03504195064306259 0.0539538711309433
0 0.3702879846096039 0.32037521339952946 0.027821660041809082 0.04211171343922615
0 0.3336912989616394 0.3443327769637108 0.028352975845336914 0.07289104163646698
