0 0.8027153834700584 0.7278327792882919 0.06664066016674042 0.35671040415763855
0 0.45079826191067696 0.7283383756875992 0.07430348545312881 0.3199513256549835
0 0.5626347064971924 0.7164260596036911 0.09346914291381836 0.35374578833580017
0 0.8589349742978811 0.5347175449132919 0.044104766100645065 0.2201346457004547
0 0.902571177110076 0.5535515993833542 0.0480162613093853 0.22979053854942322
0 0.6235724799335003 0.6260048002004623 0.04716887325048447 0.2718435823917389
0 0.5517883412539959 0.37755443900823593 0.03339400142431259 0.11915694177150726
0 0.3380809426307678 0.3471416272222996 0.03790640830993652 0.08410722762346268
0 0.6701259855180979 0.37613755464553833 0.03442888334393501 0.11806070804595947
0 0.6443529604002833 0.38246940821409225 0.028406476601958275 0.11576823890209198
0 0.44987581949681044 0.32312245666980743 0.016641950234770775 0.08249875903129578
0 0.3844570629298687 0.34613677486777306 0.03271760791540146 0.07087408751249313
0 0.49718561209738255 0.39896465092897415 0.03875618055462837 0.15645791590213776
0 0.47459274530410767 0.37485745921730995 0.02904963493347168 0.07614875584840775
0 0.49076935090124607 0.30673793889582157 0.028926420956850052 0.0603841133415699
0 0.4140639426186681 0.32582923024892807 0.023830557242035866 0.07689796388149261
0 0.40320874471217394 0.32958420366048813 0.02459695376455784 0.07718633115291595
0 0.5522821303457022 0.5740229897201061 0.02317781373858452 0.07571800798177719
