0 0.6894736532121897 0.5229514911770821 0.0542331226170063 0.18496038019657135
0 0.781666100025177 0.4344298765063286 0.0273587703704834 0.15028969943523407
0 0.5494348760694265 0.33680734410881996 0.021249961107969284 0.0835200622677803
0 0.5162770636379719 0.5337987765669823 0.07126150280237198 0.20087729394435883
0 0.7567872405052185 0.43088699877262115 0.03615880012512207 0.14889606833457947
0 0.6563597917556763 0.32012755051255226 0.049889564514160156 0.09385252743959427
0 0.5754597075283527 0.5482544153928757 0.09305319935083389 0.2690417468547821
0 0.4654877129942179 0.3134883865714073 0.024104882031679153 0.07947902381420135
0 0.4948120592162013 0.36018509417772293 0.022640323266386986 0.08434130251407623
0 0.4441607054322958 0.2834732420742512 0.018558692187070847 0.04613170772790909
0 0.4174346327781677 0.28681390173733234 0.014465570449829102 0.042882177978754044
0 0.32619419135153294 0.31465609557926655 0.03552370145916939 0.054829809814691544
0 0.5137372016906738 0.31885969266295433 0.014091730117797852 0.0631280466914177
0 0.38991776667535305 0.2932058125734329 0.016544412821531296 0.047863155603408813
0 0.37408875208348036 0.29769448563456535 0.018632149323821068 0.044467948377132416
0 0.36149165593087673 0.2999002244323492 0.023399781435728073 0.04938540980219841
0 0.34865393675863743 0.30168063193559647 0.02466766908764839 0.04945112764835358
