0 0.593736469745636 0.4999431222677231 0.03241467475891113 0.1352439820766449
0 0.36301087122410536 0.29472544603049755 0.023102974519133568 0.05738949403166771
0 0.5754762412980199 0.30800141394138336 0.021311664953827858 0.03949657082557678
0 0.40425169467926025 0.32809892296791077 0.018753409385681152 0.08407372236251831
0 0.19680733978748322 0.3028602972626686 0.0243072509765625 0.07157601416110992
0 0.47069596126675606 0.5276607573032379 0.0829220786690712 0.205943763256073
0 0.6248794440180063 0.3994555026292801 0.05045919492840767 0.1414179503917694
0 0.2805521609261632 0.281039971858263 0.022319460287690163 0.0493612065911293
0 0.43377850018441677 0.3050561659038067 0.02075810357928276 0.04986860603094101
0 0.24837595503777266 0.2806616500020027 0.0208341833204031 0.06328372657299042
0 0.46073049306869507 0.32757122814655304 0.0188601016998291 0.07317116856575012
0 0.2233324497938156 0.3010138478130102 0.023424625396728516 0.06059805676341057
0 0.5537970419973135 0.30983371660113335 0.028400372713804245 0.08297356218099594
0 0.5202099438756704 0.4762662723660469 0.033318232744932175 0.1317506581544876
0 0.2877220753580332 0.26761862821877 0.01728849485516548 0.05534875765442848
0 0.4959014840424061 0.5208716914057732 0.061118222773075104 0.2121802419424057
0 0.24075952172279358 0.2831601668149233 0.023397207260131836 0.054963622242212296
0 0.5715768579393625 0.29451815597712994 0.02514343336224556 0.05785032734274864
0 0.5165644884109497 0.4345883261412382 0.04060864448547363 0.058059778064489365
0 0.28369137085974216 0.25616809725761414 0.018696118146181107 0.029727786779403687
