0 0.7405148260295391 0.7815380692481995 0.1193179115653038 0.25192320346832275
0 0.5611796155571938 0.6363403424620628 0.06682391464710236 0.16018299758434296
0 0.9066797718405724 0.7430558055639267 0.09193544089794159 0.21011051535606384
0 0.02802048996090889 0.4983530417084694 0.05604097992181778 0.11602897942066193
0 0.4112439937889576 0.4463501498103142 0.047818876802921295 0.09916089475154877
0 0.6410413272678852 0.5452708825469017 0.045370914041996 0.10910831391811371
0 0.9781199209392071 0.7219530269503593 0.04350414127111435 0.146157369017601
0 0.48560160398483276 0.5068144500255585 0.056240081787109375 0.12864583730697632
0 0.34356486797332764 0.4516383819282055 0.03820228576660156 0.09778913110494614
0 0.22261007502675056 0.43124377354979515 0.03439746052026749 0.08340691775083542
0 0.27695559337735176 0.42826859280467033 0.03131113201379776 0.06166877597570419
0 0.3731917627155781 0.4355534575879574 0.03712759166955948 0.08483301848173141
0 0.46744316816329956 0.45446979254484177 0.034151554107666016 0.07223396003246307
0 0.5688911564648151 0.45336737483739853 0.0430356040596962 0.09463004767894745
0 0.567637275904417 0.40482115373015404 0.038892172276973724 0.0682530328631401
0 0.5897585395723581 0.4257702976465225 0.020801831036806107 0.03477939963340759
0 0.3775547919794917 0.46045276522636414 0.02906045876443386 0.071647047996521
