0 0.20810886844992638 0.8782773837447166 0.06767626851797104 0.24267010390758514
0 0.11231784150004387 0.7874680086970329 0.0980205163359642 0.22207926213741302
0 0.1895170398056507 0.6003631725907326 0.047614552080631256 0.14494116604328156
0 0.3361573573201895 0.7354617342352867 0.0475282184779644 0.24551789462566376
0 0.23459240421652794 0.7098980769515038 0.044039033353328705 0.2079729288816452
0 0.14221601746976376 0.5875299647450447 0.03142673894762993 0.11098887026309967
0 0.06513422355055809 0.7082817628979683 0.0627794861793518 0.19868816435337067
0 0.2802663967013359 0.7654968723654747 0.06320802867412567 0.2392393797636032
0 0.03131771832704544 0.6517089605331421 0.0594143383204937 0.17463243007659912
0 0.08767532743513584 0.5865284688770771 0.03853689506649971 0.06810090690851212
0 0.24498372711241245 0.63219103962183 0.016332197934389114 0.0517164021730423
0 0.2839344087988138 0.6262186355888844 0.016954708844423294 0.06465081125497818
