0 0.5835973741486669 0.5315903127193451 0.02846994437277317 0.13866424560546875
0 0.018802372738718987 0.6666632629930973 0.03760474547743797 0.11544901877641678
0 0.12894277833402157 0.5925689041614532 0.05453754588961601 0.13517040014266968
0 0.15656777657568455 0.6869175881147385 0.05384974554181099 0.18432816863059998
0 0.2562721725553274 0.5112517811357975 0.035649966448545456 0.11346257477998734
0 0.1886933147907257 0.5372679829597473 0.047349631786346436 0.10489493608474731
0 0.32430468779057264 0.44067852571606636 0.02375957928597927 0.08117065578699112
0 0.4376561287790537 0.6020308285951614 0.04319195821881294 0.15039494633674622
0 0.29565711598843336 0.4655382111668587 0.02683124504983425 0.08995653688907623
0 0.45028101839125156 0.4992402605712414 0.03214745596051216 0.06440671533346176
0 0.514970576390624 0.49475358985364437 0.023361872881650925 0.05590282008051872
0 0.4339943528175354 0.5586721338331699 0.038773298263549805 0.09595442563295364
0 0.4822885515168309 0.48333810828626156 0.02080526389181614 0.050480227917432785
0 0.46148504596203566 0.4565024599432945 0.01392517052590847 0.03528700768947601
0 0.44253671169281006 0.5064797960221767 0.02249598503112793 0.06147532910108566
0 0.48640334606170654 0.471927959471941 0.022066354751586914 0.07045427709817886
