0 0.10583257302641869 0.8383377194404602 0.10353229194879532 0.27145910263061523
0 0.22318099066615105 0.8072520196437836 0.07778086513280869 0.38162583112716675
0 0.34305204823613167 0.7322242558002472 0.049746252596378326 0.24613994359970093
0 0.18985813297331333 0.5935942083597183 0.04324917867779732 0.1514381468296051
0 0.15321504697203636 0.5946466699242592 0.03261282294988632 0.1486160308122635
0 0.035198966041207314 0.6354608237743378 0.058786869049072266 0.16229337453842163
0 0.2858812287449837 0.7771012187004089 0.06945033371448517 0.2612959146499634
0 0.07504571415483952 0.6998392269015312 0.05960787460207939 0.1936497539281845
0 0.2699825130403042 0.7457609325647354 0.04944493621587753 0.27280393242836
0 0.09213159419596195 0.5825680829584599 0.037986744195222855 0.053500957787036896
0 0.06492850184440613 0.6582261919975281 0.06707705557346344 0.11563873291015625
