0 0.10244021937251091 0.8238445594906807 0.08219490945339203 0.23739255964756012
0 0.35749102756381035 0.7359615713357925 0.04891970008611679 0.2508092224597931
0 0.3104818519204855 0.7885468453168869 0.0519990436732769 0.2704833447933197
0 0.09434492513537407 0.703244186937809 0.05210506170988083 0.14323730766773224
0 0.2500792145729065 0.8038993626832962 0.09048497676849365 0.3912948668003082
0 0.19200808741152287 0.593821719288826 0.033924687653779984 0.15548494458198547
0 0.1697267945855856 0.5886146351695061 0.03580160066485405 0.1515863984823227
0 0.061597940512001514 0.6505607515573502 0.09548979997634888 0.1374148428440094
0 0.09380204975605011 0.5666859187185764 0.03595823049545288 0.05448926240205765
0 0.09609620086848736 0.6243549399077892 0.04851697012782097 0.08474989980459213
0 0.06537907104939222 0.5718312412500381 0.01970539055764675 0.04434886574745178
