0 0.17940643057227135 0.46119987964630127 0.0601857528090477 0.1324567198753357
0 0.4539454821497202 0.5090596750378609 0.04420142248272896 0.17199821770191193
0 0.3552062511444092 0.550249956548214 0.05055546760559082 0.22052709758281708
0 0.5541954040527344 0.4983416274189949 0.04382729530334473 0.1821913868188858
0 0.4633644297719002 0.8800700455904007 0.06982846558094025 0.23985984921455383
0 0.3737760838121176 0.4067436344921589 0.038878511637449265 0.10009757429361343
0 0.9899614695459604 0.7843711599707603 0.018599797040224075 0.18494419753551483
0 0.20696543529629707 0.9463938623666763 0.060311831533908844 0.1066676676273346
0 0.29642925783991814 0.4240775443613529 0.03963723033666611 0.11856795102357864
0 0.3327137352898717 0.40699079260230064 0.020264768972992897 0.10977863520383835
0 0.5256488211452961 0.5127957612276077 0.03634176403284073 0.18012508749961853
0 0.40198980551213026 0.4892393685877323 0.026990747079253197 0.07031292468309402
0 0.24513234570622444 0.43348610028624535 0.03543875366449356 0.0852501317858696
0 0.26731397584080696 0.41733743250370026 0.03125283867120743 0.11603906750679016
0 0.31431623734533787 0.9121297374367714 0.04645650461316109 0.1757405549287796
0 0.3754634205251932 0.9261159971356392 0.04841356351971626 0.14506234228610992
0 0.99017652310431 0.46146633476018906 0.019646931439638138 0.07951270043849945
