0 0.12859872728586197 0.5091376900672913 0.06512971222400665 0.15258949995040894
0 0.2969574686139822 0.6353326439857483 0.05281038209795952 0.2626643180847168
0 0.5215092897415161 0.5533940568566322 0.04082441329956055 0.20478524267673492
0 0.41259672679007053 0.9334549233317375 0.04215900972485542 0.13309012353420258
0 0.4860315676778555 0.5709201097488403 0.0354120247066021 0.19671863317489624
0 0.4292662851512432 0.5894887000322342 0.04362168163061142 0.2108982503414154
0 0.20051207207143307 0.477514173835516 0.03616715595126152 0.08847516030073166
0 0.3332781679928303 0.5595443099737167 0.03634820133447647 0.10152003169059753
0 0.37072702031582594 0.5279986560344696 0.028979873284697533 0.12202292680740356
0 0.40417370200157166 0.5546445325016975 0.031121253967285156 0.1624593883752823
0 0.23771997168660164 0.4696969911456108 0.04808709770441055 0.10180698335170746
0 0.30134441889822483 0.4539916552603245 0.030185986310243607 0.08775592595338821
0 0.2702170191332698 0.4632212966680527 0.030974959954619408 0.1366765797138214
0 0.3354128058999777 0.45939572900533676 0.030223798006772995 0.08388273417949677
0 0.36957284808158875 0.5660979077219963 0.028620600700378418 0.11471913754940033
0 0.409203315153718 0.506389707326889 0.038269925862550735 0.06789940595626831
