0 0.2968165762722492 0.7212894484400749 0.06544826179742813 0.19746826589107513
0 0.43896400928497314 0.5973836332559586 0.04076123237609863 0.15489938855171204
0 0.18542439863085747 0.5673126950860023 0.05045189708471298 0.11686189472675323
0 0.12290255166590214 0.6857062950730324 0.06198321655392647 0.1609540730714798
0 0.09475638717412949 0.6065768823027611 0.05243280529975891 0.14554159343242645
0 0.27772920206189156 0.5072903968393803 0.03283045440912247 0.09610188752412796
0 0.24246581830084324 0.5257931686937809 0.030409742146730423 0.1013231948018074
0 0.3744735959917307 0.6040894091129303 0.0574599988758564 0.16049617528915405
0 0.30271818675100803 0.5966457650065422 0.0546986348927021 0.14409993588924408
0 0.12278992868959904 0.6123533509671688 0.059380996972322464 0.10550396889448166
0 0.33851256407797337 0.5456532426178455 0.024703670293092728 0.08015242964029312
0 0.37340216618031263 0.53888800740242 0.029528355225920677 0.08795768022537231
0 0.3241938827559352 0.55717883259058 0.030744409188628197 0.06495721638202667
