0 0.5953758601099253 0.5005690976977348 0.03239946439862251 0.13232748210430145
0 0.4064713064581156 0.3293503448367119 0.0186036117374897 0.08625541627407074
0 0.62843943759799 0.3992808759212494 0.05178799480199814 0.14099860191345215
0 0.5778442863374949 0.30876183696091175 0.02159600332379341 0.038312021642923355
0 0.365661496296525 0.2989967465400696 0.023090887814760208 0.06863749027252197
0 0.45675648376345634 0.5206575095653534 0.05624022334814072 0.208318293094635
0 0.5228604190051556 0.48049069195985794 0.034548185765743256 0.14446444809436798
0 0.462715876288712 0.32860537618398666 0.020940208807587624 0.07398615777492523
0 0.20213057100772858 0.30426329001784325 0.027684509754180908 0.06962858885526657
0 0.4889906756579876 0.5243909060955048 0.046751879155635834 0.19948047399520874
0 0.2858323510736227 0.28102781623601913 0.025210093706846237 0.05057786405086517
0 0.4351323191076517 0.30523595586419106 0.01975708082318306 0.04531938582658768
0 0.22612023912370205 0.30340488627552986 0.021686743944883347 0.07004324346780777
0 0.553062105551362 0.3230475764721632 0.02010064199566841 0.06082689389586449
0 0.25188516080379486 0.28240501694381237 0.022046923637390137 0.05766927823424339
0 0.2956625879742205 0.26678631640970707 0.01265950221568346 0.054667938500642776
0 0.25870774406939745 0.2580089196562767 0.010982060804963112 0.02281801402568817
0 0.5656408071517944 0.28248152881860733 0.011590719223022461 0.03365124762058258
0 0.5781562570482492 0.33737075701355934 0.029471207410097122 0.035596974194049835
