0 0.6924811843782663 0.5268196910619736 0.054862309247255325 0.1893603503704071
0 0.7596331126987934 0.42911022156476974 0.035967208445072174 0.14737515151500702
0 0.5510468361899257 0.3418353833258152 0.020904874429106712 0.0711451843380928
0 0.7849152209237218 0.4341241866350174 0.02926006354391575 0.15231826901435852
0 0.46693660598248243 0.31358057260513306 0.022307252511382103 0.08024632930755615
0 0.5702733397483826 0.5601320192217827 0.08378028869628906 0.21699027717113495
0 0.49856172781437635 0.3519071601331234 0.02472839318215847 0.10397963970899582
0 0.6700129387900233 0.3328966647386551 0.026043033227324486 0.06368079781532288
0 0.5195631794631481 0.5389830768108368 0.06682457774877548 0.21333926916122437
0 0.44667789340019226 0.28441155329346657 0.018108606338500977 0.04405827075242996
0 0.648571515455842 0.31999627500772476 0.03135852888226509 0.0846865326166153
0 0.5155283333733678 0.3202355317771435 0.013626957312226295 0.06322803348302841
0 0.6062966231256723 0.4611491970717907 0.04576592519879341 0.10078146308660507
0 0.41982398042455316 0.28667002730071545 0.014003944583237171 0.042772527784109116
0 0.3322268184274435 0.31467584520578384 0.02641470357775688 0.05543191730976105
0 0.3618614673614502 0.30158575996756554 0.02754223346710205 0.05352836102247238
0 0.3919953051954508 0.2932304833084345 0.016551662236452103 0.04977353289723396
0 0.3520027222111821 0.3024292681366205 0.025789761915802956 0.05029769614338875
0 0.37559874076396227 0.3003007788211107 0.019504213705658913 0.04910445585846901
0 0.5518317334353924 0.4734792597591877 0.044392965734004974 0.08374688774347305
