0 0.5791842825710773 0.7198579013347626 0.0523136630654335 0.28828006982803345
0 0.36965382657945156 0.5730407014489174 0.04732389375567436 0.17608757317066193
0 0.6424835678189993 0.6718646362423897 0.04250044748187065 0.1986532360315323
0 0.2965032160282135 0.5192798972129822 0.04520833492279053 0.16020303964614868
0 0.35638023540377617 0.802744448184967 0.07285013049840927 0.278594970703125
0 0.7125941626727581 0.9151099994778633 0.05744185298681259 0.16781820356845856
0 0.7698325393721461 0.3607274778187275 0.02893838845193386 0.08192376047372818
0 0.10218330658972263 0.34394093602895737 0.03520115092396736 0.0723293274641037
0 0.31657038908451796 0.3370068483054638 0.02705535851418972 0.08849366754293442
0 0.171841312199831 0.3770601153373718 0.03549013286828995 0.09332501888275146
0 0.6952228546142578 0.4075711667537689 0.030071258544921875 0.17046964168548584
0 0.26631420850753784 0.45433029904961586 0.029338359832763672 0.09786678105592728
0 0.28139546513557434 0.3516671434044838 0.018296122550964355 0.06739671528339386
0 0.1351968375965953 0.34160205349326134 0.03003845177590847 0.06615941971540451
0 0.8398987054824829 0.3553104195743799 0.025490283966064453 0.050634998828172684
0 0.24658193066716194 0.3947944678366184 0.03886900097131729 0.09726757556200027
0 0.8198879482224584 0.3689189348369837 0.024214649572968483 0.06184162572026253
0 0.8180973771959543 0.32781490683555603 0.025623608380556107 0.041232407093048096
0 0.2633862914517522 0.38546683453023434 0.027884388342499733 0.05676714703440666
