0 0.3869931772351265 0.8170493096113205 0.09286649525165558 0.3659007251262665
0 0.790543831884861 0.8160497099161148 0.09960408508777618 0.36662712693214417
0 0.9444175362586975 0.613714411854744 0.05561399459838867 0.2730042040348053
0 0.8762153275310993 0.5822808891534805 0.05085287243127823 0.24504360556602478
0 0.5814895629882812 0.7040579617023468 0.052366018295288086 0.3215506672859192
0 0.288003284484148 0.37582458928227425 0.04447374492883682 0.10521981865167618
0 0.5221732743084431 0.7989222854375839 0.07591042667627335 0.39675113558769226
0 0.5184783823788166 0.4081262871623039 0.03483758121728897 0.12320588529109955
0 0.6297830585390329 0.40959281474351883 0.038257647305727005 0.1475173383951187
0 0.48036628402769566 0.7250122725963593 0.050133515149354935 0.25133734941482544
0 0.41008312720805407 0.34158357977867126 0.01657118834555149 0.07488119602203369
0 0.4493851363658905 0.4313720688223839 0.06007838249206543 0.1827046126127243
0 0.6070764772593975 0.40971118211746216 0.03299131244421005 0.12840557098388672
0 0.4520391346886754 0.3371455483138561 0.021908188238739967 0.054071150720119476
0 0.34894536808133125 0.37066560238599777 0.04628107696771622 0.08346568048000336
0 0.374472719617188 0.3404324911534786 0.02479555644094944 0.0760684534907341
0 0.3602879885584116 0.34953445196151733 0.04437916353344917 0.09543740749359131
0 0.3331051226705313 0.3557725939899683 0.022212695330381393 0.05171962454915047
0 0.34578979620710015 0.3198299165815115 0.012075495906174183 0.03077174350619316
