0 0.022058913484215736 0.6791475117206573 0.04411782696843147 0.11734741926193237
0 0.15442600473761559 0.6811948791146278 0.0542159304022789 0.18199212849140167
0 0.6013554930686951 0.5192415043711662 0.024101972579956055 0.13830964267253876
0 0.1284264288842678 0.6144566163420677 0.04830124229192734 0.15412907302379608
0 0.2581476420164108 0.5119096003472805 0.03686976432800293 0.1059756800532341
0 0.19897806085646152 0.5411040037870407 0.04107849672436714 0.12637481093406677
0 0.45932523533701897 0.5849458649754524 0.049840591847896576 0.15311147272586823
0 0.31426236033439636 0.4540906772017479 0.048648953437805176 0.10218815505504608
0 0.5287658460438251 0.5258070528507233 0.03645000606775284 0.17246860265731812
0 0.4640485104173422 0.47864996641874313 0.03240818902850151 0.06892620027065277
0 0.4945281147956848 0.47294910810887814 0.021515607833862305 0.06070009991526604
