0 0.6314144134521484 0.6698758825659752 0.04035377502441406 0.2365991324186325
0 0.5710253231227398 0.6834745034575462 0.05416836589574814 0.24711112678050995
0 0.37656230852007866 0.5473268628120422 0.04890765994787216 0.16309398412704468
0 0.7883535139262676 0.3759392388164997 0.03636517375707626 0.10381094366312027
0 0.34090227633714676 0.7900638282299042 0.07380743324756622 0.3231387734413147
0 0.30421132408082485 0.4886329770088196 0.046889375895261765 0.1322021484375
0 0.2770834807306528 0.43147921189665794 0.028482723981142044 0.11531596630811691
0 0.7120609637349844 0.36899954825639725 0.02908940240740776 0.09037293493747711
0 0.1777184847742319 0.3675130866467953 0.02721618488430977 0.08451133221387863
0 0.7138878582045436 0.4519253186881542 0.02673468552529812 0.08748152107000351
0 0.8485138174146414 0.3498142398893833 0.051567744463682175 0.08116859942674637
0 0.25315092504024506 0.3862190395593643 0.03820526599884033 0.07982966303825378
0 0.3267199220135808 0.34356307052075863 0.024603629484772682 0.05414263531565666
0 0.10956571437418461 0.334673248231411 0.03257213905453682 0.06835214793682098
0 0.2935282289981842 0.339883528649807 0.019884228706359863 0.05401556193828583
0 0.14561993163079023 0.34272261895239353 0.023631727322936058 0.0521734245121479
0 0.8360753655433655 0.36181608214974403 0.028399944305419922 0.07857144623994827
0 0.6765258070081472 0.9029593393206596 0.06216425821185112 0.19293569028377533
0 0.3214894593693316 0.30754802096635103 0.011084032244980335 0.030548879876732826
