0 0.05795135162770748 0.608251079916954 0.07662604004144669 0.19725951552391052
0 0.206119142472744 0.762359544634819 0.06633318960666656 0.3014748990535736
0 0.36981163546442986 0.6975312754511833 0.049721859395504 0.22632955014705658
0 0.4522992968559265 0.6547713726758957 0.045319318771362305 0.2559750974178314
0 0.2804873939603567 0.6396568790078163 0.04682190343737602 0.2113170176744461
0 0.1307935267686844 0.5496735014021397 0.04130774736404419 0.08542323857545853
0 0.3259724024683237 0.6455802768468857 0.040162015706300735 0.2253495156764984
0 0.42295449413359165 0.6690821796655655 0.03527503088116646 0.23268356919288635
0 0.26044895127415657 0.5076904520392418 0.05817566066980362 0.14372198283672333
0 0.20730398036539555 0.5413675829768181 0.04020743444561958 0.14880608022212982
0 0.16100298147648573 0.5511863082647324 0.029896533116698265 0.10571208596229553
0 0.1669186744838953 0.48339513316750526 0.016775596886873245 0.0453152135014534
0 0.19336184300482273 0.509972807019949 0.03535233810544014 0.053890399634838104
0 0.20309526659548283 0.47110358998179436 0.02329956367611885 0.054392240941524506
0 0.14332376699894667 0.489141546189785 0.01459411345422268 0.042175039649009705
