0 0.5672795530408621 0.6877635419368744 0.05071301385760307 0.27464157342910767
0 0.38479970768094063 0.5491528064012527 0.050048209726810455 0.1672317087650299
0 0.3349454775452614 0.7899327278137207 0.07854051887989044 0.3439732789993286
0 0.3135848883539438 0.5009369403123856 0.04758040979504585 0.15536269545555115
0 0.8047095658257604 0.3667820654809475 0.030760670080780983 0.0933079645037651
0 0.7279228568077087 0.414129301905632 0.033370256423950195 0.18013229966163635
0 0.337004279717803 0.33401641994714737 0.024161409586668015 0.08118744194507599
0 0.2565645631402731 0.37552111223340034 0.03449089452624321 0.08773420006036758
0 0.28784009255468845 0.4412674494087696 0.028840351849794388 0.10518447309732437
0 0.8766879318282008 0.35922664031386375 0.02958974801003933 0.06525414437055588
0 0.1873270245268941 0.3687615878880024 0.025416040793061256 0.06327716261148453
0 0.8551887385547161 0.3701806589961052 0.03541889041662216 0.08402799069881439
0 0.30430289544165134 0.3394307568669319 0.018407870084047318 0.06380237638950348
0 0.11927560716867447 0.3311684876680374 0.034096717834472656 0.062157779932022095
0 0.642675805836916 0.7765631675720215 0.07393727451562881 0.44580161571502686
0 0.14657669700682163 0.33756841160357 0.02634226158261299 0.04525085166096687
0 0.17335155606269836 0.33000521548092365 0.011787891387939453 0.03554776683449745
0 0.3029330726712942 0.31738272309303284 0.01829523965716362 0.046973228454589844
