0 0.3327804021537304 0.7915831506252289 0.08112277835607529 0.33932799100875854
0 0.3897441327571869 0.5512000322341919 0.051161885261535645 0.171303391456604
0 0.564005684107542 0.6868870854377747 0.05154242366552353 0.2713726758956909
0 0.6209668274968863 0.6690363213419914 0.04234189912676811 0.23562143743038177
0 0.3156923893839121 0.4968777969479561 0.05644064024090767 0.1536339670419693
0 0.8141415603458881 0.3653821311891079 0.032076217234134674 0.09454970806837082
0 0.735383665189147 0.4110953062772751 0.03422565385699272 0.18452778458595276
0 0.12237638607621193 0.332271046936512 0.03609391301870346 0.06866414844989777
0 0.8835944421589375 0.3462618477642536 0.03688345104455948 0.0867830291390419
0 0.25910339690744877 0.3763434626162052 0.0311463363468647 0.08641821891069412
0 0.3414012910798192 0.32958727329969406 0.024494314566254616 0.0804656594991684
0 0.29175055027008057 0.4312404431402683 0.027642369270324707 0.11627108603715897
0 0.8619709853082895 0.3649166636168957 0.033051300793886185 0.07899674028158188
0 0.1903521539643407 0.370530616492033 0.025634730234742165 0.06724169105291367
0 0.31097280979156494 0.34186953119933605 0.020290732383728027 0.05468618497252464
0 0.15517182368785143 0.33750323206186295 0.020846271887421608 0.04084421694278717
0 0.6378101352602243 0.8807576447725296 0.056551504880189896 0.23785772919654846
0 0.14877403993159533 0.32612285763025284 0.026537859812378883 0.060187891125679016
0 0.3094287272542715 0.3193689566105604 0.020053815096616745 0.05363618955016136
