0 0.433601975440979 0.5389594063162804 0.05253767967224121 0.23678182065486908
0 0.14614505134522915 0.30487434938549995 0.019320856779813766 0.07866445928812027
0 0.4877619743347168 0.5487953647971153 0.04851484298706055 0.21350233256816864
0 0.42992140632122755 0.32738563045859337 0.020614957436919212 0.07916920632123947
0 0.37204940896481276 0.32472576946020126 0.021188711747527122 0.08821235597133636
0 0.5798306949436665 0.45064500719308853 0.05404362827539444 0.23894132673740387
0 0.5456393007189035 0.3147852048277855 0.02859954908490181 0.058209821581840515
0 0.21850481908768415 0.2831733599305153 0.02541325055062771 0.05417753756046295
0 0.32762713450938463 0.2997019439935684 0.026221895590424538 0.06608405709266663
0 0.5000277515500784 0.4815496951341629 0.035824965685606 0.07761302590370178
0 0.4122397480532527 0.3089534789323807 0.018128490075469017 0.046774059534072876
0 0.17289689183235168 0.3008912540972233 0.02676105499267578 0.07535082846879959
0 0.19290784001350403 0.28270966187119484 0.02057826519012451 0.06332118064165115
0 0.5193402525037527 0.31087586656212807 0.02079029008746147 0.05695421248674393
0 0.5130315660499036 0.43973966129124165 0.015472698025405407 0.04839566722512245
0 0.4482856569811702 0.4469469338655472 0.017836904153227806 0.05483517050743103
0 0.17526579461991787 0.32085368409752846 0.02128804847598076 0.06028122454881668
0 0.22059279400855303 0.2544695409014821 0.013510012999176979 0.023246997967362404
