0 0.018715616315603256 0.67234281077981 0.03743123263120651 0.11829168349504471
0 0.5518986694514751 0.5457149222493172 0.03129138797521591 0.1466372162103653
0 0.1554033514112234 0.6756616681814194 0.053298186510801315 0.1765175759792328
0 0.40454648062586784 0.6279192939400673 0.04003586620092392 0.1939588338136673
0 0.15771435759961605 0.5363128297030926 0.0514497272670269 0.09027107805013657
0 0.3314199270680547 0.46188392117619514 0.029773855581879616 0.08579126745462418
0 0.1311715841293335 0.6051400452852249 0.06746338307857513 0.14563491940498352
0 0.4830777943134308 0.5567754060029984 0.030664682388305664 0.16410043835639954
0 0.45360919274389744 0.4805464558303356 0.02378707006573677 0.06742193549871445
0 0.26958655938506126 0.4855094403028488 0.04216303676366806 0.09595510363578796
0 0.24177119135856628 0.544770423322916 0.036583900451660156 0.08799052983522415
0 0.42131518106907606 0.5067846197634935 0.03122124634683132 0.05802798643708229
0 0.43233724823221564 0.4738201554864645 0.012916850857436657 0.03724975511431694
