0 0.3972093053162098 0.5442906767129898 0.05166587978601456 0.1630648672580719
0 0.3256406672298908 0.7347958087921143 0.07864735275506973 0.2674415111541748
0 0.5596463922411203 0.6881926208734512 0.050385285168886185 0.2800195515155792
0 0.7495326278731227 0.43778596445918083 0.027980422601103783 0.10331632941961288
0 0.32362722232937813 0.4898693487048149 0.04738495498895645 0.15851829946041107
0 0.6169466618448496 0.6479808539152145 0.039600420743227005 0.21374079585075378
0 0.7448951480910182 0.3556456156075001 0.0311413761228323 0.08227244764566422
0 0.34924144111573696 0.3370330259203911 0.021206092089414597 0.06433616578578949
0 0.8278238885104656 0.36535629630088806 0.03564634174108505 0.09751766920089722
0 0.26391475461423397 0.3733871765434742 0.031676243990659714 0.08300522714853287
0 0.29883006773889065 0.4322577491402626 0.02800006791949272 0.09794612228870392
0 0.1958683282136917 0.3719591274857521 0.024696767330169678 0.06616045534610748
0 0.15695185959339142 0.3267320245504379 0.030240654945373535 0.057737499475479126
0 0.9018733743578196 0.3561413250863552 0.027460385113954544 0.06055723875761032
0 0.6186308860778809 0.8739910274744034 0.05253171920776367 0.25016894936561584
0 0.8743314146995544 0.3492245599627495 0.03281450271606445 0.06070558726787567
0 0.3188288863748312 0.3327672891318798 0.019451212137937546 0.0779934749007225
0 0.12949853017926216 0.32298185490071774 0.03541197627782822 0.04977039620280266
0 0.19255441706627607 0.3530898652970791 0.02720729075372219 0.07343953102827072
0 0.8861574651673436 0.3190520815551281 0.013880634680390358 0.03175773471593857
0 0.33948141941800714 0.293291037902236 0.012539220042526722 0.020627211779356003
