0 0.49072014167904854 0.8492952138185501 0.06674132496118546 0.3007231056690216
0 0.9703427068889141 0.7353983521461487 0.059230707585811615 0.34813809394836426
0 0.2017844021320343 0.43280179053545 0.055162131786346436 0.11714638769626617
0 0.7110947128385305 0.9349075257778168 0.05711407586932182 0.1301845908164978
0 0.4057839699089527 0.8822845742106438 0.07581684738397598 0.23543082177639008
0 0.46753850020468235 0.48212429136037827 0.03958635404706001 0.16540543735027313
0 0.2742888368666172 0.9182373657822609 0.05906102806329727 0.16205580532550812
0 0.349434363655746 0.3869701288640499 0.02118668518960476 0.10102956742048264
0 0.5704263094812632 0.4748314917087555 0.042380381375551224 0.18113857507705688
0 0.3913556821644306 0.38087839260697365 0.03413365036249161 0.07657665759325027
0 0.9859800338745117 0.4341890290379524 0.028039932250976562 0.1194349080324173
0 0.3771488666534424 0.496695376932621 0.04481673240661621 0.19236238300800323
0 0.5457194335758686 0.49086542427539825 0.03859887272119522 0.17860552668571472
0 0.41362863779067993 0.4409152455627918 0.032254934310913086 0.09535310417413712
0 0.3563717007637024 0.8731973618268967 0.06019449234008789 0.2531134784221649
0 0.2643320020288229 0.41534651070833206 0.040364932268857956 0.08817346394062042
0 0.31004691682755947 0.39935190230607986 0.03836364671587944 0.11810775101184845
0 0.2903075162321329 0.3920513466000557 0.03548555448651314 0.09277524054050446
