0 0.22951678186655045 0.8007988780736923 0.07497350871562958 0.23322364687919617
0 0.3956318683922291 0.6395392939448357 0.039482928812503815 0.15703676640987396
0 0.07125359773635864 0.6096414104104042 0.05137594789266586 0.11497743427753448
0 0.21106204949319363 0.5627336502075195 0.04256082698702812 0.11173689365386963
0 0.10829587280750275 0.6826614364981651 0.08958624303340912 0.2221624106168747
0 0.3235918041318655 0.6491762697696686 0.049057792872190475 0.16808098554611206
0 0.24008374847471714 0.6429784968495369 0.051592160016298294 0.1772080808877945
0 0.28266913816332817 0.5816461816430092 0.04157533496618271 0.10608024895191193
0 0.14471760019659996 0.5736712701618671 0.05420055240392685 0.08174226433038712
0 0.2577278343960643 0.5540210567414761 0.030980443581938744 0.06850229948759079
0 0.2784000691026449 0.5248063430190086 0.03397495672106743 0.07326041162014008
0 0.3345661647617817 0.5723884850740433 0.0504818931221962 0.10228398442268372
