0 0.5065895617008209 0.5548787787556648 0.04036092758178711 0.13329662382602692
0 0.3049626648426056 0.481243547052145 0.042333126068115234 0.07678400725126266
0 0.2175999190658331 0.5540105551481247 0.044331204146146774 0.12783202528953552
0 0.2544921934604645 0.5020629987120628 0.023419499397277832 0.09595082700252533
0 0.1456964612007141 0.6795503422617912 0.050898075103759766 0.17501674592494965
0 0.4376371745020151 0.5790026560425758 0.04676942899823189 0.13988550007343292
0 0.3620213810354471 0.6547435894608498 0.04720323160290718 0.20993740856647491
0 0.012168312445282936 0.6631395407021046 0.024336624890565872 0.06479255110025406
0 0.4167660418897867 0.5065375082194805 0.023227263242006302 0.06735899299383163
0 0.3815744575113058 0.5314950868487358 0.031200241297483444 0.06809018552303314
0 0.12001082301139832 0.6022928580641747 0.05606108903884888 0.17822663486003876
0 0.39567651739344 0.4920642450451851 0.014400172047317028 0.039143458008766174
0 0.44915507454425097 0.538064606487751 0.029263639822602272 0.0680023580789566
0 0.13004058599472046 0.6469338834285736 0.07577216625213623 0.1284608244895935
