0 0.8986251465976238 0.62052983045578 0.05401887744665146 0.26690971851348877
0 0.9793895129114389 0.6638531684875488 0.0407746322453022 0.3026055097579956
0 0.7781496271491051 0.8457076102495193 0.12331371009349823 0.30858471989631653
0 0.34486138820648193 0.8373167812824249 0.09650492668151855 0.32536643743515015
0 0.5545291192829609 0.749648779630661 0.054793693125247955 0.3357158303260803
0 0.25988151505589485 0.39175454154610634 0.048470474779605865 0.10938216000795364
0 0.4761351868510246 0.8194368034601212 0.1064029186964035 0.36074474453926086
0 0.5005039572715759 0.42540423572063446 0.03767561912536621 0.1404050886631012
0 0.38862634915858507 0.3503887765109539 0.016840243712067604 0.08790405839681625
0 0.6073704846203327 0.41935741156339645 0.04226956516504288 0.1448545902967453
0 0.4482965115457773 0.40245571732521057 0.031286049634218216 0.08677423000335693
0 0.3117529572919011 0.37707187235355377 0.030341411009430885 0.07892623543739319
0 0.4343953672796488 0.3486061953008175 0.022592831403017044 0.07405846565961838
0 0.5886033531278372 0.42749690264463425 0.03406567499041557 0.14858607947826385
0 0.34033840894699097 0.3775945268571377 0.03777599334716797 0.0818403884768486
0 0.428816843777895 0.47519565373659134 0.03229961544275284 0.11174739897251129
0 0.4153583887964487 0.40260110050439835 0.04365115240216255 0.09651531279087067
0 0.35016700625419617 0.3510395660996437 0.02951490879058838 0.09008140861988068
0 0.41940103098750114 0.43550362810492516 0.05074634402990341 0.11957477778196335
0 0.3233538744971156 0.33230192214250565 0.015039538964629173 0.03734959661960602
