0 0.3909575864672661 0.8161976784467697 0.0915558785200119 0.36478516459465027
0 0.7924937233328819 0.8144911825656891 0.0985589474439621 0.37069040536880493
0 0.9415392391383648 0.6025065705180168 0.05527009814977646 0.24659614264965057
0 0.5843129400163889 0.6938577741384506 0.05187587812542915 0.3131943643093109
0 0.8749287482351065 0.5819927975535393 0.05102558061480522 0.24861972033977509
0 0.5207939632236958 0.7984089851379395 0.08880052715539932 0.4000732898712158
0 0.5210551507771015 0.40686098486185074 0.034412480890750885 0.13217796385288239
0 0.29052736796438694 0.367731437087059 0.043725062161684036 0.08896687626838684
0 0.6317485924810171 0.4067610502243042 0.038803767412900925 0.14476895332336426
0 0.41293919645249844 0.3360041528940201 0.01648564264178276 0.08364531397819519
0 0.45256951451301575 0.43004316836595535 0.05722832679748535 0.1779812127351761
0 0.48414086177945137 0.7377734482288361 0.052848197519779205 0.29211968183517456
0 0.6071353200823069 0.4052582383155823 0.030385781079530716 0.12975448369979858
0 0.4539760947227478 0.33786683715879917 0.022747039794921875 0.05503254011273384
0 0.3500228766351938 0.3695030026137829 0.04753165319561958 0.08115967363119125
0 0.37625898141413927 0.3386060297489166 0.02681424655020237 0.082172691822052
0 0.35927778482437134 0.3465558961033821 0.044860124588012695 0.07993091642856598
