0 0.6213244199752808 0.5093534514307976 0.025315523147583008 0.1286066621541977
0 0.12762278877198696 0.620687946677208 0.048663150519132614 0.15757188200950623
0 0.15249310061335564 0.685727909207344 0.05695012956857681 0.17886915802955627
0 0.02326987311244011 0.709593877196312 0.04653974622488022 0.15492448210716248
0 0.2072763703763485 0.5338208340108395 0.03720887750387192 0.1234053298830986
0 0.2678639478981495 0.5018201768398285 0.034891821444034576 0.10658895969390869
0 0.3155570272356272 0.4527210555970669 0.03246741369366646 0.08907496184110641
0 0.49776688776910305 0.5646685138344765 0.03011913225054741 0.12392731010913849
0 0.5435453532263637 0.5266740545630455 0.023253059014678 0.11170773208141327
0 0.463325435295701 0.5390592701733112 0.023702193051576614 0.08272544294595718
0 0.3478465797379613 0.4336741752922535 0.02585008181631565 0.06215248256921768
0 0.5572625752538443 0.4531090296804905 0.0174376480281353 0.0676875188946724
0 0.48039344511926174 0.45513223484158516 0.024663399904966354 0.06323365122079849
0 0.5058933077380061 0.4510478228330612 0.015990590676665306 0.060248225927352905
0 0.4847107771784067 0.47146764397621155 0.03542618826031685 0.055357277393341064
