0 0.12642306461930275 0.6756623908877373 0.05372900515794754 0.2012643665075302
0 0.7337099090218544 0.6407496929168701 0.06891246140003204 0.22913813591003418
0 0.9042601808905602 0.7348540052771568 0.08506946265697479 0.21643130481243134
0 0.9568654894828796 0.7342196628451347 0.08565044403076172 0.17542754113674164
0 0.1462388876825571 0.5893349200487137 0.03180747106671333 0.13725832104682922
0 0.24935947358608246 0.6174821183085442 0.04056107997894287 0.1594439595937729
0 0.1974397897720337 0.5924951061606407 0.04211956262588501 0.13724975287914276
0 0.3029118776321411 0.5322272032499313 0.033789753913879395 0.13194677233695984
0 0.3773315008729696 0.4539450481534004 0.03572256490588188 0.09035034477710724
0 0.5310873873531818 0.5250613205134869 0.04106555134057999 0.10843154042959213
0 0.4680418372154236 0.5032801479101181 0.053241729736328125 0.08714917302131653
0 0.5554401278495789 0.45810358971357346 0.04505658149719238 0.06981442868709564
0 0.2634026762098074 0.5141496025025845 0.03224153444170952 0.10130970925092697
0 0.9682596325874329 0.6687391214072704 0.06299304962158203 0.11349114030599594
0 0.4262639759108424 0.49541454017162323 0.02487788163125515 0.11027505993843079
0 0.4098373409360647 0.44609857350587845 0.031058143824338913 0.06073082983493805
0 0.5195142384618521 0.44325223565101624 0.03268690034747124 0.06651848554611206
0 0.4171145558357239 0.4609768856316805 0.021057605743408203 0.04511091485619545
0 0.4523702384904027 0.4500178974121809 0.02553429640829563 0.03658765181899071
