0 0.14392505213618279 0.7116170823574066 0.05728050321340561 0.18370670080184937
0 0.12320345267653465 0.6024436205625534 0.051132284104824066 0.13590583205223083
0 0.018410485237836838 0.7138941213488579 0.036820970475673676 0.12875543534755707
0 0.6462624315172434 0.5022336468100548 0.028929997235536575 0.1427743285894394
0 0.288839977234602 0.4873276390135288 0.03691055625677109 0.10164273530244827
0 0.38090930599719286 0.40495867654681206 0.025975489988923073 0.07227172702550888
0 0.2302573174238205 0.5309007130563259 0.046384334564208984 0.1194291040301323
0 0.34553864039480686 0.43487362563610077 0.024891305714845657 0.07944318652153015
0 0.5264538284391165 0.5573206692934036 0.029689978808164597 0.0913102924823761
0 0.473792421631515 0.5270693525671959 0.023889875039458275 0.0862606018781662
0 0.4933850709348917 0.4620051197707653 0.022111225873231888 0.08321889489889145
0 0.5655960915610194 0.5171325206756592 0.023651694878935814 0.07481443881988525
0 0.5165987489745021 0.45736222714185715 0.017896508798003197 0.06322745978832245
