0 0.02036428079009056 0.6902619451284409 0.04072856158018112 0.1315886676311493
0 0.15140424109995365 0.7040241211652756 0.053988683968782425 0.19501754641532898
0 0.6289323922246695 0.508399024605751 0.02598090097308159 0.12931272387504578
0 0.21039780974388123 0.5271157771348953 0.04039645195007324 0.11469629406929016
0 0.5061603840440512 0.5635806173086166 0.029365014284849167 0.12598559260368347
0 0.5495087625458837 0.5190070979297161 0.02285590209066868 0.10979750007390976
0 0.1265486739575863 0.6063243895769119 0.04815337806940079 0.1515806019306183
0 0.3234790563583374 0.44752469286322594 0.030113816261291504 0.08718829602003098
0 0.2720193387940526 0.49170368164777756 0.030240202322602272 0.10375700891017914
0 0.466873025521636 0.5414019152522087 0.024385642260313034 0.09713558852672577
0 0.3554319618269801 0.42004597932100296 0.022939419373869896 0.0636376291513443
0 0.4824015852063894 0.4755894672125578 0.022479962557554245 0.05738648399710655
0 0.5071565387770534 0.4630080386996269 0.014888620004057884 0.07952605187892914
0 0.5624797223135829 0.4599340595304966 0.016081666573882103 0.07529933005571365
0 0.2815514802932739 0.45490474440157413 0.013344883918762207 0.03858723118901253
0 0.3633100329898298 0.38569078873842955 0.011382031254470348 0.025122961029410362
