0 0.7986045852303505 0.7921510487794876 0.07134003937244415 0.4050690233707428
0 0.41624896600842476 0.7745530605316162 0.08429131656885147 0.38967645168304443
0 0.8653637878596783 0.5656466707587242 0.04760398715734482 0.2440897673368454
0 0.9179842956364155 0.5784415453672409 0.056696511805057526 0.24716559052467346
0 0.5492977872490883 0.7716182619333267 0.07724495232105255 0.3916485607624054
0 0.3114114347845316 0.36378760263323784 0.041565585881471634 0.09935285896062851
0 0.6037276275455952 0.6397428661584854 0.04665050655603409 0.23956909775733948
0 0.5338278897106647 0.3971787467598915 0.034293510019779205 0.13353212177753448
0 0.43015486001968384 0.3276999369263649 0.01856064796447754 0.07826735079288483
0 0.6484567169100046 0.39240700751543045 0.03584771230816841 0.12542422115802765
0 0.5074982289224863 0.6777645647525787 0.04703955724835396 0.21391969919204712
0 0.4777339994907379 0.4185195714235306 0.04144430160522461 0.17679938673973083
0 0.6250805258750916 0.39442843198776245 0.030426740646362305 0.12410223484039307
0 0.36736867390573025 0.35670334845781326 0.04598028585314751 0.07630343735218048
0 0.4681913498789072 0.3292897343635559 0.02198343351483345 0.052174270153045654
0 0.39381903409957886 0.33231454715132713 0.023792505264282227 0.07498543709516525
0 0.4535249173641205 0.3956199623644352 0.030967235565185547 0.08631331473588943
0 0.4713340224698186 0.31161378510296345 0.023253822699189186 0.055553946644067764
0 0.38373296335339546 0.3371732048690319 0.03836867958307266 0.07140859216451645
