0 0.014379255830647253 0.6667267307639122 0.02875702641904354 0.10520057380199432
0 0.532051395624876 0.5508354008197784 0.036008261144161224 0.1483299732208252
0 0.3851624969393015 0.6266555041074753 0.041902828961610794 0.19493505358695984
0 0.14950031973421574 0.6653572916984558 0.051786649972200394 0.1556873321533203
0 0.3240254521369934 0.45343620143830776 0.036316752433776855 0.05937499925494194
0 0.22780730202794075 0.5388363990932703 0.036516524851322174 0.059736210852861404
0 0.46241284534335136 0.5557137727737427 0.03702249377965927 0.12688124179840088
0 0.1397408079355955 0.5503588505089283 0.04697157070040703 0.0902283564209938
0 0.26313599944114685 0.49909838661551476 0.022943496704101562 0.06154649704694748
0 0.43408331274986267 0.5151130612939596 0.018845081329345703 0.051141273230314255
0 0.24960617441684008 0.49939153529703617 0.023340249434113503 0.0505157895386219
0 0.40868183970451355 0.5180379096418619 0.02025151252746582 0.05214356258511543
0 0.2661914052441716 0.476129487156868 0.02017238177359104 0.06569841504096985
0 0.41448879847303033 0.4844875205308199 0.014713001437485218 0.03597632423043251
0 0.386300403624773 0.5330869108438492 0.036304689943790436 0.09126684069633484
