0 0.7688999399542809 0.5657172054052353 0.06456594169139862 0.22715941071510315
0 0.5393960103392601 0.5824837982654572 0.06979207694530487 0.24466586112976074
0 0.8604245539754629 0.47286398708820343 0.0447966568171978 0.19830504059791565
0 0.6048947460949421 0.5866369754076004 0.08194909244775772 0.2537555992603302
0 0.7074604146182537 0.34221118688583374 0.03564419597387314 0.10430467128753662
0 0.8254156820476055 0.4685322865843773 0.03807344287633896 0.17711643874645233
0 0.658853005617857 0.5073503479361534 0.04349961131811142 0.13675634562969208
0 0.5860593793913722 0.3558974489569664 0.02144489251077175 0.07620500028133392
0 0.5316421268507838 0.3682117275893688 0.029789304360747337 0.1147979125380516
0 0.684353519231081 0.3384581729769707 0.031693316996097565 0.09210942685604095
0 0.37961286306381226 0.3185528554022312 0.029821038246154785 0.07321429997682571
0 0.5092627946287394 0.3382019028067589 0.028866101056337357 0.07260642945766449
0 0.4747179625555873 0.3003744129091501 0.01929340325295925 0.05087452009320259
0 0.5632868050597608 0.31713752821087837 0.015457677654922009 0.05757901817560196
0 0.44249228201806545 0.29590726271271706 0.02110309526324272 0.06479430943727493
0 0.42215475998818874 0.2993007227778435 0.03109283372759819 0.07035426795482635
0 0.5055527444928885 0.2880311328917742 0.019007157534360886 0.04307151213288307
0 0.3973998548462987 0.32157906517386436 0.025601768866181374 0.07389282435178757
0 0.8378275390714407 0.4046343844383955 0.022051524370908737 0.048764463514089584
0 0.48238555155694485 0.26904786564409733 0.018581818789243698 0.02729000523686409
0 0.5127791222184896 0.3078005127608776 0.02974553033709526 0.06488045305013657
